1	ETH-BIB-Frauenfeld,_Übersicht_aus_2100_m-Inlandflüge-LBS_MH01-002529.tif	Commons:WikiProject Aviation/recent uploads/2016 December 22	Jo-Jo Eumerus	2017-05-07T12:02:15Z
2	ETH-BIB-Frauenfeld_aus_1400_m-Inlandflüge-LBS_MH01-002531.tif	Commons:WikiProject Aviation/recent uploads/2016 December 22	Jo-Jo Eumerus	2017-05-07T12:02:15Z
3	ETH-BIB-Diessenhofen,_Gailingen_v._S._O._aus_200_m-Inlandflüge-LBS_MH01-001847.tif	Commons:WikiProject Aviation/recent uploads/2016 December 15/Overflow 1	Sémhur	2017-02-23T17:29:48Z
4	ETH-BIB-Diessenhofen,_Gailingen-Inlandflüge-LBS_MH01-001846.tif	Commons:WikiProject Aviation/recent uploads/2016 December 15/Overflow 1	Sémhur	2017-02-23T17:29:48Z
5	ETH-BIB-Frauenfeld,_Zentrum_aus_400_m-Inlandflüge-LBS_MH01-000634.tif	Commons:WikiProject Aviation/recent uploads/2016 December 15	Jasonanaggie	2017-01-08T14:15:24Z
6	ETH-BIB-Frauenfeld_v._O._aus_800_m-Inlandflüge-LBS_MH01-000648.tif	Commons:WikiProject Aviation/recent uploads/2016 December 15	Jasonanaggie	2017-01-08T14:15:24Z
7	ETH-BIB-Kreuzlingen_m._Konstanz,_Hafen_aus_200_m-Inlandflüge-LBS_MH01-001877.tif	Commons:WikiProject Aviation/recent uploads/2016 December 15/Overflow 1	Sémhur	2017-02-23T17:29:48Z
8	ETH-BIB-Kreuzlingen,_Bahnhof-Inlandflüge-LBS_MH01-001879.tif	Commons:WikiProject Aviation/recent uploads/2016 December 15/Overflow 1	Sémhur	2017-02-23T17:29:48Z
9	ETH-BIB-Kreuzlingen,_Seminar_aus_100_m-Inlandflüge-LBS_MH01-001876.tif	Commons:WikiProject Aviation/recent uploads/2016 December 15/Overflow 1	Sémhur	2017-02-23T17:29:48Z
10	ETH-BIB-Ste-Inlandflüge-4577.tif	Commons:WikiProject Aviation/recent uploads/2016 December 15/Overflow 1	Sémhur	2017-02-23T17:29:48Z
11	ETH-BIB-Steckborn_aus_100_m-Inlandflüge-LBS_MH01-001874.tif	Commons:WikiProject Aviation/recent uploads/2016 December 15/Overflow 1	Sémhur	2017-02-23T17:29:48Z
12	ETH-BIB-Steckborn_aus_100_m-Inlandflüge-LBS_MH01-001872.tif	Commons:WikiProject Aviation/recent uploads/2016 December 15/Overflow 1	Sémhur	2017-02-23T17:29:48Z
13	ETH-BIB-Steckborn_v._S._aus_200_m-Inlandflüge-LBS_MH01-001836.tif	Commons:WikiProject Aviation/recent uploads/2016 December 15/Overflow 1	Sémhur	2017-02-23T17:29:48Z
14	ETH-BIB-Bremgarten_an_der_Reuss-Inlandflüge-LBS_MH01-000231-01.tif	Commons:WikiProject Aviation/recent uploads/2016 December 15	Jasonanaggie	2017-01-08T14:15:24Z
15	ETH-BIB-Frauenfeld,_Übersicht_aus_2100_m-Inlandflüge-LBS_MH01-002529.tif	Commons:WikiProject Aviation/recent uploads/2016 December 22	Jo-Jo Eumerus	2017-05-07T12:02:15Z
16	ETH-BIB-Frauenfeld_aus_1400_m-Inlandflüge-LBS_MH01-002531.tif	Commons:WikiProject Aviation/recent uploads/2016 December 22	Jo-Jo Eumerus	2017-05-07T12:02:15Z
17	ETH-BIB-Diessenhofen,_Gailingen_v._S._O._aus_200_m-Inlandflüge-LBS_MH01-001847.tif	Commons:WikiProject Aviation/recent uploads/2016 December 15/Overflow 1	Sémhur	2017-02-23T17:29:48Z
18	ETH-BIB-Diessenhofen,_Gailingen-Inlandflüge-LBS_MH01-001846.tif	Commons:WikiProject Aviation/recent uploads/2016 December 15/Overflow 1	Sémhur	2017-02-23T17:29:48Z
19	ETH-BIB-Frauenfeld,_Zentrum_aus_400_m-Inlandflüge-LBS_MH01-000634.tif	Commons:WikiProject Aviation/recent uploads/2016 December 15	Jasonanaggie	2017-01-08T14:15:24Z
20	ETH-BIB-Frauenfeld_v._O._aus_800_m-Inlandflüge-LBS_MH01-000648.tif	Commons:WikiProject Aviation/recent uploads/2016 December 15	Jasonanaggie	2017-01-08T14:15:24Z
21	ETH-BIB-Kreuzlingen_m._Konstanz,_Hafen_aus_200_m-Inlandflüge-LBS_MH01-001877.tif	Commons:WikiProject Aviation/recent uploads/2016 December 15/Overflow 1	Sémhur	2017-02-23T17:29:48Z
22	ETH-BIB-Kreuzlingen,_Bahnhof-Inlandflüge-LBS_MH01-001879.tif	Commons:WikiProject Aviation/recent uploads/2016 December 15/Overflow 1	Sémhur	2017-02-23T17:29:48Z
23	ETH-BIB-Kreuzlingen,_Seminar_aus_100_m-Inlandflüge-LBS_MH01-001876.tif	Commons:WikiProject Aviation/recent uploads/2016 December 15/Overflow 1	Sémhur	2017-02-23T17:29:48Z
24	ETH-BIB-Ste-Inlandflüge-4577.tif	Commons:WikiProject Aviation/recent uploads/2016 December 15/Overflow 1	Sémhur	2017-02-23T17:29:48Z
25	ETH-BIB-Steckborn_aus_100_m-Inlandflüge-LBS_MH01-001874.tif	Commons:WikiProject Aviation/recent uploads/2016 December 15/Overflow 1	Sémhur	2017-02-23T17:29:48Z
26	ETH-BIB-Steckborn_aus_100_m-Inlandflüge-LBS_MH01-001872.tif	Commons:WikiProject Aviation/recent uploads/2016 December 15/Overflow 1	Sémhur	2017-02-23T17:29:48Z
27	ETH-BIB-Steckborn_v._S._aus_200_m-Inlandflüge-LBS_MH01-001836.tif	Commons:WikiProject Aviation/recent uploads/2016 December 15/Overflow 1	Sémhur	2017-02-23T17:29:48Z
28	ETH-BIB-Bremgarten_an_der_Reuss-Inlandflüge-LBS_MH01-000231-01.tif	Commons:WikiProject Aviation/recent uploads/2016 December 15	Jasonanaggie	2017-01-08T14:15:24Z
29	ETH-BIB-Berlingen,_Untersee_aus_100_m-Inlandflüge-LBS_MH01-001871.tif	Commons:WikiProject Aviation/recent uploads/2016 December 15/Overflow 1	Sémhur	2017-02-23T17:29:48Z
30	ETH-BIB-Bürglen_(Thurgau)_aus_500_m-Inlandflüge-LBS_MH01-000548.tif	Commons:WikiProject Aviation/recent uploads/2016 December 15	Jasonanaggie	2017-01-08T14:15:24Z
31	ETH-BIB-Bürglen_(Thurgau)_v._S._aus_500_m-Inlandflüge-LBS_MH01-000641.tif	Commons:WikiProject Aviation/recent uploads/2016 December 15	Jasonanaggie	2017-01-08T14:15:24Z
32	ETH-BIB-Bürglen_(Thurgau)_v._S._O._aus_600_m-Inlandflüge-LBS_MH01-000642.tif	Commons:WikiProject Aviation/recent uploads/2016 December 15	Jasonanaggie	2017-01-08T14:15:24Z
33	ETH-BIB-Ermatingen,_Stad_aus_100_m-Inlandflüge-LBS_MH01-001866.tif	Commons:WikiProject Aviation/recent uploads/2016 December 15/Overflow 1	Sémhur	2017-02-23T17:29:48Z
34	ETH-BIB-Gottlieben,_Untersee_aus_100_m-Inlandflüge-LBS_MH01-001881.tif	Commons:WikiProject Aviation/recent uploads/2016 December 15/Overflow 1	Sémhur	2017-02-23T17:29:48Z
35	ETH-BIB-Mammern_v._O._aus_100_m-Inlandflüge-LBS_MH01-001837.tif	Commons:WikiProject Aviation/recent uploads/2016 December 15/Overflow 1	Sémhur	2017-02-23T17:29:48Z
36	ETH-BIB-Mammern_aus_100_m-Inlandflüge-LBS_MH01-001838.tif	Commons:WikiProject Aviation/recent uploads/2016 December 15/Overflow 1	Sémhur	2017-02-23T17:29:48Z
37	ETH-BIB-Rickenbach_bei_Wil_v._O._aus_300_m-Inlandflüge-LBS_MH01-001924.tif	Commons:WikiProject Aviation/recent uploads/2016 December 15/Overflow 1	Sémhur	2017-02-23T17:29:48Z
38	ETH-BIB-Mammern_am_Untersee_aus_100_m-Inlandflüge-LBS_MH01-001852.tif	Commons:WikiProject Aviation/recent uploads/2016 December 15/Overflow 1	Sémhur	2017-02-23T17:29:48Z
39	ETH-BIB-Weinfelden,_Bahnhof_v._S._aus_300_m-Inlandflüge-LBS_MH01-000636.tif	Commons:WikiProject Aviation/recent uploads/2016 December 15	Jasonanaggie	2017-01-08T14:15:24Z
40	ETH-BIB-Weinfelden_v._S._O._aus_600_m-Inlandflüge-LBS_MH01-000640.tif	Commons:WikiProject Aviation/recent uploads/2016 December 15	Jasonanaggie	2017-01-08T14:15:24Z
41	ETH-BIB-Weinfelden_v._S._O._aus_500_m-Inlandflüge-LBS_MH01-000638.tif	Commons:WikiProject Aviation/recent uploads/2016 December 15	Jasonanaggie	2017-01-08T14:15:24Z
42	ETH-BIB-Weinfelden_v._S._aus_300_m-Inlandflüge-LBS_MH01-000639.tif	Commons:WikiProject Aviation/recent uploads/2016 December 15	Jasonanaggie	2017-01-08T14:15:24Z
43	ETH-BIB-Weinfelden_v._S._aus_400_m-Inlandflüge-LBS_MH01-000637.tif	Commons:WikiProject Aviation/recent uploads/2016 December 15	Jasonanaggie	2017-01-08T14:15:24Z
44	ETH-BIB-Bischofszell_v._S._W._aus_800_m-Inlandflüge-LBS_MH01-000650.tif	Commons:WikiProject Aviation/recent uploads/2016 December 15	Jasonanaggie	2017-01-08T14:15:24Z
45	ETH-BIB-Bischofszell_v._W._aus_500_m-Inlandflüge-LBS_MH01-000613.tif	Commons:WikiProject Aviation/recent uploads/2016 December 15	Jasonanaggie	2017-01-08T14:15:24Z
46	ETH-BIB-Mannenbach-Salenstein_am_Untersee_aus_200_m-Inlandflüge-LBS_MH01-001869.tif	Commons:WikiProject Aviation/recent uploads/2016 December 15/Overflow 1	Sémhur	2017-02-23T17:29:48Z
47	ETH-BIB-Lugano,_Zentrum_aus_50_m-Inlandflüge-LBS_MH01-001989.tif	Commons:WikiProject Aviation/recent uploads/2016 December 15/Overflow 1	Sémhur	2017-02-23T17:29:48Z
48	ETH-BIB-Thun,_Übersicht_mit_Flugzeug_v._S._O._aus_300_m-Inlandflüge-LBS_MH01-001184.tif	Commons:WikiProject Aviation/recent uploads/2016 December 15/Overflow 1	Sémhur	2017-02-23T17:29:48Z
49	ETH-BIB-Wattwil_aus_200_m-Inlandflüge-LBS_MH01-001915.tif	Commons:WikiProject Aviation/recent uploads/2016 December 15/Overflow 1	Sémhur	2017-02-23T17:29:48Z
50	ETH-BIB-Yverdon_v._N._W.-Inlandflüge-LBS_MH01-000781.tif	Commons:WikiProject Aviation/recent uploads/2016 December 15	Jasonanaggie	2017-01-08T14:15:24Z
51	ETH-BIB-Arbon,_Fabrikquartier_aus_50_m-Inlandflüge-LBS_MH01-002321.tif	Commons:WikiProject Aviation/recent uploads/2016 December 22	Jo-Jo Eumerus	2017-05-07T12:02:15Z
52	ETH-BIB-Arbon,_Fabrikquartier_aus_50_m-Inlandflüge-LBS_MH01-002322.tif	Commons:WikiProject Aviation/recent uploads/2016 December 22	Jo-Jo Eumerus	2017-05-07T12:02:15Z
53	ETH-BIB-Zug,_Bundesplatz,_nördlicher_Teil_aus_300_m-Inlandflüge-LBS_MH01-002245.tif	Commons:WikiProject Aviation/recent uploads/2016 December 22	Jo-Jo Eumerus	2017-05-07T12:02:15Z
54	ETH-BIB-Konstanz,_Hafen_v._S._aus_300_m-Inlandflüge-LBS_MH01-001880.tif	Commons:WikiProject Aviation/recent uploads/2016 December 15/Overflow 1	Sémhur	2017-02-23T17:29:48Z
55	ETH-BIB-Frauenfeld,_Stadtkirche_aus_400_m-Inlandflüge-LBS_MH01-000633.tif	Commons:WikiProject Aviation/recent uploads/2016 December 15	Jasonanaggie	2017-01-08T14:15:24Z
56	ETH-BIB-Arbon,_Schloss_Arbon_mit_Kirche,_Bodensee_aus_30_m-Inlandflüge-LBS_MH01-002320.tif	Commons:WikiProject Aviation/recent uploads/2016 December 22	Jo-Jo Eumerus	2017-05-07T12:02:15Z
57	ETH-BIB-Frauenfeld_v._S._W._aus_300_m-Inlandflüge-LBS_MH01-002607.tif	Commons:WikiProject Aviation/recent uploads/2016 December 22	Jo-Jo Eumerus	2017-05-07T12:02:15Z
58	ETH-BIB-Frauenfeld_v._S._aus_200_m-Inlandflüge-LBS_MH01-002606.tif	Commons:WikiProject Aviation/recent uploads/2016 December 22	Jo-Jo Eumerus	2017-05-07T12:02:15Z
59	ETH-BIB-Horn_mit_Bad_aus_100_m-Inlandflüge-LBS_MH01-002684.tif	Commons:WikiProject Aviation/recent uploads/2016 December 22	Jo-Jo Eumerus	2017-05-07T12:02:15Z
60	ETH-BIB-Wängi_bei_Matzingen_v._S._W._aus_200_m-Inlandflüge-LBS_MH01-002431.tif	Commons:WikiProject Aviation/recent uploads/2016 December 22	Jo-Jo Eumerus	2017-05-07T12:02:15Z
61	ETH-BIB-Fischingen_aus_500_m-Inlandflüge-LBS_MH01-002678.tif	Commons:WikiProject Aviation/recent uploads/2016 December 22	Jo-Jo Eumerus	2017-05-07T12:02:15Z
62	ETH-BIB-Horn,_Bahnhof_aus_100_m-Inlandflüge-LBS_MH01-002685.tif	Commons:WikiProject Aviation/recent uploads/2016 December 22	Jo-Jo Eumerus	2017-05-07T12:02:15Z
63	ETH-BIB-Wängi_bei_Matzigen_aus_200_m-Inlandflüge-LBS_MH01-002633.tif	Commons:WikiProject Aviation/recent uploads/2016 December 22	Jo-Jo Eumerus	2017-05-07T12:02:15Z
64	ETH-BIB-Matzingen_aus_200_m-Inlandflüge-LBS_MH01-002671.tif	Commons:WikiProject Aviation/recent uploads/2016 December 22	Jo-Jo Eumerus	2017-05-07T12:02:15Z
65	ETH-BIB-Wettingen_aus_100_m-Inlandflüge-LBS_MH01-002217.tif	Commons:WikiProject Aviation/recent uploads/2016 December 22	Jo-Jo Eumerus	2017-05-07T12:02:15Z
66	ETH-BIB-Konstanz,_Rheineinmündung_aus_300_m-Inlandflüge-LBS_MH01-002696.tif	Commons:WikiProject Aviation/recent uploads/2016 December 22	Jo-Jo Eumerus	2017-05-07T12:02:15Z
67	ETH-BIB-Beinwil_am_See,_Hallwilersee-Inlandflüge-LBS_MH01-002640.tif	Commons:WikiProject Aviation/recent uploads/2016 December 22	Jo-Jo Eumerus	2017-05-07T12:02:15Z
68	ETH-BIB-Dussnang,_Oberwangen_aus_800_m-Inlandflüge-LBS_MH01-002677.tif	Commons:WikiProject Aviation/recent uploads/2016 December 22	Jo-Jo Eumerus	2017-05-07T12:02:15Z
69	ETH-BIB-Horn_aus_100_m-Inlandflüge-LBS_MH01-002338.tif	Commons:WikiProject Aviation/recent uploads/2016 December 22	Jo-Jo Eumerus	2017-05-07T12:02:15Z
70	ETH-BIB-Alkenfjell_(Ostküste_Neufriesland)_Hinlopenstrasse_-_Nordostland_von_Westen_aus_2000_m_Höhe-Spitzbergenflug_1923-LBS_MH02-01-0018-A.tif	User:DrTrigon/logs/eth-bib	DrTrigon	2016-08-05T01:39:38Z
71	ETH-BIB-Alkhorn_mit_Ymerhafen_und_Nordfjord_von_Süd-Westen_aus_600_m_Höhe-Spitzbergenflug_1923-LBS_MH02-01-0044.tif	User:DrTrigon/logs/eth-bib	DrTrigon	2016-08-05T01:39:38Z
72	ETH-BIB-Alkhorn_mit_Ymerhafen_und_Nordfjord_von_Süd-Westen_aus_600_m_Höhe-Spitzbergenflug_1923-LBS_MH02-01-0044.tif	Category:Media contributed by the ETH-Bibliothek/Reports/most edited	Faebot	2016-12-14T05:37:20Z
73	ETH-BIB-Luftbild_von_Svalbard-Spitzbergenflug_1923-LBS_MH02-01-0033-A.tif	User:DrTrigon/logs/eth-bib	DrTrigon	2016-08-05T01:39:38Z
74	ETH-BIB-Junkers_Spitzbergen_Expedition,_Aufnahme_mit_Goerz_Kamera_und_Goerz_Dogmar_1-4,5-Spitzbergenflug_1923-LBS_MH02-01-0082.tif	User:DrTrigon/logs/eth-bib	DrTrigon	2016-08-05T01:39:38Z
75	ETH-BIB-Junkers_Spitzbergen_Expedition,_Aufnahme_mit_Goerz_Kamera_und_Goerz_Dogmar_1-4,5-Spitzbergenflug_1923-LBS_MH02-01-0082.tif	Category:Media contributed by the ETH-Bibliothek/Reports/most edited	Faebot	2016-12-14T05:37:20Z
76	ETH-BIB-Green-Harbour,_Kohlenstation_aus_800_m_Höhe-Spitzbergenflug_1923-LBS_MH02-01-0007.tif	User:DrTrigon/logs/eth-bib	DrTrigon	2016-08-05T01:39:38Z
77	ETH-BIB-Schiff_im_Hafen_von_Green_Harbour-Spitzbergenflug_1923-LBS_MH02-01-0050.tif	User:DrTrigon/logs/eth-bib	DrTrigon	2016-08-05T01:39:38Z
78	ETH-BIB-Boregletscher_mit_Mt._Syltoppen_von_Süd-Westen_aus_1400_m_Höhe-Spitzbergenflug_1923-LBS_MH02-01-0003-A.tif	User:DrTrigon/logs/eth-bib	DrTrigon	2016-08-05T01:39:38Z
79	ETH-BIB-Esmarkgletscher_mit_Tundra_Erdmann_und_Boheman_und_Nordfjord_von_Süden_aus_1000_m_Höhe-Spitzbergenflug_1923-LBS_MH02-01-0048.tif	User:DrTrigon/logs/eth-bib	DrTrigon	2016-08-05T01:39:38Z
80	ETH-BIB-Yamerhafen-Esmarkgletscher-Vermlandkette_von_Osten_aus_800_m_Höhe-Spitzbergenflug_1923-LBS_MH02-01-0010.tif	User:DrTrigon/logs/eth-bib	DrTrigon	2016-08-05T01:39:38Z
81	ETH-BIB-Yamerhafen-Esmarkgletscher-Vermlandkette_von_Osten_aus_800_m_Höhe-Spitzbergenflug_1923-LBS_MH02-01-0010.tif	Category:Media contributed by the ETH-Bibliothek/Reports/most edited	Faebot	2016-12-14T05:37:20Z
82	ETH-BIB-Funkstation_(alte_Walfangstation)_von_Green_Harbour-Spitzbergenflug_1923-LBS_MH02-01-0054.tif	User:DrTrigon/logs/eth-bib	DrTrigon	2016-08-05T01:39:38Z
83	ETH-BIB-Green_Harbourfjord_von_Norden_aus_800_m_Höhe-Spitzbergenflug_1923-LBS_MH02-01-0016-A.tif	User:DrTrigon/logs/eth-bib	DrTrigon	2016-08-05T01:39:38Z
84	ETH-BIB-Green_Harbourfjord_von_Norden_aus_800_m_Höhe-Spitzbergenflug_1923-LBS_MH02-01-0016-A.tif	Category:Media contributed by the ETH-Bibliothek/Reports/most edited	Faebot	2016-12-14T05:37:20Z
85	ETH-BIB-Lommebai_mit_Hinlopenstrasse-Andréeland_von_Süden_aus_1800_m_Höhe-Spitzbergenflug_1923-LBS_MH02-01-0010-A.tif	User:DrTrigon/logs/eth-bib	DrTrigon	2016-08-05T01:39:38Z
86	ETH-BIB-Ostküste_von_Neufriesland_zur_Hinlopenstrasse_von_Süd-Westen_aus_2000_m_Höhe-Spitzbergenflug_1923-LBS_MH02-01-0015-A.tif	User:DrTrigon/logs/eth-bib	DrTrigon	2016-08-05T01:39:38Z
87	ETH-BIB-Hinlopenstrasse_-_Nordostland_von_Westen_aus_2000_m_Höhe-Spitzbergenflug_1923-LBS_MH02-01-0019-A.tif	User:DrTrigon/logs/eth-bib	DrTrigon	2016-08-05T01:39:38Z
88	ETH-BIB-Hinlopenstrasse_-_Nordostland_Flache_Spitze_von_Westen_aus_2200_m_Höhe-Spitzbergenflug_1923-LBS_MH02-01-0021-A.tif	User:DrTrigon/logs/eth-bib	DrTrigon	2016-08-05T01:39:38Z
89	ETH-BIB-Hinlopenstrasse_-_Nordostland_und_Ostküste_von_Spitzbergen_von_Norden_aus_2200_m_Höhe-Spitzbergenflug_1923-LBS_MH02-01-0023-A.tif	User:DrTrigon/logs/eth-bib	DrTrigon	2016-08-05T01:39:38Z
90	ETH-BIB-Hammerfest_(Kaufhäuser)_aus_100_m_Höhe-Spitzbergenflug_1923-LBS_MH02-01-0059.tif	User:DrTrigon/logs/eth-bib	DrTrigon	2016-08-05T01:39:38Z
91	ETH-BIB-Hammerfest_(Kaufhäuser)_aus_100_m_Höhe-Spitzbergenflug_1923-LBS_MH02-01-0059.tif	Category:Media contributed by the ETH-Bibliothek/Reports/most edited	Faebot	2016-12-14T05:37:20Z
92	ETH-BIB-Hammerfest_aus_200m_Höhe-Spitzbergenflug_1923-LBS_MH02-01-0056.tif	User:DrTrigon/logs/eth-bib	DrTrigon	2016-08-05T01:39:38Z
93	ETH-BIB-Fjord_von_Hammerfest_aus_200_m_Höhe-Spitzbergenflug_1923-LBS_MH02-01-0063.tif	User:DrTrigon/logs/eth-bib	DrTrigon	2016-08-05T01:39:38Z
94	ETH-BIB-Fjord_von_Hammerfest_aus_200_m_Höhe-Spitzbergenflug_1923-LBS_MH02-01-0063.tif	Category:Media contributed by the ETH-Bibliothek/Reports/most edited	Faebot	2016-12-14T05:37:20Z
95	ETH-BIB-Hammerfest_(Kaufhäuser)_aus_100_m_Höhe-Spitzbergenflug_1923-LBS_MH02-01-0058-AL-FL.tif	User:DrTrigon/logs/eth-bib	DrTrigon	2016-08-05T01:39:38Z
96	ETH-BIB-Hammerfest_(Kaufhäuser)_aus_100_m_Höhe-Spitzbergenflug_1923-LBS_MH02-01-0058-AL-FL.tif	Category:Media contributed by the ETH-Bibliothek/Reports/most edited	Faebot	2016-12-14T05:37:20Z
97	ETH-BIB-Hammerfest_(Kaufhäuser)_aus_100_m_Höhe-Spitzbergenflug_1923-LBS_MH02-01-0058-AL-FL.tif	Category:Media contributed by the ETH-Bibliothek/Reports/wikimedia usage	Faebot	2017-04-24T05:09:06Z
98	ETH-BIB-Fjord_von_Hammerfest_200_m.-Spitzbergenflug_1923-LBS_MH02-01-0061-AL-FL.tif	User:DrTrigon/logs/eth-bib	DrTrigon	2016-08-05T01:39:38Z
99	ETH-BIB-Fjord_von_Hammerfest_200_m.-Spitzbergenflug_1923-LBS_MH02-01-0061-AL-FL.tif	Category:Media contributed by the ETH-Bibliothek/Reports/most edited	Faebot	2016-12-14T05:37:20Z
100	ETH-BIB-Hammerfest_aus_200_m_Höhe-Spitzbergenflug_1923-LBS_MH02-01-0057-AL-FL.tif	User:DrTrigon/logs/eth-bib	DrTrigon	2016-08-05T01:39:38Z
101	ETH-BIB-Hammerfest_aus_100_m_Höhe-Spitzbergenflug_1923-LBS_MH02-01-0060.tif	User:DrTrigon/logs/eth-bib	DrTrigon	2016-08-05T01:39:38Z
102	ETH-BIB-Fjord_von_Hammerfest_aus_200_m_Höhe-Spitzbergenflug_1923-LBS_MH02-01-0062.tif	User:DrTrigon/logs/eth-bib	DrTrigon	2016-08-05T01:39:38Z
103	ETH-BIB-Kingsbai_mit_Kohlenmine,_Englischbai_und_Prinz_Karl_Vorland_von_Norden_aus_1700_m_Höhe-Spitzbergenflug_1923-LBS_MH02-01-0032.tif	User:DrTrigon/logs/eth-bib	DrTrigon	2016-08-05T01:39:38Z
104	ETH-BIB-Kingsbai_mit_Kohlenmine,_Englischbai_und_Prinz_Karl_Vorland_von_Norden_aus_1700_m_Höhe-Spitzbergenflug_1923-LBS_MH02-01-0032.tif	Category:Media contributed by the ETH-Bibliothek/Reports/most edited	Faebot	2016-12-14T05:37:20Z
105	ETH-BIB-Kingsbai_mit_Zeppelinhafen_und_Prinz_Karl_Vorland_von_Nord-Osten_aus_1700_m_Höhe-Spitzbergenflug_1923-LBS_MH02-01-0040-A.tif	User:DrTrigon/logs/eth-bib	DrTrigon	2016-08-05T01:39:38Z
106	ETH-BIB-Kingsbai_mit_Zeppelinhafen_und_Prinz_Karl_Vorland_von_Nord-Osten_aus_1700_m_Höhe-Spitzbergenflug_1923-LBS_MH02-01-0040-A.tif	Category:Media contributed by the ETH-Bibliothek/Reports/most edited	Faebot	2016-12-14T05:37:20Z
107	ETH-BIB-Crossbai_mit_Abeltofthafen_-_Kap_Mitra_von_Nord-Osten_aus_1600_m_Höhe-Spitzbergenflug_1923-LBS_MH02-01-0036-A.tif	User:DrTrigon/logs/eth-bib	DrTrigon	2016-08-05T01:39:38Z
108	ETH-BIB-Crossbai_mit_Abeltofthafen_-_Kap_Mitra_von_Nord-Osten_aus_1600_m_Höhe-Spitzbergenflug_1923-LBS_MH02-01-0036-A.tif	Category:Media contributed by the ETH-Bibliothek/Reports/most edited	Faebot	2016-12-14T05:37:20Z
109	ETH-BIB-Kingsbai_mit_Quade_Huk_und_Prinz_Karl_Vorland_von_Norden_aus_1700_m_Höhe-Spitzbergenflug_1923-LBS_MH02-01-0038.tif	User:DrTrigon/logs/eth-bib	DrTrigon	2016-08-05T01:39:38Z
110	ETH-BIB-Kingsbai_mit_Quade_Huk_und_Prinz_Karl_Vorland_von_Norden_aus_1700_m_Höhe-Spitzbergenflug_1923-LBS_MH02-01-0038.tif	Category:Media contributed by the ETH-Bibliothek/Reports/most edited	Faebot	2016-12-14T05:37:20Z
111	ETH-BIB-Kingsgletscher_mit_Kingsbai_und_Blomstrand_von_Osten_aus_1700_m_Höhe-Spitzbergenflug_1923-LBS_MH02-01-0039.tif	User:DrTrigon/logs/eth-bib	DrTrigon	2016-08-05T01:39:38Z
112	ETH-BIB-Kingsbai_mit_Kingsgletscher_und_Lovenfirnen_von_Osten_aus_1700_m_Höhe-Spitzbergenflug_1923-LBS_MH02-01-0041.tif	User:DrTrigon/logs/eth-bib	DrTrigon	2016-08-05T01:39:38Z
113	ETH-BIB-Lilliehöökgletscher_mit_Crossbai_Huk_und_Prinz_Karl_Vorland_von_Norden_aus_1600_m_Höhe-Spitzbergenflug_1923-LBS_MH02-01-0034.tif	User:DrTrigon/logs/eth-bib	DrTrigon	2016-08-05T01:39:38Z
114	ETH-BIB-Lilliehöökgletscher_mit_Crossbai_Huk_und_Prinz_Karl_Vorland_von_Norden_aus_1600_m_Höhe-Spitzbergenflug_1923-LBS_MH02-01-0034.tif	Category:Media contributed by the ETH-Bibliothek/Reports/most edited	Faebot	2016-12-14T05:37:20Z
115	ETH-BIB-Cross-_und_Möllerbai_mit_König_Haakon_Berg_und_Lilliehookgletscher_von_Süden_aus_1600_m_Höhe-Spitzbergenflug_1923-LBS_MH02-01-0035.tif	User:DrTrigon/logs/eth-bib	DrTrigon	2016-08-05T01:39:38Z
116	ETH-BIB-Cross-_und_Möllerbai_mit_König_Haakon_Berg_und_Lilliehookgletscher_von_Süden_aus_1600_m_Höhe-Spitzbergenflug_1923-LBS_MH02-01-0035.tif	Category:Media contributed by the ETH-Bibliothek/Reports/most edited	Faebot	2016-12-14T05:37:20Z
117	ETH-BIB-Carsbai,_Vorlandsund,_Prinz_Karl_Vorland_mit_Mt._Monaca_von_Osten-Spitzbergenflug_1923-LBS_MH02-01-0036.tif	User:DrTrigon/logs/eth-bib	DrTrigon	2016-08-05T01:39:38Z
118	ETH-BIB-Carsbai,_Vorlandsund,_Prinz_Karl_Vorland_mit_Mt._Monaca_von_Osten-Spitzbergenflug_1923-LBS_MH02-01-0036.tif	Category:Media contributed by the ETH-Bibliothek/Reports/most edited	Faebot	2016-12-14T05:37:20Z
119	ETH-BIB-Mt._Holta_mit_Prinz_Karl_Vorland,_Mt._Monaco_von_Nord-Osten_aus_1200_m_Höhe-Spitzbergenflug_1923-LBS_MH02-01-0037.tif	User:DrTrigon/logs/eth-bib	DrTrigon	2016-08-05T01:39:38Z
120	ETH-BIB-Newtontoppen_(Chrydeniusgebirge)_von_Norden_aus_1700_m_Höhe-Spitzbergenflug_1923-LBS_MH02-01-0013-A.tif	User:DrTrigon/logs/eth-bib	DrTrigon	2016-08-05T01:39:38Z
121	ETH-BIB-Panorama_von_Tromsdalstind_oberhalb_Tromsö_(Norwegen)-Spitzbergenflug_1923-LBS_MH02-01-0003.tif	User:DrTrigon/logs/eth-bib	DrTrigon	2016-08-05T01:39:38Z
122	ETH-BIB-Panorama_von_Tromsdalstind_oberhalb_Tromsö_(Norwegen)-Spitzbergenflug_1923-LBS_MH02-01-0002.tif	User:DrTrigon/logs/eth-bib	DrTrigon	2016-08-05T01:39:38Z
123	ETH-BIB-Panorama_von_Tromsdalstind_oberhalb_Tromsö_(Norwegen)-Spitzbergenflug_1923-LBS_MH02-01-0001-AL-FL.tif	User:DrTrigon/logs/eth-bib	DrTrigon	2016-08-05T01:39:38Z
124	ETH-BIB-Panorama_von_Tromsdalstind_oberhalb_Tromsö_(Norwegen)-Spitzbergenflug_1923-LBS_MH02-01-0006.tif	User:DrTrigon/logs/eth-bib	DrTrigon	2016-08-05T01:39:38Z
125	ETH-BIB-Mt._Svea_von_Norden_aus_1200_m_Höhe-Spitzbergenflug_1923-LBS_MH02-01-0008.tif	User:DrTrigon/logs/eth-bib	DrTrigon	2016-08-05T01:39:38Z
126	ETH-BIB-Panorama_von_Tromsdalstind_oberhalb_Tromsö_(Norwegen)-Spitzbergenflug_1923-LBS_MH02-01-0005.tif	User:DrTrigon/logs/eth-bib	DrTrigon	2016-08-05T01:39:38Z
127	ETH-BIB-Rentierhalbinsel-Broadbai-Albert_I_Halbinsel_von_Osten_aus_2000_m_Höhe-Spitzbergenflug_1923-LBS_MH02-01-0009.tif	User:DrTrigon/logs/eth-bib	DrTrigon	2016-08-05T01:39:38Z
128	ETH-BIB-Lommebai_von_Norden_aus_2200_m_Höhe-Spitzbergenflug_1923-LBS_MH02-01-0011.tif	User:DrTrigon/logs/eth-bib	DrTrigon	2016-08-05T01:39:38Z
129	ETH-BIB-Chydeniusgebirge_(Neufriesland)_aus_1700_m_Höhe-Spitzbergenflug_1923-LBS_MH02-01-0012-A.tif	User:DrTrigon/logs/ETH-Bib/01	DrTrigon	2016-07-08T19:32:12Z
130	ETH-BIB-St._Johnbai_mit_Kp._Müller_Vorlandebene_von_Nord-Osten_aus_1400_m_Höhe-Spitzbergenflug_1923-LBS_MH02-01-0014.tif	User:DrTrigon/logs/eth-bib	DrTrigon	2016-08-05T01:39:38Z
131	ETH-BIB-Konowgletscher_mit_Lövenkioldplateau_von_Süd-Westen_aus_1200_m_Höhe-Spitzbergenflug_1923-LBS_MH02-01-0012.tif	User:DrTrigon/logs/eth-bib	DrTrigon	2016-08-05T01:39:38Z
132	ETH-BIB-Horbye-Gletscher_(Quartier_Culm)_von_Osten_aus_1400_m_Höhe-Spitzbergenflug_1923-LBS_MH02-01-0013.tif	User:DrTrigon/logs/eth-bib	DrTrigon	2016-08-05T01:39:38Z
133	ETH-BIB-Ekmanbai-Corsinsel-Sefström_und_Holströmgletscher_von_Süden_aus_800_m_Höhe-Spitzbergenflug_1923-LBS_MH02-01-0017.tif	User:DrTrigon/logs/eth-bib	DrTrigon	2016-08-05T01:39:38Z
134	ETH-BIB-Ekman_und_Dicksonbai_mit_Teistefjell_von_Süd-Osten_aus_1000_m_Höhe-Spitzbergenflug_1923-LBS_MH02-01-0016.tif	User:DrTrigon/logs/eth-bib	DrTrigon	2016-08-05T01:39:38Z
135	ETH-BIB-Osborngletscher-Oskar_II_Land_von_Süd-Westen_aus_1200_m_Höhe-Spitzbergenflug_1923-LBS_MH02-01-0018.tif	User:DrTrigon/logs/eth-bib	DrTrigon	2016-08-05T01:39:38Z
136	ETH-BIB-Dalslandkette-Mt._Trollheim-Prinz_Karl_Vorland_von_Osten_aus_1800_m_Höhe-Spitzbergenflug_1923-LBS_MH02-01-0019.tif	User:DrTrigon/logs/eth-bib	DrTrigon	2016-08-05T01:39:38Z
137	ETH-BIB-König_Oskar_II_Land_mit_Prinz_Karl_Vorland_von_Osten_aus_1800_m_Höhe-Spitzbergenflug_1923-LBS_MH02-01-0020-AL-FL.tif	User:DrTrigon/logs/eth-bib	DrTrigon	2016-08-05T01:39:38Z
138	ETH-BIB-Inlandeis-Neu_Friesland-Kap_Fanshave-Lommebai_von_Nord-Nord-Westen_aus_2200_m_Höhe-Spitzbergenflug_1923-LBS_MH02-01-0024.tif	User:DrTrigon/logs/eth-bib	DrTrigon	2016-08-05T01:39:38Z
139	ETH-BIB-Dicksonbai_mit_Kap_Wyk_und_Smith_von_Süden_aus_1200_m_Höhe-Spitzbergenflug_1923-LBS_MH02-01-0021.tif	User:DrTrigon/logs/eth-bib	DrTrigon	2016-08-05T01:39:38Z
140	ETH-BIB-Pack-_und_Treibeis_beim_Eiskap_(Hinlopenstrasse)_von_Süden_aus_2200_m_Höhe-Spitzbergenflug_1923-LBS_MH02-01-0023.tif	User:DrTrigon/logs/eth-bib	DrTrigon	2016-08-05T01:39:38Z
141	ETH-BIB-Papageien_Huck-Lommebai-Alkenfjell-Südwaygats-Inseln_von_Nord-Osten_aus_2200_m_Höhe-Spitzbergenflug_1923-LBS_MH02-01-0025.tif	User:DrTrigon/logs/eth-bib	DrTrigon	2016-08-05T01:39:38Z
142	ETH-BIB-Fair_Haven_mit_Fowlgletscher-Mt._Versteraalen_von_Norden_aus_1500_m_Höhe-Spitzbergenflug_1923-LBS_MH02-01-0031.tif	User:DrTrigon/logs/eth-bib	DrTrigon	2016-08-05T01:39:38Z
143	ETH-BIB-Fowlinsel-Halbinsel_Albert_I-Däneninsel_von_Norden_aus_1500_m_Höhe-Spitzbergenflug_1923-LBS_MH02-01-0030.tif	User:DrTrigon/logs/eth-bib	DrTrigon	2016-08-05T01:39:38Z
144	ETH-BIB-Norwegerinseln-Fowlinseln-Amsterdaminsel_von_Norden_aus_1500_m_Höhe-Spitzbergenflug_1923-LBS_MH02-01-0029.tif	User:DrTrigon/logs/eth-bib	DrTrigon	2016-08-05T01:39:38Z
145	ETH-BIB-Fowlinsel,_Pt._Fowl-Amsterdaminsel_von_Nord-Osten_aus_1500_m_Höhe-Spitzbergenflug_1923-LBS_MH02-01-0033.tif	User:DrTrigon/logs/eth-bib	DrTrigon	2016-08-05T01:39:38Z
146	ETH-BIB-Trollheimberge_mit_Alkhorn,_K._Staratschin_von_Norden_aus_1200_m_Höhe-Spitzbergenflug_1923-LBS_MH02-01-0040.tif	User:DrTrigon/logs/eth-bib	DrTrigon	2016-08-05T01:39:38Z
147	ETH-BIB-Mt._Queen-Dreikronen-Plateau_Holdedahl_von_Süd-Westen_aus_1500_m_Höhe-Spitzbergenflug_1923-LBS_MH02-01-0042.tif	User:DrTrigon/logs/eth-bib	DrTrigon	2016-08-05T01:39:38Z
148	ETH-BIB-St._Johnbai_mit_Kp._Müller_Vorlandebene_von_Nord-Osten_aus_1400_m_Höhe-Spitzbergenflug_1923-LBS_MH02-01-0043.tif	User:DrTrigon/logs/eth-bib	DrTrigon	2016-08-05T01:39:38Z
149	ETH-BIB-Dicksonbai_mit_Andréegebiet_von_Osten_aus_800_m_Höhe-Spitzbergenflug_1923-LBS_MH02-01-0046.tif	User:DrTrigon/logs/eth-bib	DrTrigon	2016-08-05T01:39:38Z
150	ETH-BIB-Dicksonbai,_Kap_Wyk_Mt._Jbsen_von_Westen_aus_1000_m_Höhe-Spitzbergenflug_1923-LBS_MH02-01-0047.tif	User:DrTrigon/logs/eth-bib	DrTrigon	2016-08-05T01:39:38Z
151	ETH-BIB-Mt._Olsen,_Vorlandsund_mit_Hermanseninsel,_Prinz_Karl_Vorland_von_Süd-Westen-Spitzbergenflug_1923-LBS_MH02-01-0045.tif	User:DrTrigon/logs/eth-bib	DrTrigon	2016-08-05T01:39:38Z
152	ETH-BIB-Skaroö-Spitzbergenflug_1923-LBS_MH02-01-0051.tif	User:DrTrigon/logs/eth-bib	DrTrigon	2016-08-05T01:39:38Z
153	ETH-BIB-Mittag_Lefflergletscher_mit_Eisfjord_von_Norden_aus_1700_m_Höhe-Spitzbergenflug_1923-LBS_MH02-01-0049.tif	User:DrTrigon/logs/eth-bib	DrTrigon	2016-08-05T01:39:38Z
154	ETH-BIB-Mt._Protector-Kjerülgletscher_Nordfjord_von_Süd-Westen_aus_1000_m_Höhe-Spitzbergenflug_1923-LBS_MH02-01-0047-A.tif	User:DrTrigon/logs/eth-bib	DrTrigon	2016-08-05T01:39:38Z
155	ETH-BIB-Mt._Daumann_-_Mt._Lex_mit_Vorlandsund_von_Süd-Osten_aus_900_m_Höhe-Spitzbergenflug_1923-LBS_MH02-01-0049-A.tif	User:DrTrigon/logs/eth-bib	DrTrigon	2016-08-05T01:39:38Z
156	ETH-BIB-Königsberg_mit_Plateau_Isachen_von_Süden_aus_1300_m_Höhe-Spitzbergenflug_1923-LBS_MH02-01-0055-A.tif	User:DrTrigon/logs/eth-bib	DrTrigon	2016-08-05T01:39:38Z
157	ETH-BIB-Diademgipfel_mit_Plateau_Haltedahl_von_Westen_aus_1300_m_Höhe-Spitzbergenflug_1923-LBS_MH02-01-0056-A.tif	User:DrTrigon/logs/eth-bib	DrTrigon	2016-08-05T01:39:38Z
158	ETH-BIB-Gletscherrand_des_Wahlenberggletscher_im_Nordfjord-Spitzbergenflug_1923-LBS_MH02-01-0055.tif	User:DrTrigon/logs/eth-bib	DrTrigon	2016-08-05T01:39:38Z
159	ETH-BIB-Nordfjord_mit_C._Wijk_und_Mt._Congress_von_Nord-Westen_aus_800_m_Höhe-Spitzbergenflug_1923-LBS_MH02-01-0071-A.tif	User:DrTrigon/logs/eth-bib	DrTrigon	2016-08-05T01:39:38Z
160	ETH-BIB-Gebirge_an_der_Küste_Spitzbergens-Spitzbergenflug_1923-LBS_MH02-01-0064-A.tif	User:DrTrigon/logs/eth-bib	DrTrigon	2016-08-05T01:39:38Z
161	ETH-BIB-Verschneite_Berge_in_Spitzbergen-Spitzbergenflug_1923-LBS_MH02-01-0095.tif	User:DrTrigon/logs/eth-bib	DrTrigon	2016-08-05T01:39:38Z
162	ETH-BIB-Oskar_II_Land_mit_St._Johnbai_v._N._1200_m-Spitzbergenflug_1923-LBS_MH02-01-0061-A.tif	User:DrTrigon/logs/eth-bib	DrTrigon	2016-08-05T01:39:38Z
163	ETH-BIB-Luftbild_Spitzbergens-Spitzbergenflug_1923-LBS_MH02-01-0131.tif	User:DrTrigon/logs/eth-bib	DrTrigon	2016-08-05T01:39:38Z
164	ETH-BIB-Fjord_und_Berge_in_Spitzbergen-Spitzbergenflug_1923-LBS_MH02-01-0072.tif	User:DrTrigon/logs/eth-bib	DrTrigon	2016-08-05T01:39:38Z
165	ETH-BIB-Vermutlich_Spitzbergen-Spitzbergenflug_1923-LBS_MH02-01-0134.tif	User:DrTrigon/logs/eth-bib	DrTrigon	2016-08-05T01:39:38Z
166	ETH-BIB-Vermutlich_Spitzbergen-Spitzbergenflug_1923-LBS_MH02-01-0135.tif	User:DrTrigon/logs/eth-bib	DrTrigon	2016-08-05T01:39:38Z
167	ETH-BIB-Vermutlich_Spitzbergen-Spitzbergenflug_1923-LBS_MH02-01-0136.tif	User:DrTrigon/logs/eth-bib	DrTrigon	2016-08-05T01:39:38Z
168	ETH-BIB-Drottningholm_(Oskar_II_Land)_mit_Prinz_Karl_Vorland_von_Osten_aus_1200m_Höhe-Spitzbergenflug_1923-LBS_MH02-01-0096.tif	User:DrTrigon/logs/eth-bib	DrTrigon	2016-08-05T01:39:38Z
169	ETH-BIB-Browdy-Biscayer_Huk-Mt._Blanc-Redbai_von_Westen_aus_500_m_Höhe-Spitzbergenflug_1923-LBS_MH02-01-0027.tif	User:DrTrigon/logs/eth-bib	DrTrigon	2016-08-05T01:39:38Z
170	ETH-BIB-Redbai_mit_Halbinsel_Albert_I_von_Nord-Osten_aus_800_m_Höhe-Spitzbergenflug_1923-LBS_MH02-01-0028.tif	User:DrTrigon/logs/eth-bib	DrTrigon	2016-08-05T01:39:38Z
171	ETH-BIB-Dicksonbai'_C._Woern'Nordfjord_-_Svea-Gletscher_von_Norden_aus_1000_m_Höhe-Spitzbergenflug_1923-LBS_MH02-01-0015.tif	User:DrTrigon/logs/eth-bib	DrTrigon	2016-08-05T01:39:38Z
172	ETH-BIB-Gyssbai-Mt._Temple-Temple_Bai_von_Westen_aus_1100_m_Höhe-Spitzbergenflug_1923-LBS_MH02-01-0002-A.tif	User:DrTrigon/logs/eth-bib	DrTrigon	2016-08-05T01:39:38Z
173	ETH-BIB-Drei_Kronen_-Tre_Kronor-_(Mt._Dana,_Mt._Nora,_Mt._Svea)_mit_Leonardfine_von_Süden_aus_1600_m_Höhe-Spitzbergenflug_1923-LBS_MH02-01-0043-A.tif	User:DrTrigon/logs/eth-bib	DrTrigon	2016-08-05T01:39:38Z
174	ETH-BIB-Chydeniusgruppe_mit_Ostfjord_der_Wyderbai_von_Osten_aus_1700_m_Höhe-Spitzbergenflug_1923-LBS_MH02-01-0022.tif	User:DrTrigon/logs/eth-bib	DrTrigon	2016-08-05T01:39:38Z
175	ETH-BIB-Mosselbai_mit_Woodbai-Rentierhalbinsel_von_Osten_aus_2000_m_Höhe-Spitzbergenflug_1923-LBS_MH02-01-0026.tif	User:DrTrigon/logs/eth-bib	DrTrigon	2016-08-05T01:39:38Z
176	ETH-BIB-Expeditionsmitglieder_vor_der_Junkersmaschine_bei_der_Funkenstation._Von_links_nach_rechts-_Dr._Kurt_Wegener,_A._Neumann,_H.H._Hammer,_F._Duus._Oben-_W._Löwe,_Holbein,_Wedekind.-Spitzbergenflug_1923-LBS_MH02-01-0132.tif	User:OgreBot/Watercraft/2016 May 27-31	DanTD	2016-11-23T16:36:35Z
177	ETH-BIB-Expeditionsmitglieder_vor_der_Junkersmaschine_bei_der_Funkenstation._Von_links_nach_rechts-_Dr._Kurt_Wegener,_A._Neumann,_H.H._Hammer,_F._Duus._Oben-_W._Löwe,_Holbein,_Wedekind.-Spitzbergenflug_1923-LBS_MH02-01-0132.tif	User:Schmelzle/NewFiles/2016 May 21-31	INeverCry	2016-11-24T05:26:04Z
178	ETH-BIB-Expeditionsmitglieder_vor_der_Junkersmaschine_bei_der_Funkenstation._Von_links_nach_rechts-_Dr._Kurt_Wegener,_A._Neumann,_H.H._Hammer,_F._Duus._Oben-_W._Löwe,_Holbein,_Wedekind.-Spitzbergenflug_1923-LBS_MH02-01-0132.tif	User:Zwiadowca21/NewFiles/2016 May 21-31	JuTa	2016-12-11T22:13:15Z
179	ETH-BIB-Expeditionsmitglieder_vor_der_Junkersmaschine_bei_der_Funkenstation._Von_links_nach_rechts-_Dr._Kurt_Wegener,_A._Neumann,_H.H._Hammer,_F._Duus._Oben-_W._Löwe,_Holbein,_Wedekind.-Spitzbergenflug_1923-LBS_MH02-01-0132.tif	Category:Media contributed by the ETH-Bibliothek/Reports/most edited	Faebot	2016-12-14T05:37:20Z
180	ETH-BIB-Bei_Tromsö-Spitzbergenflug_1923-LBS_MH02-01-0053.tif	Fishing vessels of Norway	Yann	2017-01-02T21:13:23Z
181	ETH-BIB-Bei_Tromsö-Spitzbergenflug_1923-LBS_MH02-01-0053.tif	User:DrTrigon/logs/ETH-Bib/01	DrTrigon	2016-07-08T19:32:12Z
182	ETH-BIB-Bei_Tromsö-Spitzbergenflug_1923-LBS_MH02-01-0053.tif	User:OgreBot/Watercraft/2016 May 27-31	DanTD	2016-11-23T16:36:35Z
183	ETH-BIB-Skaroö-Spitzbergenflug_1923-LBS_MH02-01-0052.tif	User:DrTrigon/logs/eth-bib	DrTrigon	2016-08-05T01:39:38Z
184	ETH-BIB-Junkers_F.13_(R-RECI)_über_Teheran-Persienflug_1924-1925-LBS_MH02-02-0090-AL-FL.tif	User:DrTrigon/logs/eth-bib	DrTrigon	2016-08-05T01:39:38Z
185	ETH-BIB-Junkers_F.13_(R-RECI)_über_Teheran-Persienflug_1924-1925-LBS_MH02-02-0090-AL-FL.tif	User:Schmelzle/NewFiles/2016 May 21-31	INeverCry	2016-11-24T05:26:04Z
186	ETH-BIB-Junkers_F.13_(R-RECI)_über_Teheran-Persienflug_1924-1925-LBS_MH02-02-0090-AL-FL.tif	User:Zwiadowca21/NewFiles/2016 May 21-31	JuTa	2016-12-11T22:13:15Z
187	ETH-BIB-Junkers_F.13_(R-RECI)_über_Teheran-Persienflug_1924-1925-LBS_MH02-02-0090-AL-FL.tif	Category:Media contributed by the ETH-Bibliothek/Reports/most edited	Faebot	2016-12-14T05:37:20Z
188	ETH-BIB-Junkers_F.13_(R-RECI)_über_Teheran_aus_1000_m_Höhe-Persienflug_1924-1925-LBS_MH02-02-0089-AL-FL.tif	User:DrTrigon/logs/eth-bib	DrTrigon	2016-08-05T01:39:38Z
189	ETH-BIB-Junkers_F.13_(R-RECI)_über_Teheran_aus_1000_m_Höhe-Persienflug_1924-1925-LBS_MH02-02-0089-AL-FL.tif	User:Schmelzle/NewFiles/2016 May 21-31	INeverCry	2016-11-24T05:26:04Z
190	ETH-BIB-Junkers_F.13_(R-RECI)_über_Teheran_aus_1000_m_Höhe-Persienflug_1924-1925-LBS_MH02-02-0089-AL-FL.tif	User:Zwiadowca21/NewFiles/2016 May 21-31	JuTa	2016-12-11T22:13:15Z
191	ETH-BIB-Junkers_F.13_(R-RECI)_über_Teheran_aus_1000_m_Höhe-Persienflug_1924-1925-LBS_MH02-02-0089-AL-FL.tif	Category:Media contributed by the ETH-Bibliothek/Reports/most edited	Faebot	2016-12-14T05:37:20Z
192	ETH-BIB-Junkers_F.13_(R-RECI)_über_Teheran_aus_1000_m_Höhe-Persienflug_1924-1925-LBS_MH02-02-0089-AL-FL.tif	Category:Media contributed by the ETH-Bibliothek/Reports/wikimedia usage	Faebot	2017-04-24T05:09:06Z
193	ETH-BIB-Junkers_F.13_(R-RECI)_über_Teheran_aus_1000_m_Höhe-Persienflug_1924-1925-LBS_MH02-02-0088-AL-FL.tif	User:DrTrigon/logs/eth-bib	DrTrigon	2016-08-05T01:39:38Z
194	ETH-BIB-Junkers_F.13_(R-RECI)_über_Teheran_aus_1000_m_Höhe-Persienflug_1924-1925-LBS_MH02-02-0088-AL-FL.tif	User:Schmelzle/NewFiles/2016 May 21-31	INeverCry	2016-11-24T05:26:04Z
195	ETH-BIB-Junkers_F.13_(R-RECI)_über_Teheran_aus_1000_m_Höhe-Persienflug_1924-1925-LBS_MH02-02-0088-AL-FL.tif	User:Zwiadowca21/NewFiles/2016 May 21-31	JuTa	2016-12-11T22:13:15Z
196	ETH-BIB-Junkers_F.13_(R-RECI)_über_Teheran_aus_1000_m_Höhe-Persienflug_1924-1925-LBS_MH02-02-0088-AL-FL.tif	Category:Media contributed by the ETH-Bibliothek/Reports/wikimedia usage	Faebot	2017-04-24T05:09:06Z
197	ETH-BIB-Maude-Brücke_über_den_Tigris,_Bagdad-Persienflug_1924-1925-LBS_MH02-02-0047-AL-FL.tif	User:DrTrigon/logs/eth-bib	DrTrigon	2016-08-05T01:39:38Z
198	ETH-BIB-Maude-Brücke_über_den_Tigris,_Bagdad-Persienflug_1924-1925-LBS_MH02-02-0047-AL-FL.tif	User:Kareyac/Armenia/2016 May 21-31	CommonsDelinker	2016-07-11T10:26:32Z
199	ETH-BIB-Aerodrome_Malta_aus_2000_m_Höhe-Kilimanjaroflug_1929-30-LBS_MH02-07-0141.tif	User:DrTrigon/logs/ETH-Bib/01	DrTrigon	2016-07-08T19:32:12Z
200	ETH-BIB-Aerodrome_Malta_aus_2000_m_Höhe-Kilimanjaroflug_1929-30-LBS_MH02-07-0141.tif	User:DrTrigon/logs/eth-bib	DrTrigon	2016-08-05T01:39:38Z
201	ETH-BIB-Aerodrome_Malta_aus_2000_m_Höhe-Kilimanjaroflug_1929-30-LBS_MH02-07-0141.tif	Commons:WikiProject Aviation/recent uploads/2016 June 21	Uli Elch	2017-03-16T12:36:04Z
202	ETH-BIB-Athen-Kilimanjaroflug_1929-30-LBS_MH02-07-0415.tif	User:DrTrigon/logs/ETH-Bib/01	DrTrigon	2016-07-08T19:32:12Z
203	ETH-BIB-Athen-Kilimanjaroflug_1929-30-LBS_MH02-07-0415.tif	User:DrTrigon/logs/eth-bib	DrTrigon	2016-08-05T01:39:38Z
204	ETH-BIB-Athen-Kilimanjaroflug_1929-30-LBS_MH02-07-0415.tif	Commons:WikiProject Aviation/recent uploads/2016 June 21	Uli Elch	2017-03-16T12:36:04Z
205	ETH-BIB-Athen-Kilimanjaroflug_1929-30-LBS_MH02-07-0413.tif	User:DrTrigon/logs/eth-bib	DrTrigon	2016-08-05T01:39:38Z
206	ETH-BIB-Athen-Kilimanjaroflug_1929-30-LBS_MH02-07-0413.tif	Commons:WikiProject Aviation/recent uploads/2016 June 21	Uli Elch	2017-03-16T12:36:04Z
207	ETH-BIB-Athen-Kilimanjaroflug_1929-30-LBS_MH02-07-0414.tif	User:DrTrigon/logs/ETH-Bib/01	DrTrigon	2016-07-08T19:32:12Z
208	ETH-BIB-Athen-Kilimanjaroflug_1929-30-LBS_MH02-07-0414.tif	Commons:WikiProject Aviation/recent uploads/2016 June 21	Uli Elch	2017-03-16T12:36:04Z
209	ETH-BIB-Athen_mit_Akropolis_von_W._aus_800_m_Höhe-Kilimanjaroflug_1929-30-LBS_MH02-07-0007.tif	User:DrTrigon/logs/eth-bib	DrTrigon	2016-08-05T01:39:38Z
210	ETH-BIB-Athen_mit_Akropolis_von_W._aus_800_m_Höhe-Kilimanjaroflug_1929-30-LBS_MH02-07-0007.tif	Commons:WikiProject Aviation/recent uploads/2016 June 21	Uli Elch	2017-03-16T12:36:04Z
211	ETH-BIB-Tanken_in_Mongalla_bei_40°_Hitze-Kilimanjaroflug_1929-30-LBS_MH02-07-0129.tif	User:DrTrigon/logs/eth-bib	DrTrigon	2016-08-05T01:39:38Z
212	ETH-BIB-Tanken_in_Mongalla_bei_40°_Hitze-Kilimanjaroflug_1929-30-LBS_MH02-07-0129.tif	Commons:WikiProject Aviation/recent uploads/2016 June 21	Uli Elch	2017-03-16T12:36:04Z
213	ETH-BIB-Tanken_in_Mongalla-Kilimanjaroflug_1929-30-LBS_MH02-07-0131.tif	User:DrTrigon/logs/eth-bib	DrTrigon	2016-08-05T01:39:38Z
214	ETH-BIB-Tanken_in_Mongalla-Kilimanjaroflug_1929-30-LBS_MH02-07-0131.tif	Commons:WikiProject Aviation/recent uploads/2016 June 21	Uli Elch	2017-03-16T12:36:04Z
215	ETH-BIB-Tanken_in_Mongalla-Kilimanjaroflug_1929-30-LBS_MH02-07-0130.tif	User:DrTrigon/logs/eth-bib	DrTrigon	2016-08-05T01:39:38Z
216	ETH-BIB-Tanken_in_Mongalla-Kilimanjaroflug_1929-30-LBS_MH02-07-0130.tif	Commons:WikiProject Aviation/recent uploads/2016 June 21	Uli Elch	2017-03-16T12:36:04Z
218	ETH-BIB-Barcelona-Nordafrikaflug_1932-LBS_MH02-13-0617.tif	Category:Media contributed by the ETH-Bibliothek/Reports/improvement	Faebot	2017-04-24T05:08:46Z
220	ETH-BIB-Plaza_de_España_in_Sevilla-Nordafrikaflug_1932-LBS_MH02-13-0568.tif	Category:Media contributed by the ETH-Bibliothek/Reports/wikimedia usage	Faebot	2017-04-24T05:09:06Z
221	ETH-BIB-Akropolis-Weitere-LBS_MH02-26-0023.tif	Category:Media contributed by the ETH-Bibliothek/Reports/most edited	Faebot	2016-12-14T05:37:20Z
222	ETH-BIB-Akropolis,_Athen-Kilimanjaroflug_1929-30-LBS_MH02-07-0138.tif	User:DrTrigon/logs/eth-bib	DrTrigon	2016-08-05T01:39:38Z
223	ETH-BIB-Akropolis,_Athen-Kilimanjaroflug_1929-30-LBS_MH02-07-0138.tif	Commons:WikiProject Aviation/recent uploads/2016 June 21	Uli Elch	2017-03-16T12:36:04Z
225	ETH-BIB-Deutscher_Botschafter_Ribbentrop,_Croydon-Weitere-LBS_MH05-37-07.tif	Category:Media contributed by the ETH-Bibliothek/Reports/most edited	Faebot	2016-12-14T05:37:20Z
226	Convair_440_(Swissair)_051932.jpg	Commons:WikiProject Aviation/recent uploads/2016 May 11	Uli Elch	2016-09-09T13:40:12Z
227	Convair_440_(Swissair)_051932.jpg	File:LBS SR04-051932.jpg (file redirect)	Uli Elch	2016-09-09T13:40:12Z
228	ETH-BIB-Aadorf_v._W._aus_600_m-Inlandflüge-LBS_MH01-001931.tif	Commons:WikiProject Aviation/recent uploads/2016 December 15/Overflow 1	Sémhur	2017-02-23T17:29:48Z
229	ETH-BIB-Aadorf_v._W._aus_600_m-Inlandflüge-LBS_MH01-001932.tif	Commons:WikiProject Aviation/recent uploads/2016 December 15/Overflow 1	Sémhur	2017-02-23T17:29:48Z
230	ETH-BIB-Aadorf_v._S._O._aus_300_m-Inlandflüge-LBS_MH01-002608.tif	Commons:WikiProject Aviation/recent uploads/2016 December 22	Jo-Jo Eumerus	2017-05-07T12:02:15Z
231	ETH-BIB-Aarau,_Altstadt_aus_200_m-Inlandflüge-LBS_MH01-002220.tif	Commons:WikiProject Aviation/recent uploads/2016 December 22	Jo-Jo Eumerus	2017-05-07T12:02:15Z
232	ETH-BIB-Bern,_Münster-Bern-Inlandflüge-LBS_MH01-000191.tif	Commons:WikiProject Aviation/recent uploads/2016 December 15	Jasonanaggie	2017-01-08T14:15:24Z
233	ETH-BIB-Bern-Inlandflüge-LBS_MH01-000426.tif	Commons:WikiProject Aviation/recent uploads/2016 December 15	Jasonanaggie	2017-01-08T14:15:24Z
234	ETH-BIB-Kairo_aus_800_m_Höhe-Kilimanjaroflug_1929-30-LBS_MH02-07-0012.tif	User:DrTrigon/logs/eth-bib	DrTrigon	2016-08-05T01:39:38Z
235	ETH-BIB-Kairo_aus_800_m_Höhe-Kilimanjaroflug_1929-30-LBS_MH02-07-0012.tif	Commons:WikiProject Aviation/recent uploads/2016 June 21	Uli Elch	2017-03-16T12:36:04Z
236	ETH-BIB-Diessenhofen_aus_150_m-Inlandflüge-LBS_MH01-001848.tif	Commons:WikiProject Aviation/recent uploads/2016 December 15/Overflow 1	Sémhur	2017-02-23T17:29:48Z
237	ETH-BIB-Diessenhofen_aus_100_m-Inlandflüge-LBS_MH01-001849.tif	Commons:WikiProject Aviation/recent uploads/2016 December 15/Overflow 1	Sémhur	2017-02-23T17:29:48Z
238	ETH-BIB-Aathal_Seegräben,_Pfäffikon,_Pfäffikersee-Inlandflüge-LBS_MH01-000429.tif	Commons:WikiProject Aviation/recent uploads/2016 December 15	Jasonanaggie	2017-01-08T14:15:24Z
239	ETH-BIB-Bucht_von_Phaleron_-_Pyraeus-Kilimanjaroflug_1929-30-LBS_MH02-07-0006-A.tif	User:DrTrigon/logs/ETH-Bib/01	DrTrigon	2016-07-08T19:32:12Z
240	ETH-BIB-Bucht_von_Phaleron_-_Pyraeus-Kilimanjaroflug_1929-30-LBS_MH02-07-0006-A.tif	User:DrTrigon/logs/eth-bib	DrTrigon	2016-08-05T01:39:38Z
241	ETH-BIB-Bucht_von_Phaleron_-_Pyraeus-Kilimanjaroflug_1929-30-LBS_MH02-07-0006-A.tif	Commons:WikiProject Aviation/recent uploads/2016 June 21	Uli Elch	2017-03-16T12:36:04Z
242	ETH-BIB-Bucht_von_Phaleron_-_Pyraeus_-_Salamis_von_S.O._aus_600_m_Höhe-Kilimanjaroflug_1929-30-LBS_MH02-07-0006.tif	User:DrTrigon/logs/eth-bib	DrTrigon	2016-08-05T01:39:38Z
243	ETH-BIB-Bucht_von_Phaleron_-_Pyraeus_-_Salamis_von_S.O._aus_600_m_Höhe-Kilimanjaroflug_1929-30-LBS_MH02-07-0006.tif	Commons:WikiProject Aviation/recent uploads/2016 June 21	Uli Elch	2017-03-16T12:36:04Z
244	ETH-BIB-Vatikan,_Rom-Kilimanjaroflug_1929-30-LBS_MH02-07-0404.tif	User:DrTrigon/logs/eth-bib	DrTrigon	2016-08-05T01:39:38Z
245	ETH-BIB-Vatikan,_Rom-Kilimanjaroflug_1929-30-LBS_MH02-07-0404.tif	Commons:WikiProject Aviation/recent uploads/2016 June 21	Uli Elch	2017-03-16T12:36:04Z
246	ETH-BIB-Vatikan,_Rom-Kilimanjaroflug_1929-30-LBS_MH02-07-0405.tif	User:DrTrigon/logs/eth-bib	DrTrigon	2016-08-05T01:39:38Z
247	ETH-BIB-Vatikan,_Rom-Kilimanjaroflug_1929-30-LBS_MH02-07-0405.tif	Commons:WikiProject Aviation/recent uploads/2016 June 21	Uli Elch	2017-03-16T12:36:04Z
248	ETH-BIB-Rom_(Tiberquartier)_aus_600_m_Höhe-Kilimanjaroflug_1929-30-LBS_MH02-07-0003.tif	User:DrTrigon/logs/eth-bib	DrTrigon	2016-08-05T01:39:38Z
249	ETH-BIB-Rom_(Tiberquartier)_aus_600_m_Höhe-Kilimanjaroflug_1929-30-LBS_MH02-07-0003.tif	Commons:WikiProject Aviation/recent uploads/2016 June 21	Uli Elch	2017-03-16T12:36:04Z
250	ETH-BIB-Vatikan,_Rom-Kilimanjaroflug_1929-30-LBS_MH02-07-0403.tif	User:DrTrigon/logs/eth-bib	DrTrigon	2016-08-05T01:39:38Z
251	ETH-BIB-Vatikan,_Rom-Kilimanjaroflug_1929-30-LBS_MH02-07-0403.tif	Commons:WikiProject Aviation/recent uploads/2016 June 21	Uli Elch	2017-03-16T12:36:04Z
252	ETH-BIB-Bremgarten_aus_1500_m-Inlandflüge-LBS_MH01-000112.tif	Commons:WikiProject Aviation/recent uploads/2016 December 15	Jasonanaggie	2017-01-08T14:15:24Z
253	ETH-BIB-Aarau-Inlandflüge-LBS_MH01-000114.tif	Commons:WikiProject Aviation/recent uploads/2016 December 15	Jasonanaggie	2017-01-08T14:15:24Z
254	ETH-BIB-Aarau_mit_Stadthaus-Inlandflüge-LBS_MH01-000115.tif	Commons:WikiProject Aviation/recent uploads/2016 December 15	Jasonanaggie	2017-01-08T14:15:24Z
255	ETH-BIB-Bremgarten,_Reusschlaufe,_Zufikon_aus_3000_m-Inlandflüge-LBS_MH01-000231-02.tif	Commons:WikiProject Aviation/recent uploads/2016 December 15	Jasonanaggie	2017-01-08T14:15:24Z
256	ETH-BIB-Bremgarten,_Reuss_aus_3000_m-Inlandflüge-LBS_MH01-000425.tif	Commons:WikiProject Aviation/recent uploads/2016 December 15	Jasonanaggie	2017-01-08T14:15:24Z
257	ETH-BIB-Brugg_aus_600_m-Inlandflüge-LBS_MH01-000442.tif	Commons:WikiProject Aviation/recent uploads/2016 December 15	Jasonanaggie	2017-01-08T14:15:24Z
258	ETH-BIB-Aarau-Inlandflüge-LBS_MH01-000440.tif	Commons:WikiProject Aviation/recent uploads/2016 December 15	Jasonanaggie	2017-01-08T14:15:24Z
259	ETH-BIB-Bremgarten_aus_2500_m-Inlandflüge-LBS_MH01-000433.tif	Commons:WikiProject Aviation/recent uploads/2016 December 15	Jasonanaggie	2017-01-08T14:15:24Z
260	ETH-BIB-Aarburg,_Aare_v._S._W-_aus_500_m-Inlandflüge-LBS_MH01-000493.tif	Commons:WikiProject Aviation/recent uploads/2016 December 15	Jasonanaggie	2017-01-08T14:15:24Z
261	ETH-BIB-Aarburg,_Olten_aus_600_m-Inlandflüge-LBS_MH01-000495.tif	Commons:WikiProject Aviation/recent uploads/2016 December 15	Jasonanaggie	2017-01-08T14:15:24Z
262	ETH-BIB-Aarburg,_Zentrum_aus_400_m-Inlandflüge-LBS_MH01-000501.tif	Commons:WikiProject Aviation/recent uploads/2016 December 15	Jasonanaggie	2017-01-08T14:15:24Z
263	ETH-BIB-Brugg,_Vogelsang_v._S._W._aus_800_m-Inlandflüge-LBS_MH01-000515.tif	Commons:WikiProject Aviation/recent uploads/2016 December 15	Jasonanaggie	2017-01-08T14:15:24Z
264	ETH-BIB-Bulle_aus_400_m-Inlandflüge-LBS_MH01-000215.tif	Commons:WikiProject Aviation/recent uploads/2016 December 15	Jasonanaggie	2017-01-08T14:15:24Z
265	ETH-BIB-Delémont-Inlandflüge-LBS_MH01-000164.tif	Commons:WikiProject Aviation/recent uploads/2016 December 15	Jasonanaggie	2017-01-08T14:15:24Z
266	ETH-BIB-Luzern,_Kriens-Inlandflüge-LBS_MH01-000161.tif	Commons:WikiProject Aviation/recent uploads/2016 December 15	Jasonanaggie	2017-01-08T14:15:24Z
267	ETH-BIB-Luzern-Inlandflüge-LBS_MH01-000237.tif	Commons:WikiProject Aviation/recent uploads/2016 December 15	Jasonanaggie	2017-01-08T14:15:24Z
268	ETH-BIB-Luzern-Inlandflüge-LBS_MH01-000236.tif	Commons:WikiProject Aviation/recent uploads/2016 December 15	Jasonanaggie	2017-01-08T14:15:24Z
269	ETH-BIB-Luzern,_Hofkirche-Inlandflüge-LBS_MH01-000242.tif	Commons:WikiProject Aviation/recent uploads/2016 December 15	Jasonanaggie	2017-01-08T14:15:24Z
270	ETH-BIB-Luzern,_Nationalquai-Inlandflüge-LBS_MH01-000240.tif	Commons:WikiProject Aviation/recent uploads/2016 December 15	Jasonanaggie	2017-01-08T14:15:24Z
271	ETH-BIB-Luzern,_Bahnhofplatz,_Altstadt,_Museggtürme,_Kapellbrücke-Inlandflüge-LBS_MH01-000241.tif	Commons:WikiProject Aviation/recent uploads/2016 December 15	Jasonanaggie	2017-01-08T14:15:24Z
272	ETH-BIB-Luzern,_Kapellbrücke_v._O._aus_500_m-Inlandflüge-LBS_MH01-000239.tif	Commons:WikiProject Aviation/recent uploads/2016 December 15	Jasonanaggie	2017-01-08T14:15:24Z
273	ETH-BIB-Luzern-Inlandflüge-LBS_MH01-000235.tif	Commons:WikiProject Aviation/recent uploads/2016 December 15	Jasonanaggie	2017-01-08T14:15:24Z
274	ETH-BIB-Luzern-Inlandflüge-LBS_MH01-000238.tif	Commons:WikiProject Aviation/recent uploads/2016 December 15	Jasonanaggie	2017-01-08T14:15:24Z
275	ETH-BIB-Kloster_Einsiedeln_aus_200_m-Inlandflüge-LBS_MH01-000193.tif	User:Darkweasel94/Clocks/2016 December 11-20	Tiven2240	2017-05-02T02:37:21Z
276	ETH-BIB-Kloster_Einsiedeln_aus_200_m-Inlandflüge-LBS_MH01-000193.tif	Commons:WikiProject Aviation/recent uploads/2016 December 15	Jasonanaggie	2017-01-08T14:15:24Z
277	ETH-BIB-Sirnach_v._N._aus_300_m-Inlandflüge-LBS_MH01-001930.tif	Commons:WikiProject Aviation/recent uploads/2016 December 15/Overflow 1	Sémhur	2017-02-23T17:29:48Z
278	ETH-BIB-Mammern_am_Untersee_aus_100_m-Inlandflüge-LBS_MH01-001851.tif	Commons:WikiProject Aviation/recent uploads/2016 December 15/Overflow 1	Sémhur	2017-02-23T17:29:48Z
279	ETH-BIB-Salenstein,_Schloss_Salenstein,_Mannenbach_Bahnhof-Inlandflüge-LBS_MH01-001868.tif	Commons:WikiProject Aviation/recent uploads/2016 December 15/Overflow 1	Sémhur	2017-02-23T17:29:48Z
280	ETH-BIB-Salenstein_m._Schloss_u._Insel_Reichenau-Inlandflüge-LBS_MH01-001867.tif	Commons:WikiProject Aviation/recent uploads/2016 December 15/Overflow 1	Sémhur	2017-02-23T17:29:48Z
281	ETH-BIB-Lausanne_aus_600_m-Inlandflüge-LBS_MH01-000226.tif	Commons:WikiProject Aviation/recent uploads/2016 December 15	Jasonanaggie	2017-01-08T14:15:24Z
282	ETH-BIB-Lausanne_v._W._aus_1200_m-Inlandflüge-LBS_MH01-000105.tif	Commons:WikiProject Aviation/recent uploads/2016 December 15	Jasonanaggie	2017-01-08T14:15:24Z
283	ETH-BIB-Lausanne-Centre-Inlandflüge-LBS_MH01-000109.tif	Commons:WikiProject Aviation/recent uploads/2016 December 15	Jasonanaggie	2017-01-08T14:15:24Z
284	ETH-BIB-Rheinfall,_Neuhausen,_Laufen_aus_200_m-Inlandflüge-LBS_MH01-000934.tif	Commons:WikiProject Aviation/recent uploads/2016 December 15/Overflow 1	Sémhur	2017-02-23T17:29:48Z
285	ETH-BIB-Hafen_von_Valletta,_Malta-Kilimanjaroflug_1929-30-LBS_MH02-07-0140.tif	User:DrTrigon/logs/eth-bib	DrTrigon	2016-08-05T01:39:38Z
286	ETH-BIB-Hafen_von_Valletta,_Malta-Kilimanjaroflug_1929-30-LBS_MH02-07-0140.tif	Commons:WikiProject Aviation/recent uploads/2016 June 21	Uli Elch	2017-03-16T12:36:04Z
287	ETH-BIB-Kriegshafen_von_Valetta_aus_2000_m_Höhe-Kilimanjaroflug_1929-30-LBS_MH02-07-0142.tif	User:DrTrigon/logs/eth-bib	DrTrigon	2016-08-05T01:39:38Z
288	ETH-BIB-Kriegshafen_von_Valetta_aus_2000_m_Höhe-Kilimanjaroflug_1929-30-LBS_MH02-07-0142.tif	Commons:WikiProject Aviation/recent uploads/2016 June 21	Uli Elch	2017-03-16T12:36:04Z
289	ETH-BIB-Valetta-Kilimanjaroflug_1929-30-LBS_MH02-07-0144.tif	User:DrTrigon/logs/eth-bib	DrTrigon	2016-08-05T01:39:38Z
290	ETH-BIB-Valetta-Kilimanjaroflug_1929-30-LBS_MH02-07-0144.tif	Commons:WikiProject Aviation/recent uploads/2016 June 21	Uli Elch	2017-03-16T12:36:04Z
291	ETH-BIB-Valetta_-_Sliema,_Malta_von_S.O.-Kilimanjaroflug_1929-30-LBS_MH02-07-0146.tif	User:DrTrigon/logs/eth-bib	DrTrigon	2016-08-05T01:39:38Z
292	ETH-BIB-Valetta_-_Sliema,_Malta_von_S.O.-Kilimanjaroflug_1929-30-LBS_MH02-07-0146.tif	Commons:WikiProject Aviation/recent uploads/2016 June 21	Uli Elch	2017-03-16T12:36:04Z
293	ETH-BIB-Baden,_Übersicht,_Lagernkette_v._W._aus_2000_m-Inlandflüge-LBS_MH01-000424.tif	Commons:WikiProject Aviation/recent uploads/2016 December 15	Jasonanaggie	2017-01-08T14:15:24Z
294	ETH-BIB-Baden,_Übersicht_v._S._W._aus_1800_m-Inlandflüge-LBS_MH01-000423.tif	Commons:WikiProject Aviation/recent uploads/2016 December 15	Jasonanaggie	2017-01-08T14:15:24Z
295	ETH-BIB-Alpnachersee_zwischen_Lopperberg_und_Mueterschwandenberg,_Sarnen,_Sarnersee,_Berneralpen_aus_3400_m-Inlandflüge-LBS_MH01-000162.tif	Commons:WikiProject Aviation/recent uploads/2016 December 15	Jasonanaggie	2017-01-08T14:15:24Z
296	ETH-BIB-Alpnachersee,_Pilatus,_Lopperberg_v._N._aus_3300_m-Inlandflüge-LBS_MH01-000163.tif	Commons:WikiProject Aviation/recent uploads/2016 December 15	Jasonanaggie	2017-01-08T14:15:24Z
297	ETH-BIB-Alpnachersee,_Sarnersee_aus_3300_m-Inlandflüge-LBS_MH01-000170.tif	Commons:WikiProject Aviation/recent uploads/2016 December 15	Jasonanaggie	2017-01-08T14:15:24Z
298	ETH-BIB-Aetna_aus_2600_m_Höhe-Kilimanjaroflug_1929-30-LBS_MH02-07-0155.tif	User:DrTrigon/logs/ETH-Bib/01	DrTrigon	2016-07-08T19:32:12Z
299	ETH-BIB-Aetna_aus_2600_m_Höhe-Kilimanjaroflug_1929-30-LBS_MH02-07-0155.tif	User:DrTrigon/logs/eth-bib	DrTrigon	2016-08-05T01:39:38Z
300	ETH-BIB-Aetna_aus_2600_m_Höhe-Kilimanjaroflug_1929-30-LBS_MH02-07-0155.tif	Commons:WikiProject Aviation/recent uploads/2016 June 21	Uli Elch	2017-03-16T12:36:04Z
301	ETH-BIB-Aetna_aus_2600_m_Höhe-Kilimanjaroflug_1929-30-LBS_MH02-07-0155.tif	Category:Media contributed by the ETH-Bibliothek/Reports/most edited	Faebot	2016-12-14T05:37:20Z
302	ETH-BIB-Hafen_von_Alexandria-Kilimanjaroflug_1929-30-LBS_MH02-07-0570.tif	User:DrTrigon/logs/eth-bib	DrTrigon	2016-08-05T01:39:38Z
303	ETH-BIB-Hafen_von_Alexandria-Kilimanjaroflug_1929-30-LBS_MH02-07-0570.tif	Commons:WikiProject Aviation/recent uploads/2016 June 21	Uli Elch	2017-03-16T12:36:04Z
304	ETH-BIB-Hafen_von_Alexandria-Kilimanjaroflug_1929-30-LBS_MH02-07-0571.tif	User:DrTrigon/logs/eth-bib	DrTrigon	2016-08-05T01:39:38Z
305	ETH-BIB-Hafen_von_Alexandria-Kilimanjaroflug_1929-30-LBS_MH02-07-0571.tif	Commons:WikiProject Aviation/recent uploads/2016 June 21	Uli Elch	2017-03-16T12:36:04Z
306	ETH-BIB-Alexandria-Kilimanjaroflug_1929-30-LBS_MH02-07-0449.tif	User:DrTrigon/logs/ETH-Bib/01	DrTrigon	2016-07-08T19:32:12Z
307	ETH-BIB-Alexandria-Kilimanjaroflug_1929-30-LBS_MH02-07-0449.tif	User:DrTrigon/logs/eth-bib	DrTrigon	2016-08-05T01:39:38Z
308	ETH-BIB-Alexandria-Kilimanjaroflug_1929-30-LBS_MH02-07-0449.tif	Commons:WikiProject Aviation/recent uploads/2016 June 21	Uli Elch	2017-03-16T12:36:04Z
309	ETH-BIB-Alexandria-Kilimanjaroflug_1929-30-LBS_MH02-07-0467.tif	User:DrTrigon/logs/ETH-Bib/01	DrTrigon	2016-07-08T19:32:12Z
310	ETH-BIB-Alexandria-Kilimanjaroflug_1929-30-LBS_MH02-07-0467.tif	User:DrTrigon/logs/eth-bib	DrTrigon	2016-08-05T01:39:38Z
311	ETH-BIB-Alexandria-Kilimanjaroflug_1929-30-LBS_MH02-07-0467.tif	Commons:WikiProject Aviation/recent uploads/2016 June 21	Uli Elch	2017-03-16T12:36:04Z
314	ETH-BIB-Altmann_m._Ebenalp_u._Ringelspitz_v._N._aus_3000_m-Inlandflüge-LBS_MH01-000348.tif	Commons:WikiProject Aviation/recent uploads/2016 December 15	Jasonanaggie	2017-01-08T14:15:24Z
315	ETH-BIB-Speer,_Mattstock,_Toggenburg_und_Säntis_v._S._W.-Inlandflüge-LBS_MH01-000248.tif	Commons:WikiProject Aviation/recent uploads/2016 December 15	Jasonanaggie	2017-01-08T14:15:24Z
316	ETH-BIB-Altstätten,_Ruppenstrasse_aus_2500_m-Inlandflüge-LBS_MH01-000567.tif	Commons:WikiProject Aviation/recent uploads/2016 December 15	Jasonanaggie	2017-01-08T14:15:24Z
317	ETH-BIB-Churfirsten,_Rheintal,_Seeztal_v._N._W._aus_3500_m-Inlandflüge-LBS_MH01-000155.tif	Commons:WikiProject Aviation/recent uploads/2016 December 15	Jasonanaggie	2017-01-08T14:15:24Z
318	ETH-BIB-Bucht_von_Salerno-Kilimanjaroflug_1929-30-LBS_MH02-07-0518.tif	User:DrTrigon/logs/ETH-Bib/01	DrTrigon	2016-07-08T19:32:12Z
319	ETH-BIB-Bucht_von_Salerno-Kilimanjaroflug_1929-30-LBS_MH02-07-0518.tif	User:DrTrigon/logs/eth-bib	DrTrigon	2016-08-05T01:39:38Z
320	ETH-BIB-Bucht_von_Salerno-Kilimanjaroflug_1929-30-LBS_MH02-07-0518.tif	Commons:WikiProject Aviation/recent uploads/2016 June 21	Uli Elch	2017-03-16T12:36:04Z
321	ETH-BIB-Bucht_von_Salerno-Kilimanjaroflug_1929-30-LBS_MH02-07-0519.tif	User:DrTrigon/logs/ETH-Bib/01	DrTrigon	2016-07-08T19:32:12Z
322	ETH-BIB-Bucht_von_Salerno-Kilimanjaroflug_1929-30-LBS_MH02-07-0519.tif	User:DrTrigon/logs/eth-bib	DrTrigon	2016-08-05T01:39:38Z
323	ETH-BIB-Bucht_von_Salerno-Kilimanjaroflug_1929-30-LBS_MH02-07-0519.tif	Commons:WikiProject Aviation/recent uploads/2016 June 21	Uli Elch	2017-03-16T12:36:04Z
324	ETH-BIB-Amalfiküste-Kilimanjaroflug_1929-30-LBS_MH02-07-0516.tif	User:DrTrigon/logs/ETH-Bib/01	DrTrigon	2016-07-08T19:32:12Z
325	ETH-BIB-Amalfiküste-Kilimanjaroflug_1929-30-LBS_MH02-07-0516.tif	User:DrTrigon/logs/eth-bib	DrTrigon	2016-08-05T01:39:38Z
326	ETH-BIB-Amalfiküste-Kilimanjaroflug_1929-30-LBS_MH02-07-0516.tif	Commons:WikiProject Aviation/recent uploads/2016 June 21	Uli Elch	2017-03-16T12:36:04Z
327	ETH-BIB-Amalfiküste-Kilimanjaroflug_1929-30-LBS_MH02-07-0517.tif	User:DrTrigon/logs/eth-bib	DrTrigon	2016-08-05T01:39:38Z
328	ETH-BIB-Amalfiküste-Kilimanjaroflug_1929-30-LBS_MH02-07-0517.tif	Commons:WikiProject Aviation/recent uploads/2016 June 21	Uli Elch	2017-03-16T12:36:04Z
329	ETH-BIB-Wessen,_Amden,_Walensee,_Mattstock,_Federispitz_v._S._O._aus_3900_m-Inlandflüge-LBS_MH01-000578.tif	Commons:WikiProject Aviation/recent uploads/2016 December 15	Jasonanaggie	2017-01-08T14:15:24Z
330	ETH-BIB-Weesen,_Mattstock_v._S._W._aus_200_m-Inlandflüge-LBS_MH01-002083.tif	Commons:WikiProject Aviation/recent uploads/2016 December 15/Overflow 1	Sémhur	2017-02-23T17:29:48Z
331	ETH-BIB-Grossandelfingen,_Kleinandelfingen-Inlandflüge-LBS_MH01-000941.tif	Commons:WikiProject Aviation/recent uploads/2016 December 15/Overflow 1	Sémhur	2017-02-23T17:29:48Z
332	ETH-BIB-Point_de_Vouasson,_Aiguille_Rouges,_Aiguille_d'Arolla,_Mont_Collon_v._N._W._aus_4500_m-Inlandflüge-LBS_MH01-002125.tif	Commons:WikiProject Aviation/recent uploads/2016 December 15/Overflow 1	Sémhur	2017-02-23T17:29:48Z
333	ETH-BIB-Avenches_aus_500_m-Inlandflüge-LBS_MH01-001171.tif	Commons:WikiProject Aviation/recent uploads/2016 December 15/Overflow 1	Sémhur	2017-02-23T17:29:48Z
334	ETH-BIB-Baar_aus_500_m-Inlandflüge-LBS_MH01-000490.tif	Commons:WikiProject Aviation/recent uploads/2016 December 15	Jasonanaggie	2017-01-08T14:15:24Z
335	ETH-BIB-Baden,_Altstadt,_Ennetbaden_v._W._aus_500_m-Inlandflüge-LBS_MH01-000987.tif	Commons:WikiProject Aviation/recent uploads/2016 December 15/Overflow 1	Sémhur	2017-02-23T17:29:48Z
336	ETH-BIB-Bagdad_-_grosse_Moschee_aus_200_m_Höhe-Persienflug_1924-1925-LBS_MH02-02-0036-AL-FL.tif	User:DrTrigon/logs/eth-bib	DrTrigon	2016-08-05T01:39:38Z
337	ETH-BIB-Bagdad_-_grosse_Moschee_aus_200_m_Höhe-Persienflug_1924-1925-LBS_MH02-02-0036-AL-FL.tif	Category:Media contributed by the ETH-Bibliothek/Reports/most edited	Faebot	2016-12-14T05:37:20Z
338	ETH-BIB-Bagdad_-_grosse_Moschee_aus_200_m_Höhe-Persienflug_1924-1925-LBS_MH02-02-0036-AL-FL.tif	Category:Media contributed by the ETH-Bibliothek/Reports/wikimedia usage	Faebot	2017-04-24T05:09:06Z
339	ETH-BIB-Bagdad_(nordöstlicher_Teil)_aus_300_m_Höhe-Persienflug_1924-1925-LBS_MH02-02-0033-AL-FL.tif	User:DrTrigon/logs/eth-bib	DrTrigon	2016-08-05T01:39:38Z
340	ETH-BIB-Bagdad_(Gesamtübersicht)_aus_1000_m_Höhe-Persienflug_1924-1925-LBS_MH02-02-0032-AL-FL.tif	User:DrTrigon/logs/eth-bib	DrTrigon	2016-08-05T01:39:38Z
341	ETH-BIB-Bagdad_(Zentrum)_aus_300_m_Höhe-Persienflug_1924-1925-LBS_MH02-02-0035-AL-FL.tif	User:DrTrigon/logs/eth-bib	DrTrigon	2016-08-05T01:39:38Z
342	ETH-BIB-Bagdad_(Teilansicht)_aus_200_m_Höhe-Persienflug_1924-1925-LBS_MH02-02-0037-AL-FL.tif	User:DrTrigon/logs/eth-bib	DrTrigon	2016-08-05T01:39:38Z
343	ETH-BIB-Rapperswil_aus_1000_m-Inlandflüge-LBS_MH01-000113.tif	Commons:WikiProject Aviation/recent uploads/2016 December 15	Jasonanaggie	2017-01-08T14:15:24Z
344	ETH-BIB-Bazenheid,_Unter-und_Oberbazenheid_v._N._aus_300_m-Inlandflüge-LBS_MH01-001922.tif	Commons:WikiProject Aviation/recent uploads/2016 December 15/Overflow 1	Sémhur	2017-02-23T17:29:48Z
345	ETH-BIB-Bellinzona_v._S._aus_700_m-Inlandflüge-LBS_MH01-001312.tif	Commons:WikiProject Aviation/recent uploads/2016 December 15/Overflow 1	Sémhur	2017-02-23T17:29:48Z
346	ETH-BIB-Piz_Bernina,_Piz_Scerscen,_Piz_Morteratsch,_Piz_Roseg-Kilimanjaroflug_1929-30-LBS_MH02-07-0134.tif	User:DrTrigon/logs/eth-bib	DrTrigon	2016-08-05T01:39:38Z
347	ETH-BIB-Piz_Bernina,_Piz_Scerscen,_Piz_Morteratsch,_Piz_Roseg-Kilimanjaroflug_1929-30-LBS_MH02-07-0134.tif	Commons:WikiProject Aviation/recent uploads/2016 June 21	Uli Elch	2017-03-16T12:36:04Z
348	ETH-BIB-Küstengelände_bei_Buschehr-Persienflug_1924-1925-LBS_MH02-02-0222-AL-FL.tif	User:DrTrigon/logs/eth-bib	DrTrigon	2016-08-05T01:39:38Z
349	ETH-BIB-Bremgarten-Inlandflüge-LBS_MH01-000697.tif	Commons:WikiProject Aviation/recent uploads/2016 December 15	Jasonanaggie	2017-01-08T14:15:24Z
350	ETH-BIB-Bremgarten-Inlandflüge-LBS_MH01-000698.tif	Commons:WikiProject Aviation/recent uploads/2016 December 15	Jasonanaggie	2017-01-08T14:15:24Z
351	ETH-BIB-Bremgarten,_Reussbrücke_aus_300_m-Inlandflüge-LBS_MH01-000845.tif	Commons:WikiProject Aviation/recent uploads/2016 December 15	Jasonanaggie	2017-01-08T14:15:24Z
352	ETH-BIB-Bern,_Bundesplatz,_Markt-Inlandflüge-LBS_MH01-000717.tif	Commons:WikiProject Aviation/recent uploads/2016 December 15	Jasonanaggie	2017-01-08T14:15:24Z
353	ETH-BIB-Burg_Hohenklingen,_Stein_am_Rhein_aus_500_m-Inlandflüge-LBS_MH01-001843.tif	Commons:WikiProject Aviation/recent uploads/2016 December 15/Overflow 1	Sémhur	2017-02-23T17:29:48Z
354	ETH-BIB-Buschehr_aus_800_m_Höhe-Persienflug_1924-1925-LBS_MH02-02-0198-AL-FL.tif	User:DrTrigon/logs/eth-bib	DrTrigon	2016-08-05T01:39:38Z
355	ETH-BIB-Buschehr_aus_600_m_Höhe-Persienflug_1924-1925-LBS_MH02-02-0196-AL-FL.tif	User:DrTrigon/logs/eth-bib	DrTrigon	2016-08-05T01:39:38Z
356	ETH-BIB-Buschehr_aus_800_m_Höhe-Persienflug_1924-1925-LBS_MH02-02-0201-AL-FL.tif	User:DrTrigon/logs/eth-bib	DrTrigon	2016-08-05T01:39:38Z
357	ETH-BIB-Buschehr_aus_100_m_Höhe-Persienflug_1924-1925-LBS_MH02-02-0197-AL-FL.tif	User:DrTrigon/logs/eth-bib	DrTrigon	2016-08-05T01:39:38Z
358	ETH-BIB-Buschehr_aus_400_m_Höhe-Persienflug_1924-1925-LBS_MH02-02-0200-AL-FL.tif	User:DrTrigon/logs/eth-bib	DrTrigon	2016-08-05T01:39:38Z
359	ETH-BIB-Buschehr_aus_300_m_Höhe-Persienflug_1924-1925-LBS_MH02-02-0203-AL-FL.tif	User:DrTrigon/logs/eth-bib	DrTrigon	2016-08-05T01:39:38Z
360	ETH-BIB-Buschehr_aus_300_m_Höhe-Persienflug_1924-1925-LBS_MH02-02-0203-AL-FL.tif	Category:Media contributed by the ETH-Bibliothek/Reports/wikimedia usage	Faebot	2017-04-24T05:09:06Z
361	ETH-BIB-Buschehr_aus_800_m_Höhe-Persienflug_1924-1925-LBS_MH02-02-0199-AL-FL.tif	User:DrTrigon/logs/eth-bib	DrTrigon	2016-08-05T01:39:38Z
362	ETH-BIB-Buschehr_(Zentrum)_aus_100_m_Höhe-Persienflug_1924-1925-LBS_MH02-02-0205-AL-FL.tif	User:DrTrigon/logs/eth-bib	DrTrigon	2016-08-05T01:39:38Z
363	ETH-BIB-Maggia,_Solduno,_Tegna,_Verscio,_Pedemonte,_Ponte_Brolla_aus_1500_m-Inlandflüge-LBS_MH01-001336.tif	Commons:WikiProject Aviation/recent uploads/2016 December 15/Overflow 1	Sémhur	2017-02-23T17:29:48Z
364	ETH-BIB-Golfo_del_Tigullio-Kilimanjaroflug_1929-30-LBS_MH02-07-0401.tif	User:DrTrigon/logs/eth-bib	DrTrigon	2016-08-05T01:39:38Z
365	ETH-BIB-Golfo_del_Tigullio-Kilimanjaroflug_1929-30-LBS_MH02-07-0401.tif	Commons:WikiProject Aviation/recent uploads/2016 June 21	Uli Elch	2017-03-16T12:36:04Z
366	ETH-BIB--Inlandflüge-.tif	Commons:WikiProject Aviation/recent uploads/2016 December 15	Jasonanaggie	2017-01-08T14:15:24Z
367	ETH-BIB-Fliehende_Wildebeest_(Gnus)-Kilimanjaroflug_1929-30-LBS_MH02-07-0349.tif	User:DrTrigon/logs/eth-bib	DrTrigon	2016-08-05T01:39:38Z
368	ETH-BIB-Fliehende_Wildebeest_(Gnus)-Kilimanjaroflug_1929-30-LBS_MH02-07-0349.tif	Commons:WikiProject Aviation/recent uploads/2016 June 21	Uli Elch	2017-03-16T12:36:04Z
369	ETH-BIB-Fliehende_Wildebeest_(Gnus)-Kilimanjaroflug_1929-30-LBS_MH02-07-0346.tif	Commons:WikiProject Aviation/recent uploads/2016 June 21	Uli Elch	2017-03-16T12:36:04Z
370	ETH-BIB-Fliehende_Wildebeest_(Gnus)-Kilimanjaroflug_1929-30-LBS_MH02-07-0345.tif	User:DrTrigon/logs/eth-bib	DrTrigon	2016-08-05T01:39:38Z
371	ETH-BIB-Fliehende_Wildebeest_(Gnus)-Kilimanjaroflug_1929-30-LBS_MH02-07-0345.tif	Commons:WikiProject Aviation/recent uploads/2016 June 21	Uli Elch	2017-03-16T12:36:04Z
372	ETH-BIB-Korfu_mit_der_Insel_Vido_von_Süd-Westen_aus_1000_m_Höhe-Persienflug_1924-1925-LBS_MH02-02-0003-AL-FL.tif	User:DrTrigon/logs/eth-bib	DrTrigon	2016-08-05T01:39:38Z
373	ETH-BIB-Couvet-Inlandflüge-LBS_MH01-001279.tif	Commons:WikiProject Aviation/recent uploads/2016 December 15/Overflow 1	Sémhur	2017-02-23T17:29:48Z
374	ETH-BIB-Couvet-Inlandflüge-LBS_MH01-001280.tif	Commons:WikiProject Aviation/recent uploads/2016 December 15/Overflow 1	Sémhur	2017-02-23T17:29:48Z
375	ETH-BIB-Delémont,_Centre_aus_300_m-Inlandflüge-LBS_MH01-000743.tif	Commons:WikiProject Aviation/recent uploads/2016 December 15	Jasonanaggie	2017-01-08T14:15:24Z
376	ETH-BIB-Kloster_Fahr-Inlandflüge-LBS_MH01-001583.tif	Commons:WikiProject Aviation/recent uploads/2016 December 15/Overflow 1	Sémhur	2017-02-23T17:29:48Z
377	ETH-BIB-Kloster_Fahr-Inlandflüge-LBS_MH01-001883.tif	Commons:WikiProject Aviation/recent uploads/2016 December 15/Overflow 1	Sémhur	2017-02-23T17:29:48Z
378	ETH-BIB-Aroser_Rothorn,_Arosa,_Weissfluh_v._-Inlandflüge-.tif	Commons:WikiProject Aviation/recent uploads/2016 December 15	Jasonanaggie	2017-01-08T14:15:24Z
379	ETH-BIB-San_Salvatore,_Lugano_v._S._aus_1000_m-Inlandflüge-LBS_MH01-001344.tif	Commons:WikiProject Aviation/recent uploads/2016 December 15/Overflow 1	Sémhur	2017-02-23T17:29:48Z
380	ETH-BIB-Freiburg_=_Fribourg_v._S._aus_500_m-Inlandflüge-LBS_MH01-000710.tif	Commons:WikiProject Aviation/recent uploads/2016 December 15	Jasonanaggie	2017-01-08T14:15:24Z
381	ETH-BIB-Fribourg,_Altstadt_aus_600_m-Inlandflüge-LBS_MH01-000713.tif	Commons:WikiProject Aviation/recent uploads/2016 December 15	Jasonanaggie	2017-01-08T14:15:24Z
382	ETH-BIB-Gäbris,_das_stark_zerschnittene_Appenzeller_Hügeland,_v._S._aus_3000_m-Inlandflüge-LBS_MH01-000336.tif	Commons:WikiProject Aviation/recent uploads/2016 December 15	Jasonanaggie	2017-01-08T14:15:24Z
383	ETH-BIB-Gandria_am_Luganersee_aus100_m-Inlandflüge-LBS_MH01-001939.tif	Commons:WikiProject Aviation/recent uploads/2016 December 15/Overflow 1	Sémhur	2017-02-23T17:29:48Z
384	ETH-BIB-Genf_=_Genève_v._N._W._aus_200_m-Inlandflüge-LBS_MH01-002050.tif	Commons:WikiProject Aviation/recent uploads/2016 December 15/Overflow 1	Sémhur	2017-02-23T17:29:48Z
385	ETH-BIB-Genf_=_Genève,_Quai_du_Mont_Blanc,_Ile_Rousseau_aus_200_m-Inlandflüge-LBS_MH01-002053.tif	Commons:WikiProject Aviation/recent uploads/2016 December 15/Overflow 1	Sémhur	2017-02-23T17:29:48Z
386	ETH-BIB-Gersau_v._S._aus_100_m-Inlandflüge-LBS_MH01-001610.tif	Commons:WikiProject Aviation/recent uploads/2016 December 15/Overflow 1	Sémhur	2017-02-23T17:29:48Z
387	ETH-BIB-Gordola,_Tenero,_Vercasca_v._S._aus_1500_m-Inlandflüge-LBS_MH01-001129-AL.tif	Commons:WikiProject Aviation/recent uploads/2016 December 15/Overflow 1	Sémhur	2017-02-23T17:29:48Z
388	ETH-BIB-Greifensee,_Städtchen_aus_500_m-Inlandflüge-LBS_MH01-000686.tif	Commons:WikiProject Aviation/recent uploads/2016 December 15	Jasonanaggie	2017-01-08T14:15:24Z
389	ETH-BIB-Grenchen_v._S._aus_500_m-Inlandflüge-LBS_MH01-001430.tif	Commons:WikiProject Aviation/recent uploads/2016 December 15/Overflow 1	Sémhur	2017-02-23T17:29:48Z
390	ETH-BIB-Gunten_am_Thunersee_aus_200_m-Inlandflüge-LBS_MH01-001598.tif	Commons:WikiProject Aviation/recent uploads/2016 December 15/Overflow 1	Sémhur	2017-02-23T17:29:48Z
391	ETH-BIB-Hilterfingen_am_Thunersee_aus_100_m-Inlandflüge-LBS_MH01-001612.tif	Commons:WikiProject Aviation/recent uploads/2016 December 15/Overflow 1	Sémhur	2017-02-23T17:29:48Z
392	ETH-BIB-Hinwil_aus_100_m-Inlandflüge-LBS_MH01-001894.tif	Commons:WikiProject Aviation/recent uploads/2016 December 15/Overflow 1	Sémhur	2017-02-23T17:29:48Z
393	ETH-BIB-Basel,_Übersicht,_Riehen,_Lörrach_aus_800_m-Inlandflüge-LBS_MH01-001396.tif	Commons:WikiProject Aviation/recent uploads/2016 December 15/Overflow 1	Sémhur	2017-02-23T17:29:48Z
394	ETH-BIB-Basel,_Altstadt,_Zentrum,_Münster_aus_300_m-Inlandflüge-LBS_MH01-001422.tif	Commons:WikiProject Aviation/recent uploads/2016 December 15/Overflow 1	Sémhur	2017-02-23T17:29:48Z
395	ETH-BIB-Eglisau,_Seglingen,_Wiler-Inlandflüge-LBS_MH01-001828.tif	Commons:WikiProject Aviation/recent uploads/2016 December 15/Overflow 1	Sémhur	2017-02-23T17:29:48Z
396	ETH-BIB-Eglisau,_Wiler-Inlandflüge-LBS_MH01-001829.tif	Commons:WikiProject Aviation/recent uploads/2016 December 15/Overflow 1	Sémhur	2017-02-23T17:29:48Z
397	ETH-BIB-Schaffhausen-Inlandflüge-LBS_MH01-000921.tif	Commons:WikiProject Aviation/recent uploads/2016 December 15/Overflow 1	Sémhur	2017-02-23T17:29:48Z
398	ETH-BIB-St._Gallen,_Altstadt,_Bahnhof-Inlandflüge-LBS_MH01-000602.tif	Commons:WikiProject Aviation/recent uploads/2016 December 15	Jasonanaggie	2017-01-08T14:15:24Z
399	ETH-BIB-St._Gallen,_Altstadt_mit_Kloster_aus_800_m-Inlandflüge-LBS_MH01-000655.tif	Commons:WikiProject Aviation/recent uploads/2016 December 15	Jasonanaggie	2017-01-08T14:15:24Z
400	ETH-BIB-Steckborn,_Zentrum_aus_100_m-Inlandflüge-LBS_MH01-001873.tif	Commons:WikiProject Aviation/recent uploads/2016 December 15/Overflow 1	Sémhur	2017-02-23T17:29:48Z
401	ETH-BIB-Schönenberg,_Kradolf,_Thur,_Sulgen_v._S._aus_800_m-Inlandflüge-LBS_MH01-000643.tif	Commons:WikiProject Aviation/recent uploads/2016 December 15	Jasonanaggie	2017-01-08T14:15:24Z
402	ETH-BIB-Horgen_aus_250_m-Inlandflüge-LBS_MH01-001685.tif	Commons:WikiProject Aviation/recent uploads/2016 December 15/Overflow 1	Sémhur	2017-02-23T17:29:48Z
403	ETH-BIB-Interlaken_v._N._aus_500_m-Inlandflüge-LBS_MH01-001600.tif	Commons:WikiProject Aviation/recent uploads/2016 December 15/Overflow 1	Sémhur	2017-02-23T17:29:48Z
404	ETH-BIB-Jonschwil_(Toggenburg)_v._W._aus_300_m-Inlandflüge-LBS_MH01-001923.tif	Commons:WikiProject Aviation/recent uploads/2016 December 15/Overflow 1	Sémhur	2017-02-23T17:29:48Z
405	ETH-BIB-Kerns_aus_200_m-Inlandflüge-LBS_MH01-001608.tif	Commons:WikiProject Aviation/recent uploads/2016 December 15/Overflow 1	Sémhur	2017-02-23T17:29:48Z
406	ETH-BIB-Kilchberg,_Bendlikon-Schiffsteg-Inlandflüge-LBS_MH01-001804.tif	Commons:WikiProject Aviation/recent uploads/2016 December 15/Overflow 1	Sémhur	2017-02-23T17:29:48Z
407	ETH-BIB-Kirchberg,_Emme_v._N._O._aus_500_m-Inlandflüge-LBS_MH01-000832.tif	Commons:WikiProject Aviation/recent uploads/2016 December 15	Jasonanaggie	2017-01-08T14:15:24Z
408	ETH-BIB-Kraftwerk_Eglisau-Rheinsfelden_an_der_Mündung_der_Glatt_in_den_Rhein-Inlandflüge-LBS_MH01-001826.tif	Commons:WikiProject Aviation/recent uploads/2016 December 15/Overflow 1	Sémhur	2017-02-23T17:29:48Z
409	ETH-BIB-Rheinsfelden,_Kraftwerk_Eglisau_aus_200_m-Inlandflüge-LBS_MH01-001827.tif	Commons:WikiProject Aviation/recent uploads/2016 December 15/Overflow 1	Sémhur	2017-02-23T17:29:48Z
410	ETH-BIB-Küsnacht_am_Zürichsee_aus_200_m-Inlandflüge-LBS_MH01-001643.tif	Commons:WikiProject Aviation/recent uploads/2016 December 15/Overflow 1	Sémhur	2017-02-23T17:29:48Z
411	ETH-BIB-La_Chaux-de-Fonds,_Gare_aus_800_m-Inlandflüge-LBS_MH01-001282.tif	Commons:WikiProject Aviation/recent uploads/2016 December 15/Overflow 1	Sémhur	2017-02-23T17:29:48Z
412	ETH-BIB-La_Sarraz_mit_Schloss_v._W._aus_500_m-Inlandflüge-LBS_MH01-000830.tif	Commons:WikiProject Aviation/recent uploads/2016 December 15	Jasonanaggie	2017-01-08T14:15:24Z
413	ETH-BIB-La_Tour-de-Peilz_v._N._W._aus_600_m-Inlandflüge-LBS_MH01-000764.tif	Commons:WikiProject Aviation/recent uploads/2016 December 15	Jasonanaggie	2017-01-08T14:15:24Z
414	ETH-BIB-Lachen,_Zentrum,_Obersee_v._W._aus_300_m-Inlandflüge-LBS_MH01-001677.tif	Commons:WikiProject Aviation/recent uploads/2016 December 15/Overflow 1	Sémhur	2017-02-23T17:29:48Z
415	ETH-BIB-Laufenburg,_Laufenburg_(Deutschland),_Kleinlaufenburg_v._S._aus_800_m-Inlandflüge-LBS_MH01-001293.tif	Commons:WikiProject Aviation/recent uploads/2016 December 15/Overflow 1	Sémhur	2017-02-23T17:29:48Z
416	ETH-BIB-Laupen_v._S._aus_250_m-Inlandflüge-LBS_MH01-001170.tif	Commons:WikiProject Aviation/recent uploads/2016 December 15/Overflow 1	Sémhur	2017-02-23T17:29:48Z
417	ETH-BIB-Lenzburg,_das_mittelalterliche_Städtchen_im_Schutze_des_Schlossberges-Inlandflüge-LBS_MH01-001155.tif	Commons:WikiProject Aviation/recent uploads/2016 December 15/Overflow 1	Sémhur	2017-02-23T17:29:48Z
418	ETH-BIB-Leysin_v._N._aus_2500_m-Inlandflüge-LBS_MH01-001438.tif	Commons:WikiProject Aviation/recent uploads/2016 December 15/Overflow 1	Sémhur	2017-02-23T17:29:48Z
419	ETH-BIB-Lichtensteig_v._W._aus_300_m-Inlandflüge-LBS_MH01-001918.tif	Commons:WikiProject Aviation/recent uploads/2016 December 15/Overflow 1	Sémhur	2017-02-23T17:29:48Z
420	ETH-BIB-Locarno_aus_600_m-Inlandflüge-LBS_MH01-001314.tif	Commons:WikiProject Aviation/recent uploads/2016 December 15/Overflow 1	Sémhur	2017-02-23T17:29:48Z
421	ETH-BIB-Luzern,_Übersicht-Inlandflüge-LBS_MH01-000491.tif	Commons:WikiProject Aviation/recent uploads/2016 December 15	Jasonanaggie	2017-01-08T14:15:24Z
422	ETH-BIB-Luzern,_Hofkirche-Inlandflüge-LBS_MH01-001749.tif	Commons:WikiProject Aviation/recent uploads/2016 December 15/Overflow 1	Sémhur	2017-02-23T17:29:48Z
423	ETH-BIB-Luzern,_Kapellbrücke,_Bahnhof,_Festhalle-Inlandflüge-LBS_MH01-001756.tif	Commons:WikiProject Aviation/recent uploads/2016 December 15/Overflow 1	Sémhur	2017-02-23T17:29:48Z
424	ETH-BIB-Lugano,_Paradiso_aus_200_m-Inlandflüge-LBS_MH01-001954.tif	Commons:WikiProject Aviation/recent uploads/2016 December 15/Overflow 1	Sémhur	2017-02-23T17:29:48Z
425	ETH-BIB-Lugano,_Quai_aus_150_m-Inlandflüge-LBS_MH01-001983-AL.tif	Commons:WikiProject Aviation/recent uploads/2016 December 15/Overflow 1	Sémhur	2017-02-23T17:29:48Z
426	ETH-BIB-Matterhorn,_Grand_Combin,_Mont_Blanc_aus_4500_m-Inlandflüge-LBS_MH01-002131.tif	Commons:WikiProject Aviation/recent uploads/2016 December 15/Overflow 1	Sémhur	2017-02-23T17:29:48Z
427	ETH-BIB-Nikolaital,_Matterhorn,_Täsch,_Zermattertal_v._N._aus_4000_m-Inlandflüge-LBS_MH01-000394.tif	Commons:WikiProject Aviation/recent uploads/2016 December 15	Jasonanaggie	2017-01-08T14:15:24Z
428	ETH-BIB-Schawarzberggletscher,_Mischabel,_Mattmark_v._S.-Inlandflüge-LBS_MH01-002047.tif	Commons:WikiProject Aviation/recent uploads/2016 December 15/Overflow 1	Sémhur	2017-02-23T17:29:48Z
429	ETH-BIB-Mauensee,_Kaltbach_v._S._aus_800_m-Inlandflüge-LBS_MH01-000536.tif	Commons:WikiProject Aviation/recent uploads/2016 December 15	Jasonanaggie	2017-01-08T14:15:24Z
430	ETH-BIB-Männedorf_aus_200_m-Inlandflüge-LBS_MH01-001649.tif	Commons:WikiProject Aviation/recent uploads/2016 December 15/Overflow 1	Sémhur	2017-02-23T17:29:48Z
431	ETH-BIB-Meilen,_Zentrum_aus_200_m-Inlandflüge-LBS_MH01-001659.tif	Commons:WikiProject Aviation/recent uploads/2016 December 15/Overflow 1	Sémhur	2017-02-23T17:29:48Z
432	ETH-BIB-Melide_v._S._O._aus_100_m-Inlandflüge-LBS_MH01-001965.tif	Commons:WikiProject Aviation/recent uploads/2016 December 15/Overflow 1	Sémhur	2017-02-23T17:29:48Z
433	ETH-BIB-Montreux_v._W._aus_500_m-Inlandflüge-LBS_MH01-000803.tif	Commons:WikiProject Aviation/recent uploads/2016 December 15	Jasonanaggie	2017-01-08T14:15:24Z
434	ETH-BIB-Morges_aus_100_m-Inlandflüge-LBS_MH01-002054.tif	Commons:WikiProject Aviation/recent uploads/2016 December 15/Overflow 1	Sémhur	2017-02-23T17:29:48Z
435	ETH-BIB-Môtiers,_Val_de_Travers-Inlandflüge-LBS_MH01-001172.tif	Commons:WikiProject Aviation/recent uploads/2016 December 15/Overflow 1	Sémhur	2017-02-23T17:29:48Z
436	ETH-BIB-Münchenstein_mit_Fabriken_v._S._aus_600_m-Inlandflüge-LBS_MH01-001414.tif	Commons:WikiProject Aviation/recent uploads/2016 December 15/Overflow 1	Sémhur	2017-02-23T17:29:48Z
437	ETH-BIB-Muralto,_Minusion,_Locarno_v._S._aus_500_m-Inlandflüge-LBS_MH01-001317.tif	Commons:WikiProject Aviation/recent uploads/2016 December 15/Overflow 1	Sémhur	2017-02-23T17:29:48Z
438	ETH-BIB-Murg_v._N._aus_200_m-Inlandflüge-LBS_MH01-002092.tif	Commons:WikiProject Aviation/recent uploads/2016 December 15/Overflow 1	Sémhur	2017-02-23T17:29:48Z
439	ETH-BIB-Murten_aus_500_m-Inlandflüge-LBS_MH01-001168.tif	Commons:WikiProject Aviation/recent uploads/2016 December 15/Overflow 1	Sémhur	2017-02-23T17:29:48Z
440	ETH-BIB-Nänikon_bei_Uster_aus_300_m-Inlandflüge-LBS_MH01-001389.tif	Commons:WikiProject Aviation/recent uploads/2016 December 15/Overflow 1	Sémhur	2017-02-23T17:29:48Z
441	ETH-BIB-Neu_St._Johann,_Nesslau,_Steinerberg,_Neuenalpspitz_v._N._W._aus_200_m-Inlandflüge-LBS_MH01-001911.tif	Commons:WikiProject Aviation/recent uploads/2016 December 15/Overflow 1	Sémhur	2017-02-23T17:29:48Z
442	ETH-BIB-Neuchâtel_aus_700_m-Inlandflüge-LBS_MH01-000787.tif	Commons:WikiProject Aviation/recent uploads/2016 December 15	Jasonanaggie	2017-01-08T14:15:24Z
443	ETH-BIB-Nyon_v._N._W._aus_400_m-Inlandflüge-LBS_MH01-000770.tif	Commons:WikiProject Aviation/recent uploads/2016 December 15	Jasonanaggie	2017-01-08T14:15:24Z
444	ETH-BIB-Orbe_v._W._aus_600_m-Inlandflüge-LBS_MH01-000790-01.tif	Commons:WikiProject Aviation/recent uploads/2016 December 15	Jasonanaggie	2017-01-08T14:15:24Z
445	ETH-BIB-Otelfingen_v._S._aus_400_m-Inlandflüge-LBS_MH01-000982.tif	Commons:WikiProject Aviation/recent uploads/2016 December 15/Overflow 1	Sémhur	2017-02-23T17:29:48Z
446	ETH-BIB-Ouchy,_Lausanne_aus_100_m-Inlandflüge-LBS_MH01-002052.tif	Commons:WikiProject Aviation/recent uploads/2016 December 15/Overflow 1	Sémhur	2017-02-23T17:29:48Z
447	ETH-BIB-Neuenburgersee,_vol_d'escardrille,_Chaumont,_Neuchâtel,_Le_Val_de_Ruz-Inlandflüge-LBS_MH01-000104.tif	Commons:WikiProject Aviation/recent uploads/2016 December 15	Jasonanaggie	2017-01-08T14:15:24Z
448	ETH-BIB-Lac_de_Neuchâtel,_Vol_d'escadrill_v._S._aus_2000_m-Inlandflüge-LBS_MH01-000103.tif	Commons:WikiProject Aviation/recent uploads/2016 December 15	Jasonanaggie	2017-01-08T14:15:24Z
449	ETH-BIB-Regensberg_mit_Lägern_aus_1500_m-Inlandflüge-LBS_MH01-000111.tif	Commons:WikiProject Aviation/recent uploads/2016 December 15	Jasonanaggie	2017-01-08T14:15:24Z
450	ETH-BIB-Fribourg,_Altstadt_aus_500_m-Inlandflüge-LBS_MH01-000107.tif	Commons:WikiProject Aviation/recent uploads/2016 December 15	Jasonanaggie	2017-01-08T14:15:24Z
451	ETH-BIB-Winterthur,_Stadtkirche_aus_300_m-Inlandflüge-LBS_MH01-000110.tif	Commons:WikiProject Aviation/recent uploads/2016 December 15	Jasonanaggie	2017-01-08T14:15:24Z
452	ETH-BIB-Doppeldecker_über_dem_Neuenburgersee_aus_2500_m-Inlandflüge-LBS_MH01-000108.tif	Commons:WikiProject Aviation/recent uploads/2016 December 15	Jasonanaggie	2017-01-08T14:15:24Z
453	ETH-BIB-Hundwilerhöhi,_Säntis,_Kronberg,_Winterlandschaft_v._N._aus_3000_m-Inlandflüge-LBS_MH01-000116.tif	Commons:WikiProject Aviation/recent uploads/2016 December 15	Jasonanaggie	2017-01-08T14:15:24Z
454	ETH-BIB-Maderanertal,_Hüfigletscher,_Scherhorn,_Tödi_aus_3500_m-Inlandflüge-LBS_MH01-000127.tif	Commons:WikiProject Aviation/recent uploads/2016 December 15	Jasonanaggie	2017-01-08T14:15:24Z
455	ETH-BIB-Wasserauen,_Säntis,_Kasten_v._O._aus_3000_m-Inlandflüge-LBS_MH01-000118.tif	Commons:WikiProject Aviation/recent uploads/2016 December 15	Jasonanaggie	2017-01-08T14:15:24Z
456	ETH-BIB-Hoher_Kasten,_Säntis_v._O._aus_3000_m-Inlandflüge-LBS_MH01-000117.tif	Commons:WikiProject Aviation/recent uploads/2016 December 15	Jasonanaggie	2017-01-08T14:15:24Z
457	ETH-BIB-Churfirsten,_Südabsturz_v._O._aus_3000_m-Inlandflüge-LBS_MH01-000121.tif	Commons:WikiProject Aviation/recent uploads/2016 December 15	Jasonanaggie	2017-01-08T14:15:24Z
458	ETH-BIB-Schlossberg,_Spannort,_Krönten_v._O._aus_3500_m-Inlandflüge-LBS_MH01-000128.tif	Commons:WikiProject Aviation/recent uploads/2016 December 15	Jasonanaggie	2017-01-08T14:15:24Z
459	ETH-BIB-Albula,_Piz_Medel_und_Medelstal,_von_N._W._aus_3400_m-Inlandflüge-LBS_MH01-000126.tif	Commons:WikiProject Aviation/recent uploads/2016 December 15	Jasonanaggie	2017-01-08T14:15:24Z
460	ETH-BIB-Tödi,_Brigelshörner,_Bifertenstock_v._S._aus_3400_m-Inlandflüge-LBS_MH01-000125.tif	Commons:WikiProject Aviation/recent uploads/2016 December 15	Jasonanaggie	2017-01-08T14:15:24Z
461	ETH-BIB-Wildhaus,_Altmann_v._O._aus_3000_m-Inlandflüge-LBS_MH01-000124.tif	Commons:WikiProject Aviation/recent uploads/2016 December 15	Jasonanaggie	2017-01-08T14:15:24Z
462	ETH-BIB-Mürtschenstock,_Klöntal_v._O._aus_3000_m-Inlandflüge-LBS_MH01-000133.tif	Commons:WikiProject Aviation/recent uploads/2016 December 15	Jasonanaggie	2017-01-08T14:15:24Z
463	ETH-BIB-Thun,_Übersicht_v._S._O._aus_1500_m-Inlandflüge-LBS_MH01-000131.tif	Commons:WikiProject Aviation/recent uploads/2016 December 15	Jasonanaggie	2017-01-08T14:15:24Z
464	ETH-BIB-Mürtschenstock,_Amdenermulde_v._S._aus_3000_m-Inlandflüge-LBS_MH01-000136.tif	Commons:WikiProject Aviation/recent uploads/2016 December 15	Jasonanaggie	2017-01-08T14:15:24Z
465	ETH-BIB-Spiez,_Thunersee-Inlandflüge-LBS_MH01-000132.tif	Commons:WikiProject Aviation/recent uploads/2016 December 15	Jasonanaggie	2017-01-08T14:15:24Z
466	ETH-BIB-Fronalpstock,_Neuenkamm,_Weesen,_Plattenalp,_Thalalpsee_aus_3000_m-Inlandflüge-LBS_MH01-000134.tif	Commons:WikiProject Aviation/recent uploads/2016 December 15	Jasonanaggie	2017-01-08T14:15:24Z
467	ETH-BIB-Spitzmeilen,_Alvier,_Churfirsten-Kette,_Säntis_aus_3000_m-Inlandflüge-LBS_MH01-000137.tif	Commons:WikiProject Aviation/recent uploads/2016 December 15	Jasonanaggie	2017-01-08T14:15:24Z
468	ETH-BIB-Säntis,_Churfirsten_v._N._aus_3200_m-Inlandflüge-LBS_MH01-000142.tif	Commons:WikiProject Aviation/recent uploads/2016 December 15	Jasonanaggie	2017-01-08T14:15:24Z
469	ETH-BIB-Fronalpstock-Kette,_Mürtschenstock,_Churfirsten_v._S._aus_3000_m-Inlandflüge-LBS_MH01-000135.tif	Commons:WikiProject Aviation/recent uploads/2016 December 15	Jasonanaggie	2017-01-08T14:15:24Z
470	ETH-BIB-Glärnisch,_Klöntalersee,_Vrenelisgärtli_v._O._aus_3200_m-Inlandflüge-LBS_MH01-000138.tif	Commons:WikiProject Aviation/recent uploads/2016 December 15	Jasonanaggie	2017-01-08T14:15:24Z
471	ETH-BIB-Tschingelhörner_mit_Martinsloch_und_Segnespass_über_Elm,_Sardona,_Ringelspitze_v._W._aus_3300_m-Inlandflüge-LBS_MH01-000141.tif	Commons:WikiProject Aviation/recent uploads/2016 December 15	Jasonanaggie	2017-01-08T14:15:24Z
472	ETH-BIB-Säntiskette_v._W._aus_3200_m-Inlandflüge-LBS_MH01-000146.tif	Commons:WikiProject Aviation/recent uploads/2016 December 15	Jasonanaggie	2017-01-08T14:15:24Z
473	ETH-BIB-Hausstock,_Ruchen-Inlandflüge-LBS_MH01-000140.tif	Commons:WikiProject Aviation/recent uploads/2016 December 15	Jasonanaggie	2017-01-08T14:15:24Z
474	ETH-BIB-Säntis,_Rheintal,_Montafon_v._N._W._aus_3200_m-Inlandflüge-LBS_MH01-000143.tif	Commons:WikiProject Aviation/recent uploads/2016 December 15	Jasonanaggie	2017-01-08T14:15:24Z
475	ETH-BIB-Walensee,_Churfirsten,_Seeztal_v._N._W._aus_3300_m-Inlandflüge-LBS_MH01-000153.tif	Commons:WikiProject Aviation/recent uploads/2016 December 15	Jasonanaggie	2017-01-08T14:15:24Z
476	ETH-BIB-Säntiskette,_Übersicht_v._S._O._3200_m-Inlandflüge-LBS_MH01-000144.tif	Commons:WikiProject Aviation/recent uploads/2016 December 15	Jasonanaggie	2017-01-08T14:15:24Z
477	ETH-BIB-Marwees,_Kreuzberge,_Rheintal,_Fläscherberg_v._N._aus_3200_m-Inlandflüge-LBS_MH01-000145.tif	Commons:WikiProject Aviation/recent uploads/2016 December 15	Jasonanaggie	2017-01-08T14:15:24Z
478	ETH-BIB-Neuenburg_aus_800_m-Inlandflüge-LBS_MH01-000148.tif	Commons:WikiProject Aviation/recent uploads/2016 December 15	Jasonanaggie	2017-01-08T14:15:24Z
479	ETH-BIB-Säntis,_Alvierkette_v._N._aus_3200_m-Inlandflüge-LBS_MH01-000147.tif	Commons:WikiProject Aviation/recent uploads/2016 December 15	Jasonanaggie	2017-01-08T14:15:24Z
480	ETH-BIB-Altmann,_Mäglisalp,_Churfirsten_v._O._aus_3200_m-Inlandflüge-LBS_MH01-000150.tif	Commons:WikiProject Aviation/recent uploads/2016 December 15	Jasonanaggie	2017-01-08T14:15:24Z
481	ETH-BIB-Rheintal,_Fläscherberg,_Luziensteig_v._N._aus_3200_m-Inlandflüge-LBS_MH01-000151.tif	Commons:WikiProject Aviation/recent uploads/2016 December 15	Jasonanaggie	2017-01-08T14:15:24Z
482	ETH-BIB-Alviergruppe_mit_Churfirsten_v._N._O._aus_3300_m-Inlandflüge-LBS_MH01-000157.tif	Commons:WikiProject Aviation/recent uploads/2016 December 15	Jasonanaggie	2017-01-08T14:15:24Z
483	ETH-BIB-Montafon,_Feldkirch_v._W._aus_3300_m-Inlandflüge-LBS_MH01-000156.tif	Commons:WikiProject Aviation/recent uploads/2016 December 15	Jasonanaggie	2017-01-08T14:15:24Z
484	ETH-BIB-Rheintal_mit_Fläscherberg_und_Luziensteig_aus_3500_m-Inlandflüge-LBS_MH01-000152.tif	Commons:WikiProject Aviation/recent uploads/2016 December 15	Jasonanaggie	2017-01-08T14:15:24Z
485	ETH-BIB-Alviergruppe_von_Buchs_aus_v._N._O._aus_3300_m-Inlandflüge-LBS_MH01-000158.tif	Commons:WikiProject Aviation/recent uploads/2016 December 15	Jasonanaggie	2017-01-08T14:15:24Z
486	ETH-BIB-Appenzeller_Hügelland,_Sittertal,_St._Gallen,_Bodensee_v._S._aus_3300_m-Inlandflüge-LBS_MH01-000160.tif	Commons:WikiProject Aviation/recent uploads/2016 December 15	Jasonanaggie	2017-01-08T14:15:24Z
487	ETH-BIB-Alviergruppe,_Sichelkamm,_Walensee,_Glarneralpen_v._O._aus_3300_m-Inlandflüge-LBS_MH01-000159.tif	Commons:WikiProject Aviation/recent uploads/2016 December 15	Jasonanaggie	2017-01-08T14:15:24Z
488	ETH-BIB-Stanserhorn,_Sarnersee,_Sarnen,_Berneralpen_v._N._aus_3500_m-Inlandflüge-LBS_MH01-000171.tif	Commons:WikiProject Aviation/recent uploads/2016 December 15	Jasonanaggie	2017-01-08T14:15:24Z
489	ETH-BIB-Uri_Rotstock,_Gitschen_v._O._aus_3300_m-Inlandflüge-LBS_MH01-000173.tif	Commons:WikiProject Aviation/recent uploads/2016 December 15	Jasonanaggie	2017-01-08T14:15:24Z
490	ETH-BIB-Pilatus,_Alpnachersee_v._N._O._aus_3200_m-Inlandflüge-LBS_MH01-000169.tif	Commons:WikiProject Aviation/recent uploads/2016 December 15	Jasonanaggie	2017-01-08T14:15:24Z
491	ETH-BIB-Zürich,_Übersicht,_Üetliberg_aus_2500_m-Inlandflüge-LBS_MH01-000167.tif	Commons:WikiProject Aviation/recent uploads/2016 December 15	Jasonanaggie	2017-01-08T14:15:24Z
492	ETH-BIB-Morges-Inlandflüge-LBS_MH01-000165.tif	Commons:WikiProject Aviation/recent uploads/2016 December 15	Jasonanaggie	2017-01-08T14:15:24Z
493	ETH-BIB-Grandson,_links_oben_das_Schloss-Inlandflüge-LBS_MH01-000172.tif	Commons:WikiProject Aviation/recent uploads/2016 December 15	Jasonanaggie	2017-01-08T14:15:24Z
494	ETH-BIB-Engelbergertal,_Sustenhörner_v._N._aus_3200_m-Inlandflüge-LBS_MH01-000168.tif	Commons:WikiProject Aviation/recent uploads/2016 December 15	Jasonanaggie	2017-01-08T14:15:24Z
495	ETH-BIB-Zürich-Wollishofen,_Üetliberg-Inlandflüge-LBS_MH01-000166.tif	Commons:WikiProject Aviation/recent uploads/2016 December 15	Jasonanaggie	2017-01-08T14:15:24Z
496	ETH-BIB-Krontengebiet_v._N._O._aus_3300_m-Inlandflüge-LBS_MH01-000176.tif	Commons:WikiProject Aviation/recent uploads/2016 December 15	Jasonanaggie	2017-01-08T14:15:24Z
497	ETH-BIB-Uri_Rotstock,_Surenenpass_v._N._O._aus_3300_m-Inlandflüge-LBS_MH01-000174.tif	Commons:WikiProject Aviation/recent uploads/2016 December 15	Jasonanaggie	2017-01-08T14:15:24Z
498	ETH-BIB-Glattenfirn,_Spannort,_Schlossberggrat-Inlandflüge-LBS_MH01-000175.tif	Commons:WikiProject Aviation/recent uploads/2016 December 15	Jasonanaggie	2017-01-08T14:15:24Z
499	ETH-BIB-Vorab,_Vorab-Gletscher_v._N._aus_3500_m-Inlandflüge-LBS_MH01-000178.tif	Commons:WikiProject Aviation/recent uploads/2016 December 15	Jasonanaggie	2017-01-08T14:15:24Z
500	ETH-BIB-Krontengebiet,_Schlossberg,_Reusstal_v._N._aus_3300_m-Inlandflüge-LBS_MH01-000177.tif	Commons:WikiProject Aviation/recent uploads/2016 December 15	Jasonanaggie	2017-01-08T14:15:24Z
501	ETH-BIB-Bocktschingel,_Tüfels,_Stöck,_Tödi-Inlandflüge-LBS_MH01-000180.tif	Commons:WikiProject Aviation/recent uploads/2016 December 15	Jasonanaggie	2017-01-08T14:15:24Z
502	ETH-BIB-Bifertenstock,_Bifertengletscher_v._N._W._aus_3700_m-Inlandflüge-LBS_MH01-000179.tif	Commons:WikiProject Aviation/recent uploads/2016 December 15	Jasonanaggie	2017-01-08T14:15:24Z
503	ETH-BIB-Claridenstock,_Tödi-Inlandflüge-LBS_MH01-000182.tif	Commons:WikiProject Aviation/recent uploads/2016 December 15	Jasonanaggie	2017-01-08T14:15:24Z
504	ETH-BIB-Zürich,_Übersicht-Inlandflüge-LBS_MH01-000189.tif	Commons:WikiProject Aviation/recent uploads/2016 December 15	Jasonanaggie	2017-01-08T14:15:24Z
505	ETH-BIB-Wolken-Inlandflüge-LBS_MH01-000187.tif	Commons:WikiProject Aviation/recent uploads/2016 December 15	Jasonanaggie	2017-01-08T14:15:24Z
506	ETH-BIB-GrossRuchen,_Düssitstock,_Tödi_v._N._O._aus_3600_m-Inlandflüge-LBS_MH01-000184.tif	Commons:WikiProject Aviation/recent uploads/2016 December 15	Jasonanaggie	2017-01-08T14:15:24Z
507	ETH-BIB-Gr._Windgällen,_Ruchen,_Tödi_v._N._aus_3500_m-Inlandflüge-LBS_MH01-000185.tif	Commons:WikiProject Aviation/recent uploads/2016 December 15	Jasonanaggie	2017-01-08T14:15:24Z
508	ETH-BIB-Kaiserstockkette,_Muotathal_v._S._aus_3600_m-Inlandflüge-LBS_MH01-000186.tif	Commons:WikiProject Aviation/recent uploads/2016 December 15	Jasonanaggie	2017-01-08T14:15:24Z
509	ETH-BIB-Murgseetal,_Churfirsten,_Säntis-Inlandflüge-LBS_MH01-000194.tif	Commons:WikiProject Aviation/recent uploads/2016 December 15	Jasonanaggie	2017-01-08T14:15:24Z
510	ETH-BIB-Sargans-Inlandflüge-LBS_MH01-000190.tif	Commons:WikiProject Aviation/recent uploads/2016 December 15	Jasonanaggie	2017-01-08T14:15:24Z
511	ETH-BIB-Zürich,_Hauptbahnhof,_Kaserne-Inlandflüge-LBS_MH01-000192.tif	Commons:WikiProject Aviation/recent uploads/2016 December 15	Jasonanaggie	2017-01-08T14:15:24Z
512	ETH-BIB-Binntal,_Helsenhorn,_Wolken_v._N._aus_3000_m-Inlandflüge-LBS_MH01-000200.tif	Commons:WikiProject Aviation/recent uploads/2016 December 15	Jasonanaggie	2017-01-08T14:15:24Z
513	ETH-BIB-St._Gallen,_Übersicht_aus_2600_m-Inlandflüge-LBS_MH01-000198-AL.tif	Commons:WikiProject Aviation/recent uploads/2016 December 15	Jasonanaggie	2017-01-08T14:15:24Z
514	ETH-BIB-Düssistock,_Ruchen,_Bündneralpen_v._N._aus_3800_m-Inlandflüge-LBS_MH01-000195.tif	Commons:WikiProject Aviation/recent uploads/2016 December 15	Jasonanaggie	2017-01-08T14:15:24Z
515	ETH-BIB-St._Gallen,_Bodensee_v._W._aus_3000_m-Inlandflüge-LBS_MH01-000196.tif	Commons:WikiProject Aviation/recent uploads/2016 December 15	Jasonanaggie	2017-01-08T14:15:24Z
516	ETH-BIB-Blinnenhorn,_Griessgletscher_v._3600_m-Inlandflüge-LBS_MH01-000202.tif	Commons:WikiProject Aviation/recent uploads/2016 December 15	Jasonanaggie	2017-01-08T14:15:24Z
517	ETH-BIB-Über_dem_Aletschgletscher_v._S._aus_3600_m-Inlandflüge-LBS_MH01-000203.tif	Commons:WikiProject Aviation/recent uploads/2016 December 15	Jasonanaggie	2017-01-08T14:15:24Z
518	ETH-BIB-Aletschgletscher_mit_Wolken_v._S._aus_3600_m-Inlandflüge-LBS_MH01-000204.tif	Commons:WikiProject Aviation/recent uploads/2016 December 15	Jasonanaggie	2017-01-08T14:15:24Z
519	ETH-BIB-Wolkenstimmung_über_Berner_Alpen_v._S._aus_4000_m-Inlandflüge-LBS_MH01-000205.tif	Commons:WikiProject Aviation/recent uploads/2016 December 15	Jasonanaggie	2017-01-08T14:15:24Z
520	ETH-BIB-Leukerbad,_Balmhorn_in_Wolken_v._S._aus_4000_m-Inlandflüge-LBS_MH01-000208.tif	Commons:WikiProject Aviation/recent uploads/2016 December 15	Jasonanaggie	2017-01-08T14:15:24Z
521	ETH-BIB-Leukerbad,_Lötschental_mit_Wolken_aus_4000_m-Inlandflüge-LBS_MH01-000207.tif	Commons:WikiProject Aviation/recent uploads/2016 December 15	Jasonanaggie	2017-01-08T14:15:24Z
522	ETH-BIB-Leukerbad,_Gemmi,_Balmhorn_v._S._aus_3500_m-Inlandflüge-LBS_MH01-000209.tif	Commons:WikiProject Aviation/recent uploads/2016 December 15	Jasonanaggie	2017-01-08T14:15:24Z
523	ETH-BIB-Rhonetal_bei_Sitten,_l._Ausmündung_der_Morge,_r._der_Borgne_v._W._aus_4000_m-Inlandflüge-LBS_MH01-000212.tif	Commons:WikiProject Aviation/recent uploads/2016 December 15	Jasonanaggie	2017-01-08T14:15:24Z
524	ETH-BIB-Brig,_Rhônetal,_Übersicht_aus_4000_m-Inlandflüge-LBS_MH01-000214.tif	Commons:WikiProject Aviation/recent uploads/2016 December 15	Jasonanaggie	2017-01-08T14:15:24Z
525	ETH-BIB-Rhônetal,_Übersicht_aus_4000_m-Inlandflüge-LBS_MH01-000213.tif	Commons:WikiProject Aviation/recent uploads/2016 December 15	Jasonanaggie	2017-01-08T14:15:24Z
526	ETH-BIB-Rhônetal,_Übersicht,_Visp_aus_4000_m-Inlandflüge-LBS_MH01-000210.tif	Commons:WikiProject Aviation/recent uploads/2016 December 15	Jasonanaggie	2017-01-08T14:15:24Z
527	ETH-BIB-Dent_de_Morcles,_Wolken_v._S._aus_4000_m-Inlandflüge-LBS_MH01-000217.tif	Commons:WikiProject Aviation/recent uploads/2016 December 15	Jasonanaggie	2017-01-08T14:15:24Z
528	ETH-BIB-Bourg-Saint-Pierre,_Val_d'Entremont,_Val_Ferret_v._N._O._aus_4000_m-Inlandflüge-LBS_MH01-000216.tif	Commons:WikiProject Aviation/recent uploads/2016 December 15	Jasonanaggie	2017-01-08T14:15:24Z
529	ETH-BIB-Lac_de_Fully,_Dents_de_Morcles,_Wolken_v._S._aus_4000_m-Inlandflüge-LBS_MH01-000218.tif	Commons:WikiProject Aviation/recent uploads/2016 December 15	Jasonanaggie	2017-01-08T14:15:24Z
530	ETH-BIB-Dent_de_Morcles,_Glacier_des_Martinets_v._S._O._aus_4000_m-Inlandflüge-LBS_MH01-000219.tif	Commons:WikiProject Aviation/recent uploads/2016 December 15	Jasonanaggie	2017-01-08T14:15:24Z
531	ETH-BIB-Dents_du_Midi-Inlandflüge-LBS_MH01-000220.tif	Commons:WikiProject Aviation/recent uploads/2016 December 15	Jasonanaggie	2017-01-08T14:15:24Z
532	ETH-BIB-Martigny,_Pic_de_Catogne_v._N._aus_4000_m-Inlandflüge-LBS_MH01-000223.tif	Commons:WikiProject Aviation/recent uploads/2016 December 15	Jasonanaggie	2017-01-08T14:15:24Z
533	ETH-BIB-Tour_d'Aï_in_den_Wolken_aus_3600_m-Inlandflüge-LBS_MH01-000224.tif	Commons:WikiProject Aviation/recent uploads/2016 December 15	Jasonanaggie	2017-01-08T14:15:24Z
534	ETH-BIB-Villars-sur-Ollon,_Tours_d'Ai_v._S._aus_3600_m-Inlandflüge-LBS_MH01-000225.tif	Commons:WikiProject Aviation/recent uploads/2016 December 15	Jasonanaggie	2017-01-08T14:15:24Z
535	ETH-BIB-Zürich,_Grossmünster,_Limmat,_Gemüsebrücke_aus_600_m-Inlandflüge-LBS_MH01-000229.tif	Commons:WikiProject Aviation/recent uploads/2016 December 15	Jasonanaggie	2017-01-08T14:15:24Z
536	ETH-BIB-Zürich,_Universität,_Universitätsspital,_Limmat-Inlandflüge-LBS_MH01-000228.tif	Commons:WikiProject Aviation/recent uploads/2016 December 15	Jasonanaggie	2017-01-08T14:15:24Z
537	ETH-BIB-Châtel-Saint-Denis-Inlandflüge-LBS_MH01-000230.tif	Commons:WikiProject Aviation/recent uploads/2016 December 15	Jasonanaggie	2017-01-08T14:15:24Z
538	ETH-BIB-Wermatswil,_Fehraltorf,_Effretikon,_Pfäffikersee,_Zürcher_Oberland_v._W._aus_2500_m-Inlandflüge-LBS_MH01-000243.tif	Commons:WikiProject Aviation/recent uploads/2016 December 15	Jasonanaggie	2017-01-08T14:15:24Z
539	ETH-BIB-Etzel,_Einsiedeln_(im_Dunst),_Alptal,_Tal_von_Rothenturm,_Rigi_im_Nebelmeer_v._N._O._aus_2500_m-Inlandflüge-LBS_MH01-000245.tif	Commons:WikiProject Aviation/recent uploads/2016 December 15	Jasonanaggie	2017-01-08T14:15:24Z
540	ETH-BIB-Sustenhorn,_Fünfingerstock,_Steingletscher,_Galenstock_v._N.-Inlandflüge-LBS_MH01-000244.tif	Commons:WikiProject Aviation/recent uploads/2016 December 15	Jasonanaggie	2017-01-08T14:15:24Z
541	ETH-BIB-Linthebene_mit_Inselbergen-_Oberer_und_unterer_Buchberg_v._N._W._aus_2500_m-Inlandflüge-LBS_MH01-000247.tif	Commons:WikiProject Aviation/recent uploads/2016 December 15	Jasonanaggie	2017-01-08T14:15:24Z
542	ETH-BIB-Stöcklikreuz,_Übersicht,_Einsiedeln,_Rigi,_Weissegg_v._N._O._aus_2500_m-Inlandflüge-LBS_MH01-000246.tif	Commons:WikiProject Aviation/recent uploads/2016 December 15	Jasonanaggie	2017-01-08T14:15:24Z
543	ETH-BIB-Sernftal,_Piz_Segnes,_Piz_Sardone,_Ringelspitze_v._N._W._aus_3000_m-Inlandflüge-LBS_MH01-000254.tif	Commons:WikiProject Aviation/recent uploads/2016 December 15	Jasonanaggie	2017-01-08T14:15:24Z
544	ETH-BIB-Glarnerland,_Übersicht,_Glarus,_Linthal_v._N._aus_3000_m-Inlandflüge-LBS_MH01-000257.tif	Commons:WikiProject Aviation/recent uploads/2016 December 15	Jasonanaggie	2017-01-08T14:15:24Z
545	ETH-BIB-Lintheben,_Zürichsee,_Säntis_v._N._W._aus_2500_m-Inlandflüge-LBS_MH01-000260.tif	Commons:WikiProject Aviation/recent uploads/2016 December 15	Jasonanaggie	2017-01-08T14:15:24Z
546	ETH-BIB-Glärnisch_mit_Vrenelisgärtli,_Rigi,_Pilatus_aus_3500_m-Inlandflüge-LBS_MH01-000252.tif	Commons:WikiProject Aviation/recent uploads/2016 December 15	Jasonanaggie	2017-01-08T14:15:24Z
547	ETH-BIB-Glärnisch,_Linthtal_v._N._aus_3000_m-Inlandflüge-LBS_MH01-000256.tif	Commons:WikiProject Aviation/recent uploads/2016 December 15	Jasonanaggie	2017-01-08T14:15:24Z
548	ETH-BIB-Mürtschenstock_im_Vordergrund,_Wallensee,_Churfirsten,_Säntis_v._S._aus_3200_m-Inlandflüge-LBS_MH01-000250.tif	Commons:WikiProject Aviation/recent uploads/2016 December 15	Jasonanaggie	2017-01-08T14:15:24Z
549	ETH-BIB-Glärnisch,_Klöntalersee_v._O._aus_2400_m-Inlandflüge-LBS_MH01-000255.tif	Commons:WikiProject Aviation/recent uploads/2016 December 15	Jasonanaggie	2017-01-08T14:15:24Z
550	ETH-BIB-Wichelplankstock,_Grassengrat_v._N._W._aus_3900_m-Inlandflüge-LBS_MH01-000258.tif	Commons:WikiProject Aviation/recent uploads/2016 December 15	Jasonanaggie	2017-01-08T14:15:24Z
551	ETH-BIB-Mürtschenstock,_Nahaufnahme_v._w._aus_3500_m-Inlandflüge-LBS_MH01-000253.tif	Commons:WikiProject Aviation/recent uploads/2016 December 15	Jasonanaggie	2017-01-08T14:15:24Z
552	ETH-BIB-Linthebene,_Galgenen,_Wangen,_Wäggital,_Glärnisch,_Glarneralpen-Inlandflüge-LBS_MH01-000262.tif	Commons:WikiProject Aviation/recent uploads/2016 December 15	Jasonanaggie	2017-01-08T14:15:24Z
553	ETH-BIB-Linthebene_mit_Säntis_v._N._W._aus_2500_m-Inlandflüge-LBS_MH01-000259.tif	Commons:WikiProject Aviation/recent uploads/2016 December 15	Jasonanaggie	2017-01-08T14:15:24Z
554	ETH-BIB-Sihltal,_Glärnisch,_Tödi-Inlandflüge-LBS_MH01-000263.tif	Commons:WikiProject Aviation/recent uploads/2016 December 15	Jasonanaggie	2017-01-08T14:15:24Z
555	ETH-BIB-Zürichsee_mit_Alpen_v._N._W.-Inlandflüge-LBS_MH01-000268.tif	Commons:WikiProject Aviation/recent uploads/2016 December 15	Jasonanaggie	2017-01-08T14:15:24Z
556	ETH-BIB-Einsiedeln,_Glärnisch,_Glarneralpen,_Walensee_aus_2600_m-Inlandflüge-LBS_MH01-000265.tif	Commons:WikiProject Aviation/recent uploads/2016 December 15	Jasonanaggie	2017-01-08T14:15:24Z
557	ETH-BIB-Sihltal,_Glärnisch,_Tödi_v._N._aus_2600_m-Inlandflüge-LBS_MH01-000264.tif	Commons:WikiProject Aviation/recent uploads/2016 December 15	Jasonanaggie	2017-01-08T14:15:24Z
558	ETH-BIB-Zürichsee_und_Pfannenstiel_vom_Etzel_aus_v._S._W._aus_2600_m-Inlandflüge-LBS_MH01-000267.tif	Commons:WikiProject Aviation/recent uploads/2016 December 15	Jasonanaggie	2017-01-08T14:15:24Z
559	ETH-BIB-Sattel,_Mythen,_Fronalpstock,_Tödi_v._N._W._aus_3000_m-Inlandflüge-LBS_MH01-000266.tif	Commons:WikiProject Aviation/recent uploads/2016 December 15	Jasonanaggie	2017-01-08T14:15:24Z
560	ETH-BIB-Walenstöcke,_Rigidalstöcke,_Planggengrat,_Gemsispiel-Inlandflüge-LBS_MH01-000274.tif	Commons:WikiProject Aviation/recent uploads/2016 December 15	Jasonanaggie	2017-01-08T14:15:24Z
561	ETH-BIB-Vierwaldstädtersee,_Zugersee,_Nebelmeer_aus_2500_m-Inlandflüge-LBS_MH01-000271.tif	Commons:WikiProject Aviation/recent uploads/2016 December 15	Jasonanaggie	2017-01-08T14:15:24Z
562	ETH-BIB-Wichelplankstock_und_Grassen_beim_Titlis,_Meiental_v._W._aus_4000_m-Inlandflüge-LBS_MH01-000277.tif	Commons:WikiProject Aviation/recent uploads/2016 December 15	Jasonanaggie	2017-01-08T14:15:24Z
563	ETH-BIB-Grosse_Scheidegg,_Wetterhorn,_Schreckhorn,_Finsteraarhorn_aus_3600_m-Inlandflüge-LBS_MH01-000280.tif	Commons:WikiProject Aviation/recent uploads/2016 December 15	Jasonanaggie	2017-01-08T14:15:24Z
564	ETH-BIB-Vierwaldstättersee,_Vitznau,_Oberbauen_v._N._O._aus_3000_m-Inlandflüge-LBS_MH01-000276.tif	Commons:WikiProject Aviation/recent uploads/2016 December 15	Jasonanaggie	2017-01-08T14:15:24Z
565	ETH-BIB-Lungern,_Sarnersee,_Brünig_aus_3500_m-Inlandflüge-LBS_MH01-000278.tif	Commons:WikiProject Aviation/recent uploads/2016 December 15	Jasonanaggie	2017-01-08T14:15:24Z
566	ETH-BIB-Erstfeld,_Amsteg,_Gotthard-Inlandflüge-LBS_MH01-000282.tif	Commons:WikiProject Aviation/recent uploads/2016 December 15	Jasonanaggie	2017-01-08T14:15:24Z
567	ETH-BIB-Innertkirchen,_Aareschlucht,_Grimsel,_Haslital_aus_3800_m-Inlandflüge-LBS_MH01-000281.tif	Commons:WikiProject Aviation/recent uploads/2016 December 15	Jasonanaggie	2017-01-08T14:15:24Z
568	ETH-BIB-Kleine_Scheidegg,_Jungfrau,_Mönch_v._N._aus_4000_m-Inlandflüge-LBS_MH01-000289.tif	Commons:WikiProject Aviation/recent uploads/2016 December 15	Jasonanaggie	2017-01-08T14:15:24Z
569	ETH-BIB-Lauterbrunnenthal,_Gspaltenhorn_v._W._aus_4000_m-Inlandflüge-LBS_MH01-000286.tif	Commons:WikiProject Aviation/recent uploads/2016 December 15	Jasonanaggie	2017-01-08T14:15:24Z
570	ETH-BIB-Englebergeralpen,_Trübseealp_Gadmerflüh,_Berneralpen_v._N.-Inlandflüge-LBS_MH01-000294.tif	Commons:WikiProject Aviation/recent uploads/2016 December 15	Jasonanaggie	2017-01-08T14:15:24Z
571	ETH-BIB-Jungfrau,_Nordwestgrad,_Gspaltenhorn_v._N._W._aus_4000_m-Inlandflüge-LBS_MH01-000290.tif	Commons:WikiProject Aviation/recent uploads/2016 December 15	Jasonanaggie	2017-01-08T14:15:24Z
572	ETH-BIB-Wetterhörnern,_Rosenlauigletscher_v._N._W._aus_4000_m-Inlandflüge-LBS_MH01-000293.tif	Commons:WikiProject Aviation/recent uploads/2016 December 15	Jasonanaggie	2017-01-08T14:15:24Z
573	ETH-BIB-Tschuggen,_Lauterbrunnental,_Jungfraukette_v._N._O._aus_4000_m-Inlandflüge-LBS_MH01-000287.tif	Commons:WikiProject Aviation/recent uploads/2016 December 15	Jasonanaggie	2017-01-08T14:15:24Z
574	ETH-BIB-Grosse_Scheidegg,_Wetterhorn,_Schreckhorn,_Finsteraarhorn_aus_4000_m-Inlandflüge-LBS_MH01-000292.tif	Commons:WikiProject Aviation/recent uploads/2016 December 15	Jasonanaggie	2017-01-08T14:15:24Z
575	ETH-BIB-Talbecken_von_Innertkirchen,_Aareschlucht,_Haslital_bis_zur_Grimselpasshöhe_v._N._aus_3700_m-Inlandflüge-LBS_MH01-000295.tif	Commons:WikiProject Aviation/recent uploads/2016 December 15	Jasonanaggie	2017-01-08T14:15:24Z
576	ETH-BIB-St._Gallen,_Sitterbrücken-Inlandflüge-LBS_MH01-000301.tif	Commons:WikiProject Aviation/recent uploads/2016 December 15	Jasonanaggie	2017-01-08T14:15:24Z
577	ETH-BIB-Engelbergeralpen,_Tödi_v._N._W._aus_3700_m-Inlandflüge-LBS_MH01-000299.tif	Commons:WikiProject Aviation/recent uploads/2016 December 15	Jasonanaggie	2017-01-08T14:15:24Z
578	ETH-BIB-St._Gallen,_Altstadt_aus_1200_m-Inlandflüge-LBS_MH01-000300.tif	Commons:WikiProject Aviation/recent uploads/2016 December 15	Jasonanaggie	2017-01-08T14:15:24Z
579	ETH-BIB-Zug_aus_2000_m-Inlandflüge-LBS_MH01-000304.tif	Commons:WikiProject Aviation/recent uploads/2016 December 15	Jasonanaggie	2017-01-08T14:15:24Z
580	ETH-BIB-Zürich-Wollishofen-Inlandflüge-LBS_MH01-000305.tif	Commons:WikiProject Aviation/recent uploads/2016 December 15	Jasonanaggie	2017-01-08T14:15:24Z
581	ETH-BIB-Tödi,_Claridenstock_v._N._aus_3600_m-Inlandflüge-LBS_MH01-000307.tif	Commons:WikiProject Aviation/recent uploads/2016 December 15	Jasonanaggie	2017-01-08T14:15:24Z
582	ETH-BIB-Doppeldecker_mit_Kurzrumpf-Inlandflüge-LBS_MH01-000306.tif	Commons:WikiProject Aviation/recent uploads/2016 December 15	Jasonanaggie	2017-01-08T14:15:24Z
583	ETH-BIB-Walenstadt_im_Nebel_aus_3000_m-Inlandflüge-LBS_MH01-000303.tif	Commons:WikiProject Aviation/recent uploads/2016 December 15	Jasonanaggie	2017-01-08T14:15:24Z
584	ETH-BIB-Weesen,_Wallensee_aus_2000_m-Inlandflüge-LBS_MH01-000302.tif	Commons:WikiProject Aviation/recent uploads/2016 December 15	Jasonanaggie	2017-01-08T14:15:24Z
585	ETH-BIB-Pilatus_mit_Wolken_verhangen_v._N._aus_2000_m-Inlandflüge-LBS_MH01-000309.tif	Commons:WikiProject Aviation/recent uploads/2016 December 15	Jasonanaggie	2017-01-08T14:15:24Z
586	ETH-BIB-Engelberg,_Engelbergeralpen_v._W._aus_3700_m-Inlandflüge-LBS_MH01-000311-AL.tif	Commons:WikiProject Aviation/recent uploads/2016 December 15	Jasonanaggie	2017-01-08T14:15:24Z
587	ETH-BIB-Pilatus_mit_Wolken_verhangen_v._N._aus_2000_m-Inlandflüge-LBS_MH01-000308.tif	Commons:WikiProject Aviation/recent uploads/2016 December 15	Jasonanaggie	2017-01-08T14:15:24Z
588	ETH-BIB-Pilatus_in_Wolken-Inlandflüge-LBS_MH01-000310.tif	Commons:WikiProject Aviation/recent uploads/2016 December 15	Jasonanaggie	2017-01-08T14:15:24Z
589	ETH-BIB-Titlis,_Berneralpen,_Walliseralpen_v._N._O._aus_3700_m-Inlandflüge-LBS_MH01-000312.tif	Commons:WikiProject Aviation/recent uploads/2016 December 15	Jasonanaggie	2017-01-08T14:15:24Z
590	ETH-BIB-Tal_von_Engelberg_(Bildmitte_im_Schatten),_Trübseealp,_Titlis_v._N._W._aus_3700_m-Inlandflüge-LBS_MH01-000313.tif	Commons:WikiProject Aviation/recent uploads/2016 December 15	Jasonanaggie	2017-01-08T14:15:24Z
591	ETH-BIB-Engelbergeralpen,_Glattfirn,_Krönte,_Schlossberg,_Walliseralpen_v._O._aus_3800_m-Inlandflüge-LBS_MH01-000315.tif	Commons:WikiProject Aviation/recent uploads/2016 December 15	Jasonanaggie	2017-01-08T14:15:24Z
592	ETH-BIB-Engelbergeralpen,_Engelberg-Inlandflüge-LBS_MH01-000314.tif	Commons:WikiProject Aviation/recent uploads/2016 December 15	Jasonanaggie	2017-01-08T14:15:24Z
593	ETH-BIB-Berneralpen,_Titlis,_Stotziberggrat,_Schlossberg,_Urirotstock-Inlandflüge-LBS_MH01-000318.tif	Commons:WikiProject Aviation/recent uploads/2016 December 15	Jasonanaggie	2017-01-08T14:15:24Z
594	ETH-BIB-Grosses_Moos_,_Grosser_Ruchen,_Oberalpstock,_Düssi_v._N._aus_3800_m-Inlandflüge-LBS_MH01-000321.tif	Commons:WikiProject Aviation/recent uploads/2016 December 15	Jasonanaggie	2017-01-08T14:15:24Z
595	ETH-BIB-Blackenstock,_Titlis,_Bassodino,_Matterhorn-Inlandflüge-LBS_MH01-000320.tif	Commons:WikiProject Aviation/recent uploads/2016 December 15	Jasonanaggie	2017-01-08T14:15:24Z
596	ETH-BIB-Uri_Rotstock,_Stotkliberg,_Thunersee-Inlandflüge-LBS_MH01-000319.tif	Commons:WikiProject Aviation/recent uploads/2016 December 15	Jasonanaggie	2017-01-08T14:15:24Z
597	ETH-BIB-Engelbergerstock,_Uri_Rotstock,_Schächental,_Tödi_aus_3700_m-Inlandflüge-LBS_MH01-000317.tif	Commons:WikiProject Aviation/recent uploads/2016 December 15	Jasonanaggie	2017-01-08T14:15:24Z
598	ETH-BIB-Rüti,_Linthal,_Tödi,_Clariden_v._N._aus_3800_m-Inlandflüge-LBS_MH01-000325.tif	Commons:WikiProject Aviation/recent uploads/2016 December 15	Jasonanaggie	2017-01-08T14:15:24Z
599	ETH-BIB-Grosses_Moos_,_Grosser_Ruchen,_Oberlpstock,_Düssi_v._N._aus_3800_m-Inlandflüge-LBS_MH01-000322.tif	Commons:WikiProject Aviation/recent uploads/2016 December 15	Jasonanaggie	2017-01-08T14:15:24Z
600	ETH-BIB-Tödi,_Sansalp_v._N._aus_3800_m-Inlandflüge-LBS_MH01-000326.tif	Commons:WikiProject Aviation/recent uploads/2016 December 15	Jasonanaggie	2017-01-08T14:15:24Z
601	ETH-BIB-Windgälle,_Klausenpassgebiet_v._N._O._aus_3800_m-Inlandflüge-LBS_MH01-000324.tif	Commons:WikiProject Aviation/recent uploads/2016 December 15	Jasonanaggie	2017-01-08T14:15:24Z
602	ETH-BIB-Gemsfairenstock,_Tödi_v._N._aus_3800_m-Inlandflüge-LBS_MH01-000328.tif	Commons:WikiProject Aviation/recent uploads/2016 December 15	Jasonanaggie	2017-01-08T14:15:24Z
603	ETH-BIB-Claridenstock_m._Gletscher,_Düssistock_v._N._aus_3800_m-Inlandflüge-LBS_MH01-000323.tif	Commons:WikiProject Aviation/recent uploads/2016 December 15	Jasonanaggie	2017-01-08T14:15:24Z
604	ETH-BIB-Wilerhorn,_Brienzersee,_Thunersee_v._O._aus_3700_m-Inlandflüge-LBS_MH01-000329.tif	Commons:WikiProject Aviation/recent uploads/2016 December 15	Jasonanaggie	2017-01-08T14:15:24Z
605	ETH-BIB-Wil_(SG)_aus_2500_m-Inlandflüge-LBS_MH01-000331.tif	Commons:WikiProject Aviation/recent uploads/2016 December 15	Jasonanaggie	2017-01-08T14:15:24Z
606	ETH-BIB-Wilerhorn_ob_Brienzwiler,_Aaretal,_Brienzersee,_Thunersee_v._N._O._aus_3800_m-Inlandflüge-LBS_MH01-000330.tif	Commons:WikiProject Aviation/recent uploads/2016 December 15	Jasonanaggie	2017-01-08T14:15:24Z
607	ETH-BIB-Muttsee,_Ruchi,_Selbsanft-Inlandflüge-LBS_MH01-000327.tif	Commons:WikiProject Aviation/recent uploads/2016 December 15	Jasonanaggie	2017-01-08T14:15:24Z
608	ETH-BIB-Melchtal_Berge,_Berneralpen_v._N._aus_3000_m-Inlandflüge-LBS_MH01-000335.tif	Commons:WikiProject Aviation/recent uploads/2016 December 15	Jasonanaggie	2017-01-08T14:15:24Z
609	ETH-BIB-Tour_Sallière,_Ruan,_Montagne_de_Salaufe_v._O._aus_3500_m-Inlandflüge-LBS_MH01-000333.tif	Commons:WikiProject Aviation/recent uploads/2016 December 15	Jasonanaggie	2017-01-08T14:15:24Z
610	ETH-BIB-Wil_(SG)_v._S._O._aus_2000_m-Inlandflüge-LBS_MH01-000332.tif	Commons:WikiProject Aviation/recent uploads/2016 December 15	Jasonanaggie	2017-01-08T14:15:24Z
611	ETH-BIB-In_den_Wolken-Inlandflüge-LBS_MH01-000337.tif	Commons:WikiProject Aviation/recent uploads/2016 December 15	Jasonanaggie	2017-01-08T14:15:24Z
612	ETH-BIB-Urnäsch,_Kronberg,_Säntis_v._W._aus_3000_m-Inlandflüge-LBS_MH01-000341.tif	Commons:WikiProject Aviation/recent uploads/2016 December 15	Jasonanaggie	2017-01-08T14:15:24Z
613	ETH-BIB-Ebenalp,_Wildkirchli_v._N._aus_3000_m-Inlandflüge-LBS_MH01-000338.tif	Commons:WikiProject Aviation/recent uploads/2016 December 15	Jasonanaggie	2017-01-08T14:15:24Z
614	ETH-BIB-Dents_du_Midi,_Savoieralpen_v._O._aus_4000_m-Inlandflüge-LBS_MH01-000339.tif	Commons:WikiProject Aviation/recent uploads/2016 December 15	Jasonanaggie	2017-01-08T14:15:24Z
615	ETH-BIB-Säntisgebiet,_Nebel_v._O._aus_3000_m-Inlandflüge-LBS_MH01-000340.tif	Commons:WikiProject Aviation/recent uploads/2016 December 15	Jasonanaggie	2017-01-08T14:15:24Z
616	ETH-BIB-Mont_Blanc_Gruppe,_Plateau_de_Trient_im_Vordergrund_der_Glacier_de_Saleinaz_und_der_Glacier_d'Orny_zum_Val_de_Ferret_v._N._O._aus_4500_m-Inlandflüge-LBS_MH01-000344.tif	Commons:WikiProject Aviation/recent uploads/2016 December 15	Jasonanaggie	2017-01-08T14:15:24Z
617	ETH-BIB-Stockberg,_Toggenburg,_Wokenmeer-Inlandflüge-LBS_MH01-000342.tif	Commons:WikiProject Aviation/recent uploads/2016 December 15	Jasonanaggie	2017-01-08T14:15:24Z
618	ETH-BIB-Urnäschtal,_Sittertal,_Säntis,_Churfirsten,_Sardona_v._N._aus_3000_m-Inlandflüge-LBS_MH01-000346.tif	Commons:WikiProject Aviation/recent uploads/2016 December 15	Jasonanaggie	2017-01-08T14:15:24Z
619	ETH-BIB-Neu_St._Johann,_Toggenburg-Inlandflüge-LBS_MH01-000343.tif	Commons:WikiProject Aviation/recent uploads/2016 December 15	Jasonanaggie	2017-01-08T14:15:24Z
620	ETH-BIB-Alpsigel,_H._Hüsern_u._Rheintal_v._N._aus_3000_m-Inlandflüge-LBS_MH01-000351.tif	Commons:WikiProject Aviation/recent uploads/2016 December 15	Jasonanaggie	2017-01-08T14:15:24Z
621	ETH-BIB-Waldstadt,_Urnäschtal,_Säntis_v._N.-Inlandflüge-LBS_MH01-000347.tif	Commons:WikiProject Aviation/recent uploads/2016 December 15	Jasonanaggie	2017-01-08T14:15:24Z
622	ETH-BIB-Uzwil,_Oberuzwil_v._S._W._aus1000_m-Inlandflüge-LBS_MH01-000345.tif	Commons:WikiProject Aviation/recent uploads/2016 December 15	Jasonanaggie	2017-01-08T14:15:24Z
623	ETH-BIB-Ebenalp_Altmann,_Churfirsten-Inlandflüge-LBS_MH01-000349.tif	Commons:WikiProject Aviation/recent uploads/2016 December 15	Jasonanaggie	2017-01-08T14:15:24Z
624	ETH-BIB-Frohnalpstock,_Klöntal,_Glärnisch,_Wiggis_v._N._O._aus_3200_m-Inlandflüge-LBS_MH01-000354.tif	Commons:WikiProject Aviation/recent uploads/2016 December 15	Jasonanaggie	2017-01-08T14:15:24Z
625	ETH-BIB-Alpsigel,_Stauberenkanzel,_Appenzell,_Mulde_von_Brülisau_v._W._aus_3000_m-Inlandflüge-LBS_MH01-000350.tif	Commons:WikiProject Aviation/recent uploads/2016 December 15	Jasonanaggie	2017-01-08T14:15:24Z
626	ETH-BIB-Tristenkolben,_Alviergebiet,_Seeztal,_Rheintal_v._N._aus_3200_m-Inlandflüge-LBS_MH01-000355.tif	Commons:WikiProject Aviation/recent uploads/2016 December 15	Jasonanaggie	2017-01-08T14:15:24Z
627	ETH-BIB-Klöntalersee_mit_Glärnischmassiv_v._O._aus_3200_m-Inlandflüge-LBS_MH01-000356.tif	Commons:WikiProject Aviation/recent uploads/2016 December 15	Jasonanaggie	2017-01-08T14:15:24Z
628	ETH-BIB-Urnäschertal_mit_Säntis_und_Ringelspitze,_Übersicht-Inlandflüge-LBS_MH01-000102.tif	Commons:WikiProject Aviation/recent uploads/2016 December 15	Jasonanaggie	2017-01-08T14:15:24Z
629	ETH-BIB-Glarneralpen,_Walensee,_Churfirsten,_Tödi,_Glärnisch_v._N._aus_3200_m-Inlandflüge-LBS_MH01-000352.tif	Commons:WikiProject Aviation/recent uploads/2016 December 15	Jasonanaggie	2017-01-08T14:15:24Z
630	ETH-BIB-Rauhreif_auf_dem_gefrorenen_Murtensee_v._S._W._aus_2000_m-Inlandflüge-LBS_MH01-000106.tif	Commons:WikiProject Aviation/recent uploads/2016 December 15	Jasonanaggie	2017-01-08T14:15:24Z
631	ETH-BIB-Spitzmeilen,_Murgtal_v._N._aus_3200_m-Inlandflüge-LBS_MH01-000353.tif	Commons:WikiProject Aviation/recent uploads/2016 December 15	Jasonanaggie	2017-01-08T14:15:24Z
632	ETH-BIB-Glarner_Alpen,_Wägital,_Claridengebiet-Inlandflüge-LBS_MH01-000366.tif	Commons:WikiProject Aviation/recent uploads/2016 December 15	Jasonanaggie	2017-01-08T14:15:24Z
633	ETH-BIB-Marwies,_Altmann,_Churfirsten,_Ebenalp,_Säntis,_Sardona_v._N._aus_3100_m-Inlandflüge-LBS_MH01-000361.tif	Commons:WikiProject Aviation/recent uploads/2016 December 15	Jasonanaggie	2017-01-08T14:15:24Z
634	ETH-BIB-Zürcher_Oberland_mit_Alpen-Inlandflüge-LBS_MH01-000358.tif	Commons:WikiProject Aviation/recent uploads/2016 December 15	Jasonanaggie	2017-01-08T14:15:24Z
635	ETH-BIB-Degersheim,_Appenzellerland,_Säntis-Inlandflüge-LBS_MH01-000360.tif	Commons:WikiProject Aviation/recent uploads/2016 December 15	Jasonanaggie	2017-01-08T14:15:24Z
636	ETH-BIB-Säntiskette,_Marwies,_Ebenalp_Fähnern-Inlandflüge-LBS_MH01-000359.tif	Commons:WikiProject Aviation/recent uploads/2016 December 15	Jasonanaggie	2017-01-08T14:15:24Z
637	ETH-BIB-Sernftal,_Segnes,_Sardona,_Ringelspitz-Inlandflüge-LBS_MH01-000365.tif	Commons:WikiProject Aviation/recent uploads/2016 December 15	Jasonanaggie	2017-01-08T14:15:24Z
638	ETH-BIB-Wallensee,_Linthebene,_Terrasse_von_Obstalden,_Churfirsten,_Weesen,_Glärnisch_v._O._aus_3200_m-Inlandflüge-LBS_MH01-000363.tif	Commons:WikiProject Aviation/recent uploads/2016 December 15	Jasonanaggie	2017-01-08T14:15:24Z
639	ETH-BIB-Brünig-Passhöhe,_Berneralpen,_unten_Lungern_v._N._aus_3700_m-Inlandflüge-LBS_MH01-000368.tif	Commons:WikiProject Aviation/recent uploads/2016 December 15	Jasonanaggie	2017-01-08T14:15:24Z
640	ETH-BIB-Churfirsten,_Gamsberg,_Sichelkamm_v._N._O._aus_3000_m-Inlandflüge-LBS_MH01-000119.tif	Commons:WikiProject Aviation/recent uploads/2016 December 15	Jasonanaggie	2017-01-08T14:15:24Z
641	ETH-BIB-Schneehorn,_Düssistock_v._S._aus_3400_m-Inlandflüge-LBS_MH01-000123.tif	Commons:WikiProject Aviation/recent uploads/2016 December 15	Jasonanaggie	2017-01-08T14:15:24Z
642	ETH-BIB-Gelmenhörner,_Gallenstock_v._der_Grimsel_aus_3800_m-Inlandflüge-LBS_MH01-000371.tif	Commons:WikiProject Aviation/recent uploads/2016 December 15	Jasonanaggie	2017-01-08T14:15:24Z
643	ETH-BIB-Gunten_am_Thunersee_aus_2000_m-Inlandflüge-LBS_MH01-000130.tif	Commons:WikiProject Aviation/recent uploads/2016 December 15	Jasonanaggie	2017-01-08T14:15:24Z
644	ETH-BIB-Fletschhorn,_Saastal_v._N._aus_4000_m-Inlandflüge-LBS_MH01-000377-01.tif	Commons:WikiProject Aviation/recent uploads/2016 December 15	Jasonanaggie	2017-01-08T14:15:24Z
645	ETH-BIB-Oberwallis,_Mischabel,_Goms_und_Walliseralpen_v._N._O._aus_3800_m-Inlandflüge-LBS_MH01-000376.tif	Commons:WikiProject Aviation/recent uploads/2016 December 15	Jasonanaggie	2017-01-08T14:15:24Z
646	ETH-BIB-Balfrin,_Dom,_Matterhorn,_Weisshorn_v._N._aus_4000_m-Inlandflüge-LBS_MH01-000383.tif	Commons:WikiProject Aviation/recent uploads/2016 December 15	Jasonanaggie	2017-01-08T14:15:24Z
647	ETH-BIB-Oberer_Aletschgletscher_mit_Stufenmündung_zum_Grossen_Aletschgletscher,_l._oben_das_Bietschhorn,_Blüemlisalp_v._S._aus_4000_m-Inlandflüge-LBS_MH01-000381.tif	Commons:WikiProject Aviation/recent uploads/2016 December 15	Jasonanaggie	2017-01-08T14:15:24Z
648	ETH-BIB-Oberwallis,_Basodino_v._der_Grimsel_aus_3800_m-Inlandflüge-LBS_MH01-000380.tif	Commons:WikiProject Aviation/recent uploads/2016 December 15	Jasonanaggie	2017-01-08T14:15:24Z
649	ETH-BIB-Riedgletscher,_Nadelgrat,_Dom_v._N._aus_4000_m-Inlandflüge-LBS_MH01-000387.tif	Commons:WikiProject Aviation/recent uploads/2016 December 15	Jasonanaggie	2017-01-08T14:15:24Z
650	ETH-BIB-Riedgletschter,_Mattertal,_Matterhorn-Inlandflüge-LBS_MH01-000386-02.tif	Commons:WikiProject Aviation/recent uploads/2016 December 15	Jasonanaggie	2017-01-08T14:15:24Z
651	ETH-BIB-Riedgletscher,_Nadelgrat,_Dom_v._N._aus_4000_m-Inlandflüge-LBS_MH01-000384-02_.tif	Commons:WikiProject Aviation/recent uploads/2016 December 15	Jasonanaggie	2017-01-08T14:15:24Z
652	ETH-BIB-Zermatter_Weisshorn,_Biesgletscher_v._O._aus_4000_m-Inlandflüge-LBS_MH01-000389.tif	Commons:WikiProject Aviation/recent uploads/2016 December 15	Jasonanaggie	2017-01-08T14:15:24Z
653	ETH-BIB-Riedgletscher,_Mattertal,_Matterhorn_v._N._aus_4000_m-Inlandflüge-LBS_MH01-000386-01.tif	Commons:WikiProject Aviation/recent uploads/2016 December 15	Jasonanaggie	2017-01-08T14:15:24Z
654	ETH-BIB-Matterhorn,_Dent_d'Herens_v._N._aus_4100_m-Inlandflüge-LBS_MH01-000391-02.tif	Commons:WikiProject Aviation/recent uploads/2016 December 15	Jasonanaggie	2017-01-08T14:15:24Z
655	ETH-BIB-Matterhorn,_Zermattertal_aus_4000_m-Inlandflüge-LBS_MH01-000392.tif	Commons:WikiProject Aviation/recent uploads/2016 December 15	Jasonanaggie	2017-01-08T14:15:24Z
656	ETH-BIB-Monte_Rosa,_Findelgletscher,_Lyskamm,_Breithorn,_Zwillinge_v._N._aus_4000_m-Inlandflüge-LBS_MH01-000395.tif	Commons:WikiProject Aviation/recent uploads/2016 December 15	Jasonanaggie	2017-01-08T14:15:24Z
657	ETH-BIB-Pilatus,_Sarnersee_v._N._aus_3200_m-Inlandflüge-LBS_MH01-000398.tif	Commons:WikiProject Aviation/recent uploads/2016 December 15	Jasonanaggie	2017-01-08T14:15:24Z
658	ETH-BIB-Matterhorn,_Weisshorn_v._N._O._aus_4000_m-Inlandflüge-LBS_MH01-000397-01.tif	Commons:WikiProject Aviation/recent uploads/2016 December 15	Jasonanaggie	2017-01-08T14:15:24Z
659	ETH-BIB-Zinalrothotn,_Dent_Blanche,_Ober_Gabelhorn,_Pic_de_Moning_v._O._aus_4000_m-Inlandflüge-LBS_MH01-000399.tif	Commons:WikiProject Aviation/recent uploads/2016 December 15	Jasonanaggie	2017-01-08T14:15:24Z
660	ETH-BIB-Aletschhorn,_Jungfrau,_Mönch_v._S._aus_4000_m-Inlandflüge-LBS_MH01-000401.tif	Commons:WikiProject Aviation/recent uploads/2016 December 15	Jasonanaggie	2017-01-08T14:15:24Z
661	ETH-BIB-Zürich,_Stauffacher,_Sihlquai,_Werd-Inlandflüge-LBS_MH01-000405.tif	Commons:WikiProject Aviation/recent uploads/2016 December 15	Jasonanaggie	2017-01-08T14:15:24Z
662	ETH-BIB-Zürich,_Urania,_Bahnhof_aus_600_m-Inlandflüge-LBS_MH01-000404.tif	Commons:WikiProject Aviation/recent uploads/2016 December 15	Jasonanaggie	2017-01-08T14:15:24Z
663	ETH-BIB-Jungfrau,_Kühlauengletscher_v._N._aus_4000_m-Inlandflüge-LBS_MH01-000400.tif	Commons:WikiProject Aviation/recent uploads/2016 December 15	Jasonanaggie	2017-01-08T14:15:24Z
664	ETH-BIB-Zürich-Altstadt,_Bellvue,_Bürkliplatz,_Stadthaus-Inlandflüge-LBS_MH01-000403.tif	Commons:WikiProject Aviation/recent uploads/2016 December 15	Jasonanaggie	2017-01-08T14:15:24Z
665	ETH-BIB-Städtchen_und_Schloss_Greifensee_aus_400_m-Inlandflüge-LBS_MH01-000411.tif	Commons:WikiProject Aviation/recent uploads/2016 December 15	Jasonanaggie	2017-01-08T14:15:24Z
666	ETH-BIB-Rapperswil-Jona_Seedamm,_Hurden-Inlandflüge-LBS_MH01-000409.tif	Commons:WikiProject Aviation/recent uploads/2016 December 15	Jasonanaggie	2017-01-08T14:15:24Z
667	ETH-BIB-Rapperswil-Jona-Inlandflüge-LBS_MH01-000408.tif	Commons:WikiProject Aviation/recent uploads/2016 December 15	Jasonanaggie	2017-01-08T14:15:24Z
668	ETH-BIB-Zürich-Seefeld,_Stadelhofen-Inlandflüge-LBS_MH01-000406.tif	Commons:WikiProject Aviation/recent uploads/2016 December 15	Jasonanaggie	2017-01-08T14:15:24Z
669	ETH-BIB-Uster,_Burg_aus_500_m-Inlandflüge-LBS_MH01-000412.tif	Commons:WikiProject Aviation/recent uploads/2016 December 15	Jasonanaggie	2017-01-08T14:15:24Z
670	ETH-BIB-Gemsfairenstock,_Tödi,_Bifertenstock_v._N._aus_4500_m-Inlandflüge-LBS_MH01-000414.tif	Commons:WikiProject Aviation/recent uploads/2016 December 15	Jasonanaggie	2017-01-08T14:15:24Z
671	ETH-BIB-Hausstock,_Ruchen,_Rheintal-Inlandflüge-LBS_MH01-000416.tif	Commons:WikiProject Aviation/recent uploads/2016 December 15	Jasonanaggie	2017-01-08T14:15:24Z
672	ETH-BIB-Bifertenstock,_Tödi,_Gemsfairenstock_v._N._aus_4500_m-Inlandflüge-LBS_MH01-000413.tif	Commons:WikiProject Aviation/recent uploads/2016 December 15	Jasonanaggie	2017-01-08T14:15:24Z
673	ETH-BIB-Tödi,_Claridenstock,_Bocktschingel,_Gemsfairenstock_v._N._aus_4000_m-Inlandflüge-LBS_MH01-000415.tif	Commons:WikiProject Aviation/recent uploads/2016 December 15	Jasonanaggie	2017-01-08T14:15:24Z
674	ETH-BIB-Claridenstock,_Scheerhorn,_Düssistock_v._N._aus_5000_m-Inlandflüge-LBS_MH01-000418.tif	Commons:WikiProject Aviation/recent uploads/2016 December 15	Jasonanaggie	2017-01-08T14:15:24Z
675	ETH-BIB-Zürich,_Zürichberg_aus_3200_m-Inlandflüge-LBS_MH01-000422.tif	Commons:WikiProject Aviation/recent uploads/2016 December 15	Jasonanaggie	2017-01-08T14:15:24Z
676	ETH-BIB-Kammlistock,_Claridenstock_aus_3700_m-Inlandflüge-LBS_MH01-000183.tif	Commons:WikiProject Aviation/recent uploads/2016 December 15	Jasonanaggie	2017-01-08T14:15:24Z
677	ETH-BIB-Bocktschingel,_Claridenstock,_Scheerhorn,_Düssistock-Inlandflüge-LBS_MH01-000419.tif	Commons:WikiProject Aviation/recent uploads/2016 December 15	Jasonanaggie	2017-01-08T14:15:24Z
678	ETH-BIB-Griesgletscher,_Scheerhorn,_Düssistock,_Ruchen-Inlandflüge-LBS_MH01-000181.tif	Commons:WikiProject Aviation/recent uploads/2016 December 15	Jasonanaggie	2017-01-08T14:15:24Z
679	ETH-BIB-Vorab,_Vorabgruppe,_Panixerpass,_Rheintal_v._N._W._aus_4000_m-Inlandflüge-LBS_MH01-000417.tif	Commons:WikiProject Aviation/recent uploads/2016 December 15	Jasonanaggie	2017-01-08T14:15:24Z
680	ETH-BIB-Windisch,_Aare,_Reuss_-_Limmat_Zusammenfluss,_Turgi_aus_2600_m-Inlandflüge-LBS_MH01-000427.tif	Commons:WikiProject Aviation/recent uploads/2016 December 15	Jasonanaggie	2017-01-08T14:15:24Z
681	ETH-BIB-Thun,_Übersicht_aus_1500_m-Inlandflüge-LBS_MH01-000432.tif	Commons:WikiProject Aviation/recent uploads/2016 December 15	Jasonanaggie	2017-01-08T14:15:24Z
682	ETH-BIB-St._Gallen,_Übersicht_aus_3000_m-Inlandflüge-LBS_MH01-000197.tif	Commons:WikiProject Aviation/recent uploads/2016 December 15	Jasonanaggie	2017-01-08T14:15:24Z
683	ETH-BIB-Stockhornkette_v._N._aus_3000_m-Inlandflüge-LBS_MH01-000436.tif	Commons:WikiProject Aviation/recent uploads/2016 December 15	Jasonanaggie	2017-01-08T14:15:24Z
684	ETH-BIB-Wimmis,_Spiezwiler_Kander_aus_3000_m-Inlandflüge-LBS_MH01-000438.tif	Commons:WikiProject Aviation/recent uploads/2016 December 15	Jasonanaggie	2017-01-08T14:15:24Z
685	ETH-BIB-Kandertal,_Engstligental,_Niesenkette,_Thunersee,_Mont_Blanc_v._N._aus_3800_m-Inlandflüge-LBS_MH01-000441.tif	Commons:WikiProject Aviation/recent uploads/2016 December 15	Jasonanaggie	2017-01-08T14:15:24Z
686	ETH-BIB-Simplonstrasse,_Monte_Leone_aus_3600_m-Inlandflüge-LBS_MH01-000201.tif	Commons:WikiProject Aviation/recent uploads/2016 December 15	Jasonanaggie	2017-01-08T14:15:24Z
687	ETH-BIB-Blümlisalp_mit_Wolken,_Oeschinensee_v._W._aus_3600_m-Inlandflüge-LBS_MH01-000446.tif	Commons:WikiProject Aviation/recent uploads/2016 December 15	Jasonanaggie	2017-01-08T14:15:24Z
688	ETH-BIB-Niesen,_Kandertal,_Blümlisalp_Jungfraukette-Inlandflüge-LBS_MH01-000443.tif	Commons:WikiProject Aviation/recent uploads/2016 December 15	Jasonanaggie	2017-01-08T14:15:24Z
689	ETH-BIB-Niesen_mit_Bahntracé_v._O._aus_3000_m-Inlandflüge-LBS_MH01-000444.tif	Commons:WikiProject Aviation/recent uploads/2016 December 15	Jasonanaggie	2017-01-08T14:15:24Z
690	ETH-BIB-Rhônetal_unterhalb_Visp_aus_4000_m-Inlandflüge-LBS_MH01-000211.tif	Commons:WikiProject Aviation/recent uploads/2016 December 15	Jasonanaggie	2017-01-08T14:15:24Z
691	ETH-BIB-Doldenhorn_v._N._W._aus_4000_m-Inlandflüge-LBS_MH01-000450.tif	Commons:WikiProject Aviation/recent uploads/2016 December 15	Jasonanaggie	2017-01-08T14:15:24Z
692	ETH-BIB-Blümlisalphorn,_Kanderfirn_v._S._aus_4000_m-Inlandflüge-LBS_MH01-000455.tif	Commons:WikiProject Aviation/recent uploads/2016 December 15	Jasonanaggie	2017-01-08T14:15:24Z
693	ETH-BIB-Bietschhorn,_Gasterental_v._N._W._aus_4000_m-Inlandflüge-LBS_MH01-000449.tif	Commons:WikiProject Aviation/recent uploads/2016 December 15	Jasonanaggie	2017-01-08T14:15:24Z
694	ETH-BIB-Rhônequertal,_rechts_die_Dent_du_Midi_v._N._aus_4000_m-Inlandflüge-LBS_MH01-000221.tif	Commons:WikiProject Aviation/recent uploads/2016 December 15	Jasonanaggie	2017-01-08T14:15:24Z
695	ETH-BIB-Gemmi,_Daubensee,_Rinderhorn,_Balmhorn_v._S._W._aus_4000_m-Inlandflüge-LBS_MH01-000452.tif	Commons:WikiProject Aviation/recent uploads/2016 December 15	Jasonanaggie	2017-01-08T14:15:24Z
696	ETH-BIB-Wildstrubel_von_der_Gemmi_aus,_aus_1000_m-Inlandflüge-LBS_MH01-000457.tif	Commons:WikiProject Aviation/recent uploads/2016 December 15	Jasonanaggie	2017-01-08T14:15:24Z
697	ETH-BIB-Bietschhorn_v._N._W._aus_4200_m-Inlandflüge-LBS_MH01-000460.tif	Commons:WikiProject Aviation/recent uploads/2016 December 15	Jasonanaggie	2017-01-08T14:15:24Z
698	ETH-BIB-Zürich-Altstadt,_Limmat_aus_1000_m-Inlandflüge-LBS_MH01-000458.tif	Commons:WikiProject Aviation/recent uploads/2016 December 15	Jasonanaggie	2017-01-08T14:15:24Z
699	ETH-BIB-Oerlikon,_Übersicht,_Rennbahn,_Zürich-Oerlikon-Inlandflüge-LBS_MH01-000456.tif	Commons:WikiProject Aviation/recent uploads/2016 December 15	Jasonanaggie	2017-01-08T14:15:24Z
700	ETH-BIB-Zürich,_Übersicht,_See_bis_Bahnhof_aus_1000_m-Inlandflüge-LBS_MH01-000227.tif	Commons:WikiProject Aviation/recent uploads/2016 December 15	Jasonanaggie	2017-01-08T14:15:24Z
701	ETH-BIB-Lausanne-Ouchy_v._O._aus_300_m-Inlandflüge-LBS_MH01-000233.tif	Commons:WikiProject Aviation/recent uploads/2016 December 15	Jasonanaggie	2017-01-08T14:15:24Z
702	ETH-BIB-Masinghorn,_Bietschhorn,_Lötschental,_Walliseralpen_v._N._aus_4500_m-Inlandflüge-LBS_MH01-000464.tif	Commons:WikiProject Aviation/recent uploads/2016 December 15	Jasonanaggie	2017-01-08T14:15:24Z
703	ETH-BIB-Breithorn,_Ebenfluh,_Lötschenlücke_v._W._aus_4500_m-Inlandflüge-LBS_MH01-000462.tif	Commons:WikiProject Aviation/recent uploads/2016 December 15	Jasonanaggie	2017-01-08T14:15:24Z
704	ETH-BIB-Bietschhorn_ohne_Gipfel-Inlandflüge-LBS_MH01-000459.tif	Commons:WikiProject Aviation/recent uploads/2016 December 15	Jasonanaggie	2017-01-08T14:15:24Z
705	ETH-BIB-Jungfrau,_Alteschhorn,_Nesthorn_v._N._aus_4500_m-Inlandflüge-LBS_MH01-000471.tif	Commons:WikiProject Aviation/recent uploads/2016 December 15	Jasonanaggie	2017-01-08T14:15:24Z
706	ETH-BIB-Breithorn,_Nesthorn,_Lauterbrunnen_v._N._W._aus_4500_m-Inlandflüge-LBS_MH01-000463.tif	Commons:WikiProject Aviation/recent uploads/2016 December 15	Jasonanaggie	2017-01-08T14:15:24Z
707	ETH-BIB-Jungfrau,_Lauteraarhorn,_Breithorn,_Tschingelgletscher_v._O,_aus_5000_m-Inlandflüge-LBS_MH01-000470.tif	Commons:WikiProject Aviation/recent uploads/2016 December 15	Jasonanaggie	2017-01-08T14:15:24Z
708	ETH-BIB-Konkordiaplatz,_Wannenhorn,_Walliseralpen,_Ewigschneefeld,_Fieschhörner_v._N._aus_5000_m-Inlandflüge-LBS_MH01-000476.tif	Commons:WikiProject Aviation/recent uploads/2016 December 15	Jasonanaggie	2017-01-08T14:15:24Z
709	ETH-BIB-Jungfrau,_Mönch,_Schreckhorn_v._W._aus_4500_m-Inlandflüge-LBS_MH01-000473-AL.tif	Commons:WikiProject Aviation/recent uploads/2016 December 15	Jasonanaggie	2017-01-08T14:15:24Z
710	ETH-BIB-Konkordiaplatz,_Eggishorn,_Walliseralpen_v._N._aus_5000_m-Inlandflüge-LBS_MH01-000475.tif	Commons:WikiProject Aviation/recent uploads/2016 December 15	Jasonanaggie	2017-01-08T14:15:24Z
711	ETH-BIB-Jungfrau,_Eggishorn,_Aletschhorn_v._N._aus_4600_m-Inlandflüge-LBS_MH01-000478.tif	Commons:WikiProject Aviation/recent uploads/2016 December 15	Jasonanaggie	2017-01-08T14:15:24Z
712	ETH-BIB-Jungfraugipfel_und_-nordwand_im_Vordergrund,_darüber_das_Finsteraarhorn_v._N._W._aus_4500_m-Inlandflüge-LBS_MH01-000474.tif	Commons:WikiProject Aviation/recent uploads/2016 December 15	Jasonanaggie	2017-01-08T14:15:24Z
713	ETH-BIB-Yverdon_v._N._W._aus_900_m-Inlandflüge-LBS_MH01-000477.tif	Commons:WikiProject Aviation/recent uploads/2016 December 15	Jasonanaggie	2017-01-08T14:15:24Z
714	ETH-BIB-Zürich,_Hauptbahnhof,_Limmat_aus_1200_m-Inlandflüge-LBS_MH01-000482.tif	Commons:WikiProject Aviation/recent uploads/2016 December 15	Jasonanaggie	2017-01-08T14:15:24Z
715	ETH-BIB-Trugberg,_Finsteraarhorn_v._N._W._aus_4500_m-Inlandflüge-LBS_MH01-000479.tif	Commons:WikiProject Aviation/recent uploads/2016 December 15	Jasonanaggie	2017-01-08T14:15:24Z
716	ETH-BIB-Mönch,_Jungfrau,_Finsteraarhorn_v._N._W._aus_4500_m-Inlandflüge-LBS_MH01-000481.tif	Commons:WikiProject Aviation/recent uploads/2016 December 15	Jasonanaggie	2017-01-08T14:15:24Z
717	ETH-BIB-Zürich,_Bellevue,_Kreuzplatz,_Bürkliplatz-Inlandflüge-LBS_MH01-000484.tif	Commons:WikiProject Aviation/recent uploads/2016 December 15	Jasonanaggie	2017-01-08T14:15:24Z
718	ETH-BIB-Cham_aus_1000_m-Inlandflüge-LBS_MH01-000487.tif	Commons:WikiProject Aviation/recent uploads/2016 December 15	Jasonanaggie	2017-01-08T14:15:24Z
719	ETH-BIB-Jungfrau,_Mönch,_Konkordiaplatz_v._N._aus_4500_m-Inlandflüge-LBS_MH01-000483.tif	Commons:WikiProject Aviation/recent uploads/2016 December 15	Jasonanaggie	2017-01-08T14:15:24Z
720	ETH-BIB-Vallée_du_Trient,_Vallée_de_Chamonix,_Mont_Blanc_v._N._O._aus_4000_m-Inlandflüge-LBS_MH01-000486.tif	Commons:WikiProject Aviation/recent uploads/2016 December 15	Jasonanaggie	2017-01-08T14:15:24Z
721	ETH-BIB-Zug,_Übersicht_aus_1000_m-Inlandflüge-LBS_MH01-000492.tif	Commons:WikiProject Aviation/recent uploads/2016 December 15	Jasonanaggie	2017-01-08T14:15:24Z
722	ETH-BIB-Zürich-Hochschulen,_Hauptbahnhof_aus_1000_m-Inlandflüge-LBS_MH01-000489.tif	Commons:WikiProject Aviation/recent uploads/2016 December 15	Jasonanaggie	2017-01-08T14:15:24Z
723	ETH-BIB-Zofingen_v._S._W._aus_600_m-Inlandflüge-LBS_MH01-000496.tif	Commons:WikiProject Aviation/recent uploads/2016 December 15	Jasonanaggie	2017-01-08T14:15:24Z
724	ETH-BIB-Interlaken,_Thunersee_aus_4000_m-Inlandflüge-LBS_MH01-000488.tif	Commons:WikiProject Aviation/recent uploads/2016 December 15	Jasonanaggie	2017-01-08T14:15:24Z
725	ETH-BIB-Luzern-Inlandflüge-LBS_MH01-000497.tif	Commons:WikiProject Aviation/recent uploads/2016 December 15	Jasonanaggie	2017-01-08T14:15:24Z
726	ETH-BIB-Cham,_Zugersee-Inlandflüge-LBS_MH01-000494.tif	Commons:WikiProject Aviation/recent uploads/2016 December 15	Jasonanaggie	2017-01-08T14:15:24Z
727	ETH-BIB-Alpthal,_Tödi,_Clariden_aus_2600_m-Inlandflüge-LBS_MH01-000261.tif	Commons:WikiProject Aviation/recent uploads/2016 December 15	Jasonanaggie	2017-01-08T14:15:24Z
728	ETH-BIB-Zürich,_Quaibrücke,_Bellvue_aus_800_m-Inlandflüge-LBS_MH01-000498.tif	Commons:WikiProject Aviation/recent uploads/2016 December 15	Jasonanaggie	2017-01-08T14:15:24Z
729	ETH-BIB-Ägerisee,_Mythen,_Fronalpstock,_Urner_Alpen,_v._N._aus_2600_m-Inlandflüge-LBS_MH01-000270.tif	Commons:WikiProject Aviation/recent uploads/2016 December 15	Jasonanaggie	2017-01-08T14:15:24Z
730	ETH-BIB-Zürich-Enge,_Sihlquartier_aus_1000_m-Inlandflüge-LBS_MH01-000499.tif	Commons:WikiProject Aviation/recent uploads/2016 December 15	Jasonanaggie	2017-01-08T14:15:24Z
731	ETH-BIB-Zugerberg,_Zugersee,_Neberlmeer,_Vierwaldstättersee-Inlandflüge-LBS_MH01-000273.tif	Commons:WikiProject Aviation/recent uploads/2016 December 15	Jasonanaggie	2017-01-08T14:15:24Z
732	ETH-BIB-Zürichsee,_Seedamm,_Etzel,_Rapperswil,_Pfäffikon,_Sihltal,_Greifensee_v._S._aus_2600_m-Inlandflüge-LBS_MH01-000269.tif	Commons:WikiProject Aviation/recent uploads/2016 December 15	Jasonanaggie	2017-01-08T14:15:24Z
733	ETH-BIB-Olten_aus_400_m-Inlandflüge-LBS_MH01-000502.tif	Commons:WikiProject Aviation/recent uploads/2016 December 15	Jasonanaggie	2017-01-08T14:15:24Z
734	ETH-BIB-Zürich_vom_See,_Limmatquai-Inlandflüge-LBS_MH01-000500.tif	Commons:WikiProject Aviation/recent uploads/2016 December 15	Jasonanaggie	2017-01-08T14:15:24Z
735	ETH-BIB-Rigi_v._N._W._aus_3000_m-Inlandflüge-LBS_MH01-000275.tif	Commons:WikiProject Aviation/recent uploads/2016 December 15	Jasonanaggie	2017-01-08T14:15:24Z
736	ETH-BIB-Olten,_Trimbach_v._S._W._aus_500_m-Inlandflüge-LBS_MH01-000503.tif	Commons:WikiProject Aviation/recent uploads/2016 December 15	Jasonanaggie	2017-01-08T14:15:24Z
737	ETH-BIB-Zugerberg,_Rigi,_Urneralpen,_Vierwaldstättersee,_Zugersee-Inlandflüge-LBS_MH01-000272.tif	Commons:WikiProject Aviation/recent uploads/2016 December 15	Jasonanaggie	2017-01-08T14:15:24Z
738	ETH-BIB-Schönenwerd,_Bally_Schuhfabriken_AG_aus_400_m-Inlandflüge-LBS_MH01-000505.tif	Commons:WikiProject Aviation/recent uploads/2016 December 15	Jasonanaggie	2017-01-08T14:15:24Z
739	ETH-BIB-Aarau,_Altstadt_v._W._aus_500_m-Inlandflüge-LBS_MH01-000507.tif	Commons:WikiProject Aviation/recent uploads/2016 December 15	Jasonanaggie	2017-01-08T14:15:24Z
740	ETH-BIB-Schönenwerd,_Bally_Schuhfabriken_AG_aus_400_m-Inlandflüge-LBS_MH01-000504.tif	Commons:WikiProject Aviation/recent uploads/2016 December 15	Jasonanaggie	2017-01-08T14:15:24Z
741	ETH-BIB-Schilthorn,_Gspaltenhorn_v._N._O._aus_3800_m-Inlandflüge-LBS_MH01-000284.tif	Commons:WikiProject Aviation/recent uploads/2016 December 15	Jasonanaggie	2017-01-08T14:15:24Z
742	ETH-BIB-Grindelwald,_Schreckhorn,_Wetterhorn_aus_3600_m-Inlandflüge-LBS_MH01-000279.tif	Commons:WikiProject Aviation/recent uploads/2016 December 15	Jasonanaggie	2017-01-08T14:15:24Z
743	ETH-BIB-Zofingen_v._W._aus_500_m-Inlandflüge-LBS_MH01-000506.tif	Commons:WikiProject Aviation/recent uploads/2016 December 15	Jasonanaggie	2017-01-08T14:15:24Z
744	ETH-BIB-Zürich-Höngg,_Zürich-Altstetten,_Felder_aus_1000_m-Inlandflüge-LBS_MH01-000511.tif	Commons:WikiProject Aviation/recent uploads/2016 December 15	Jasonanaggie	2017-01-08T14:15:24Z
745	ETH-BIB-Aarau,_Schachen_von_West_aus_600_m-Inlandflüge-LBS_MH01-000508.tif	Commons:WikiProject Aviation/recent uploads/2016 December 15	Jasonanaggie	2017-01-08T14:15:24Z
746	ETH-BIB-Grindelwald,_Schreckhorn,_Finsteraarhorn_v._3600_m-Inlandflüge-LBS_MH01-000283.tif	Commons:WikiProject Aviation/recent uploads/2016 December 15	Jasonanaggie	2017-01-08T14:15:24Z
747	ETH-BIB-Brienzersee,_Bödeli_mit_Interlaken,_Thunersee,_Niesenkette_aus_3600_m-Inlandflüge-LBS_MH01-000285.tif	Commons:WikiProject Aviation/recent uploads/2016 December 15	Jasonanaggie	2017-01-08T14:15:24Z
748	ETH-BIB-Schachenlandschaft_an_der_Aare_oberhalb_Brugg,_Schinznach_aus_800_m-Inlandflüge-LBS_MH01-000510.tif	Commons:WikiProject Aviation/recent uploads/2016 December 15	Jasonanaggie	2017-01-08T14:15:24Z
749	ETH-BIB-Aarau_aus_400_m-Inlandflüge-LBS_MH01-000509.tif	Commons:WikiProject Aviation/recent uploads/2016 December 15	Jasonanaggie	2017-01-08T14:15:24Z
750	ETH-BIB-Wildegg_v._S._W._aus_1000_m-Inlandflüge-LBS_MH01-000512.tif	Commons:WikiProject Aviation/recent uploads/2016 December 15	Jasonanaggie	2017-01-08T14:15:24Z
751	ETH-BIB-Eiger,_Eiger_Nordwand,_Schreckhorn_v._N._W._aus_3800_m-Inlandflüge-LBS_MH01-000288.tif	Commons:WikiProject Aviation/recent uploads/2016 December 15	Jasonanaggie	2017-01-08T14:15:24Z
752	ETH-BIB-Windisch,_Gebenstorf,_Turgi_v._S._W._aus_1000_m-Inlandflüge-LBS_MH01-000514.tif	Commons:WikiProject Aviation/recent uploads/2016 December 15	Jasonanaggie	2017-01-08T14:15:24Z
753	ETH-BIB-Lenzburg,_Übersicht,_Stuafberg_v._W._aus_1000_m-Inlandflüge-LBS_MH01-000517.tif	Commons:WikiProject Aviation/recent uploads/2016 December 15	Jasonanaggie	2017-01-08T14:15:24Z
754	ETH-BIB-Zofingen_v._S._aus_800_m-Inlandflüge-LBS_MH01-000519.tif	Commons:WikiProject Aviation/recent uploads/2016 December 15	Jasonanaggie	2017-01-08T14:15:24Z
755	ETH-BIB-Grosse_Scheidegg,_Wetterhorn,_Schreckhorn,_Finsteraarhorn_aus_4000_m-Inlandflüge-LBS_MH01-000291.tif	Commons:WikiProject Aviation/recent uploads/2016 December 15	Jasonanaggie	2017-01-08T14:15:24Z
756	ETH-BIB-Wildegg,_Zementfabrik-Inlandflüge-LBS_MH01-000513.tif	Commons:WikiProject Aviation/recent uploads/2016 December 15	Jasonanaggie	2017-01-08T14:15:24Z
757	ETH-BIB-Lenzburg,_Übersicht,_Schloss_v._W._aus_1000_m-Inlandflüge-LBS_MH01-000516.tif	Commons:WikiProject Aviation/recent uploads/2016 December 15	Jasonanaggie	2017-01-08T14:15:24Z
758	ETH-BIB-Aarburg_v._S._aus_500_m-Inlandflüge-LBS_MH01-000518.tif	Commons:WikiProject Aviation/recent uploads/2016 December 15	Jasonanaggie	2017-01-08T14:15:24Z
759	ETH-BIB-Baar,_Spinnerei,_Strasse_nach_Ägeri_aus_1800_m-Inlandflüge-LBS_MH01-000522.tif	Commons:WikiProject Aviation/recent uploads/2016 December 15	Jasonanaggie	2017-01-08T14:15:24Z
760	ETH-BIB-Triftgletscher,_Grimsel_v._N._aus_3700_m-Inlandflüge-LBS_MH01-000296.tif	Commons:WikiProject Aviation/recent uploads/2016 December 15	Jasonanaggie	2017-01-08T14:15:24Z
761	ETH-BIB-Triftgebiet,_Melchseealp,_Grimsel,_Giebel_v._N._aus_3700_m-Inlandflüge-LBS_MH01-000297.tif	Commons:WikiProject Aviation/recent uploads/2016 December 15	Jasonanaggie	2017-01-08T14:15:24Z
762	ETH-BIB-Küssnacht_am_Rigi,_Seebodenalp_aus_1900_m-Inlandflüge-LBS_MH01-000523.tif	Commons:WikiProject Aviation/recent uploads/2016 December 15	Jasonanaggie	2017-01-08T14:15:24Z
763	ETH-BIB-Meggenhorn-Inlandflüge-LBS_MH01-000525.tif	Commons:WikiProject Aviation/recent uploads/2016 December 15	Jasonanaggie	2017-01-08T14:15:24Z
764	ETH-BIB-Zug_v._N._aus_1000_m-Inlandflüge-LBS_MH01-000526.tif	Commons:WikiProject Aviation/recent uploads/2016 December 15	Jasonanaggie	2017-01-08T14:15:24Z
765	ETH-BIB-Küssnacht,_Hohle_Gasse,_Seebodenalp_aus_1900_m-Inlandflüge-LBS_MH01-000524.tif	Commons:WikiProject Aviation/recent uploads/2016 December 15	Jasonanaggie	2017-01-08T14:15:24Z
766	ETH-BIB-Zugerberg,_Zug,_Ägerisee_v._W.-Inlandflüge-LBS_MH01-000529.tif	Commons:WikiProject Aviation/recent uploads/2016 December 15	Jasonanaggie	2017-01-08T14:15:24Z
767	ETH-BIB-Seebodenalp,_Küssnacht,_Rigi_aus_1900_m-Inlandflüge-LBS_MH01-000527.tif	Commons:WikiProject Aviation/recent uploads/2016 December 15	Jasonanaggie	2017-01-08T14:15:24Z
768	ETH-BIB-Sihlbrugg,_Sihltal_v._W._aus_2000_m-Inlandflüge-LBS_MH01-000531.tif	Commons:WikiProject Aviation/recent uploads/2016 December 15	Jasonanaggie	2017-01-08T14:15:24Z
769	ETH-BIB-Zug,_Zugerberg-Inlandflüge-LBS_MH01-000528.tif	Commons:WikiProject Aviation/recent uploads/2016 December 15	Jasonanaggie	2017-01-08T14:15:24Z
770	ETH-BIB-Dent_de_Morcles,_Dent_du_Midi_v._O._aus_4000_m-Inlandflüge-LBS_MH01-000530.tif	Commons:WikiProject Aviation/recent uploads/2016 December 15	Jasonanaggie	2017-01-08T14:15:24Z
771	ETH-BIB-Küssnacht,_Seebodenalp,_Rigi-Kulm_v._W._aus_1900_m-Inlandflüge-LBS_MH01-000532.tif	Commons:WikiProject Aviation/recent uploads/2016 December 15	Jasonanaggie	2017-01-08T14:15:24Z
772	ETH-BIB-Luzern,_Übersicht,_Rotsee_v._S.-Inlandflüge-LBS_MH01-000537.tif	Commons:WikiProject Aviation/recent uploads/2016 December 15	Jasonanaggie	2017-01-08T14:15:24Z
773	ETH-BIB-Luzern,_Übersicht_aus_1500_m-Inlandflüge-LBS_MH01-000538.tif	Commons:WikiProject Aviation/recent uploads/2016 December 15	Jasonanaggie	2017-01-08T14:15:24Z
774	ETH-BIB-Sempach_v._W.-Inlandflüge-LBS_MH01-000535.tif	Commons:WikiProject Aviation/recent uploads/2016 December 15	Jasonanaggie	2017-01-08T14:15:24Z
775	ETH-BIB-Cham,_Zug-Inlandflüge-LBS_MH01-000539.tif	Commons:WikiProject Aviation/recent uploads/2016 December 15	Jasonanaggie	2017-01-08T14:15:24Z
776	ETH-BIB-Horgen_v._N._O._aus_1200_m-Inlandflüge-LBS_MH01-000541.tif	Commons:WikiProject Aviation/recent uploads/2016 December 15	Jasonanaggie	2017-01-08T14:15:24Z
777	ETH-BIB-Feldmeilen,_Meilen-Inlandflüge-LBS_MH01-000542.tif	Commons:WikiProject Aviation/recent uploads/2016 December 15	Jasonanaggie	2017-01-08T14:15:24Z
778	ETH-BIB-Cham_v._S._W.-Inlandflüge-LBS_MH01-000540.tif	Commons:WikiProject Aviation/recent uploads/2016 December 15	Jasonanaggie	2017-01-08T14:15:24Z
779	ETH-BIB-Zürich-Oberrstrass,_Platzspitz,_Hauptbahnhof-Inlandflüge-LBS_MH01-000543.tif	Commons:WikiProject Aviation/recent uploads/2016 December 15	Jasonanaggie	2017-01-08T14:15:24Z
780	ETH-BIB-Winterthur,_Altstadt_aus_500_m-Inlandflüge-LBS_MH01-000545.tif	Commons:WikiProject Aviation/recent uploads/2016 December 15	Jasonanaggie	2017-01-08T14:15:24Z
781	ETH-BIB-Schlieren,_Gaswerk-Inlandflüge-LBS_MH01-000546.tif	Commons:WikiProject Aviation/recent uploads/2016 December 15	Jasonanaggie	2017-01-08T14:15:24Z
782	ETH-BIB-Zollikon-Inlandflüge-LBS_MH01-000544.tif	Commons:WikiProject Aviation/recent uploads/2016 December 15	Jasonanaggie	2017-01-08T14:15:24Z
783	ETH-BIB-Schönenwerd,_E.W.,_Gösgen,_Olten_v._S._W._aus_500_m-Inlandflüge-LBS_MH01-000547.tif	Commons:WikiProject Aviation/recent uploads/2016 December 15	Jasonanaggie	2017-01-08T14:15:24Z
784	ETH-BIB-Zürich-Hochschulen,_Universitätsspital,_Oberstrass-Inlandflüge-LBS_MH01-000549.tif	Commons:WikiProject Aviation/recent uploads/2016 December 15	Jasonanaggie	2017-01-08T14:15:24Z
785	ETH-BIB-Uster,_Übersicht,_Pfäffikersee_aus_1000_m-Inlandflüge-LBS_MH01-000558.tif	Commons:WikiProject Aviation/recent uploads/2016 December 15	Jasonanaggie	2017-01-08T14:15:24Z
786	ETH-BIB-Wallisellen,_Herzogenmühle,_Übersicht_v._O.-Inlandflüge-LBS_MH01-000555.tif	Commons:WikiProject Aviation/recent uploads/2016 December 15	Jasonanaggie	2017-01-08T14:15:24Z
787	ETH-BIB-Sitterbrücken_mit_Bruggen_und_Winkeln_v._S._1200m-Inlandflüge-LBS_MH01-000565.tif	Commons:WikiProject Aviation/recent uploads/2016 December 15	Jasonanaggie	2017-01-08T14:15:24Z
788	ETH-BIB-Wallisellen_v._N.-Inlandflüge-LBS_MH01-000554.tif	Commons:WikiProject Aviation/recent uploads/2016 December 15	Jasonanaggie	2017-01-08T14:15:24Z
789	ETH-BIB-Sitterbrücke_bei_St._Gallen-Inlandflüge-LBS_MH01-000334.tif	Commons:WikiProject Aviation/recent uploads/2016 December 15	Jasonanaggie	2017-01-08T14:15:24Z
790	ETH-BIB-St._Gallen,_St._Fiden-Inlandflüge-LBS_MH01-000564.tif	Commons:WikiProject Aviation/recent uploads/2016 December 15	Jasonanaggie	2017-01-08T14:15:24Z
791	ETH-BIB-Uster,_Übersicht,_Pfäffikonersee-Inlandflüge-LBS_MH01-000557.tif	Commons:WikiProject Aviation/recent uploads/2016 December 15	Jasonanaggie	2017-01-08T14:15:24Z
792	ETH-BIB-Elgg,_Bichelseetal_v._N._W._aus_1000_m-Inlandflüge-LBS_MH01-000560.tif	Commons:WikiProject Aviation/recent uploads/2016 December 15	Jasonanaggie	2017-01-08T14:15:24Z
793	ETH-BIB-St._Gallen,_St.Othmar,_Westquartier_v._S._aus_1200_m-Inlandflüge-LBS_MH01-000562.tif	Commons:WikiProject Aviation/recent uploads/2016 December 15	Jasonanaggie	2017-01-08T14:15:24Z
794	ETH-BIB-Rapperswil-Jona,_Hurden,_Seedamm_v._S._aus_2000_m-Inlandflüge-LBS_MH01-000561-AL.tif	Commons:WikiProject Aviation/recent uploads/2016 December 15	Jasonanaggie	2017-01-08T14:15:24Z
795	ETH-BIB-St._Gallen,_Zentrum_v._S._aus_1800_m-Inlandflüge-LBS_MH01-000563.tif	Commons:WikiProject Aviation/recent uploads/2016 December 15	Jasonanaggie	2017-01-08T14:15:24Z
796	ETH-BIB-Ruppenstrasse,_Chornberg,_Ruppen_aus_2500_m-Inlandflüge-LBS_MH01-000568.tif	Commons:WikiProject Aviation/recent uploads/2016 December 15	Jasonanaggie	2017-01-08T14:15:24Z
797	ETH-BIB-Speicher,_Goldachtal_v._S._aus_2000_m-Inlandflüge-LBS_MH01-000569.tif	Commons:WikiProject Aviation/recent uploads/2016 December 15	Jasonanaggie	2017-01-08T14:15:24Z
798	ETH-BIB-Fähnernspitz,_Steinegg,_Appenzell_aus_2600_m-Inlandflüge-LBS_MH01-000572.tif	Commons:WikiProject Aviation/recent uploads/2016 December 15	Jasonanaggie	2017-01-08T14:15:24Z
799	ETH-BIB-Sitterbrücke,_Sittertal,_Bruggen,_Winkeln_v._S._aus_1200_m-Inlandflüge-LBS_MH01-000566.tif	Commons:WikiProject Aviation/recent uploads/2016 December 15	Jasonanaggie	2017-01-08T14:15:24Z
800	ETH-BIB-Kreuzberge,_Saxlücke_v._O._aus_2800_m-Inlandflüge-LBS_MH01-000573.tif	Commons:WikiProject Aviation/recent uploads/2016 December 15	Jasonanaggie	2017-01-08T14:15:24Z
801	ETH-BIB-Hoher_Kasten,_Absturz_ins_Rheintal_aus_2800_m-Inlandflüge-LBS_MH01-000571.tif	Commons:WikiProject Aviation/recent uploads/2016 December 15	Jasonanaggie	2017-01-08T14:15:24Z
802	ETH-BIB-Hinterrugg,_Chäserrugg,_Churfirstengebiet_v._S._aus_3000_m-Inlandflüge-LBS_MH01-000574.tif	Commons:WikiProject Aviation/recent uploads/2016 December 15	Jasonanaggie	2017-01-08T14:15:24Z
803	ETH-BIB-Hoher_Kasten,_Absturz_ins_Rheintal_aus_2800_m-Inlandflüge-LBS_MH01-000570.tif	Commons:WikiProject Aviation/recent uploads/2016 December 15	Jasonanaggie	2017-01-08T14:15:24Z
804	ETH-BIB-Churfirsten,_Walensee,_Murg,_Unterterzen_v._S._aus_3900_m-Inlandflüge-LBS_MH01-000579.tif	Commons:WikiProject Aviation/recent uploads/2016 December 15	Jasonanaggie	2017-01-08T14:15:24Z
805	ETH-BIB-Teufen_aus_1800_m-Inlandflüge-LBS_MH01-000576.tif	Commons:WikiProject Aviation/recent uploads/2016 December 15	Jasonanaggie	2017-01-08T14:15:24Z
806	ETH-BIB-Trogen,_Wald,_Rehetobel,_Goldachtal_m._Bodensee_v._S._aus_2500_m-Inlandflüge-LBS_MH01-000577.tif	Commons:WikiProject Aviation/recent uploads/2016 December 15	Jasonanaggie	2017-01-08T14:15:24Z
807	ETH-BIB-Brisi,_Frümsel,_Zustoll_v._S._aus_3000_m-Inlandflüge-LBS_MH01-000575.tif	Commons:WikiProject Aviation/recent uploads/2016 December 15	Jasonanaggie	2017-01-08T14:15:24Z
808	ETH-BIB-Glarus,_Ennenda_v._W._3400_m-Inlandflüge-LBS_MH01-000584.tif	Commons:WikiProject Aviation/recent uploads/2016 December 15	Jasonanaggie	2017-01-08T14:15:24Z
809	ETH-BIB-Alvierkette_mit_Gamsberg_v._N._W._aus_2800_m-Inlandflüge-LBS_MH01-000580.tif	Commons:WikiProject Aviation/recent uploads/2016 December 15	Jasonanaggie	2017-01-08T14:15:24Z
810	ETH-BIB-Mürtschenstock,_Churfirsten_v._S._aus_4000_m-Inlandflüge-LBS_MH01-000583.tif	Commons:WikiProject Aviation/recent uploads/2016 December 15	Jasonanaggie	2017-01-08T14:15:24Z
811	ETH-BIB-Glärnisch,_Klöntalersee,_Vrenelisgärtli_v._N._aus_4000_m-Inlandflüge-LBS_MH01-000582.tif	Commons:WikiProject Aviation/recent uploads/2016 December 15	Jasonanaggie	2017-01-08T14:15:24Z
812	ETH-BIB-Glärnisch,_Vrenelisgärtli,_Ruchen,_Bächistock_v._N._aus_4300_m-Inlandflüge-LBS_MH01-000581.tif	Commons:WikiProject Aviation/recent uploads/2016 December 15	Jasonanaggie	2017-01-08T14:15:24Z
813	ETH-BIB-Schlieren,_Unterengstringen,_Oberengstringen,_Gaswerk,_Limmat-Inlandflüge-LBS_MH01-000593.tif	Commons:WikiProject Aviation/recent uploads/2016 December 15	Jasonanaggie	2017-01-08T14:15:24Z
814	ETH-BIB-Zürich,_Schwamendingen_v._N._O._aus_250_m-Inlandflüge-LBS_MH01-000590.tif	Commons:WikiProject Aviation/recent uploads/2016 December 15	Jasonanaggie	2017-01-08T14:15:24Z
815	ETH-BIB-Rüthi,_Hirschensprung,_Oberriet,_Ill-Rheinmündung-Inlandflüge-LBS_MH01-000588.tif	Commons:WikiProject Aviation/recent uploads/2016 December 15	Jasonanaggie	2017-01-08T14:15:24Z
816	ETH-BIB-Glarus,_Netstal,_Wiggis_v._W._aus_4300_m-Inlandflüge-LBS_MH01-000585.tif	Commons:WikiProject Aviation/recent uploads/2016 December 15	Jasonanaggie	2017-01-08T14:15:24Z
817	ETH-BIB-Ebenalp,_Säntis-Nordwand_v._N._O._aus_3000_m-Inlandflüge-LBS_MH01-000362.tif	Commons:WikiProject Aviation/recent uploads/2016 December 15	Jasonanaggie	2017-01-08T14:15:24Z
818	ETH-BIB-Walenstadt,_Flums_Seez_v._W._aus_2800_m-Inlandflüge-LBS_MH01-000589.tif	Commons:WikiProject Aviation/recent uploads/2016 December 15	Jasonanaggie	2017-01-08T14:15:24Z
819	ETH-BIB-Grabs_m._Rheinbrücke_u._Bendern_aus_2600_m-Inlandflüge-LBS_MH01-000586.tif	Commons:WikiProject Aviation/recent uploads/2016 December 15	Jasonanaggie	2017-01-08T14:15:24Z
820	ETH-BIB-Linthal,_Schwanden,_Tödigebiet_v._N._aus_3200_m-Inlandflüge-LBS_MH01-000364.tif	Commons:WikiProject Aviation/recent uploads/2016 December 15	Jasonanaggie	2017-01-08T14:15:24Z
821	ETH-BIB-Uetliberg,_Reppischtal-Inlandflüge-LBS_MH01-000594.tif	Commons:WikiProject Aviation/recent uploads/2016 December 15	Jasonanaggie	2017-01-08T14:15:24Z
822	ETH-BIB-Uetliberg,_Fallätschen,_Fohlenweid_v._O.-Inlandflüge-LBS_MH01-000595.tif	Commons:WikiProject Aviation/recent uploads/2016 December 15	Jasonanaggie	2017-01-08T14:15:24Z
823	ETH-BIB-Schwamendingen,_Zürich,_Flugplatz-Mattenhof,_Aero-Luftbildverlagsanstalt,_Comte-Inlandflüge-LBS_MH01-000591.tif	Commons:WikiProject Aviation/recent uploads/2016 December 15	Jasonanaggie	2017-01-08T14:15:24Z
824	ETH-BIB-Wallisellen-Inlandflüge-LBS_MH01-000592.tif	Commons:WikiProject Aviation/recent uploads/2016 December 15	Jasonanaggie	2017-01-08T14:15:24Z
825	ETH-BIB-Engelhörner,_Rosenlauigletscher,_Wetterhörner_v._O._aus_3700_m-Inlandflüge-LBS_MH01-000370.tif	Commons:WikiProject Aviation/recent uploads/2016 December 15	Jasonanaggie	2017-01-08T14:15:24Z
826	ETH-BIB-Brünig,_Berneralpen_v._N._O._aus_3700_m-Inlandflüge-LBS_MH01-000367-02.tif	Commons:WikiProject Aviation/recent uploads/2016 December 15	Jasonanaggie	2017-01-08T14:15:24Z
827	ETH-BIB-Brünig,_Berneralpen_aus_3700_m-Inlandflüge-LBS_MH01-000367-01.tif	Commons:WikiProject Aviation/recent uploads/2016 December 15	Jasonanaggie	2017-01-08T14:15:24Z
828	ETH-BIB-Zürich,_Limmatquai-Inlandflüge-LBS_MH01-000601.tif	Commons:WikiProject Aviation/recent uploads/2016 December 15	Jasonanaggie	2017-01-08T14:15:24Z
829	ETH-BIB-Stanserhorn,_Engelbergeralpen_v._N._W._aus_3500_m-Inlandflüge-LBS_MH01-000369.tif	Commons:WikiProject Aviation/recent uploads/2016 December 15	Jasonanaggie	2017-01-08T14:15:24Z
830	ETH-BIB-Zürich_vom_See-Inlandflüge-LBS_MH01-000600.tif	Commons:WikiProject Aviation/recent uploads/2016 December 15	Jasonanaggie	2017-01-08T14:15:24Z
831	ETH-BIB-Zürich,_Universität,_ETH_Zürich,_Hauptbahnhof-Inlandflüge-LBS_MH01-000596.tif	Commons:WikiProject Aviation/recent uploads/2016 December 15	Jasonanaggie	2017-01-08T14:15:24Z
832	ETH-BIB-St._Gallen,_St._Georgen-Inlandflüge-LBS_MH01-000597.tif	Commons:WikiProject Aviation/recent uploads/2016 December 15	Jasonanaggie	2017-01-08T14:15:24Z
833	ETH-BIB-St._Gallen,_Altstadt_aus_600_m-Inlandflüge-LBS_MH01-000598-AL.tif	Commons:WikiProject Aviation/recent uploads/2016 December 15	Jasonanaggie	2017-01-08T14:15:24Z
834	ETH-BIB-Finsteraarhorn,_Oberaargletscher_v._O._aus_3800_m-Inlandflüge-LBS_MH01-000372.tif	Commons:WikiProject Aviation/recent uploads/2016 December 15	Jasonanaggie	2017-01-08T14:15:24Z
835	ETH-BIB-Finsteraarhorn,_Unteraargletscher_v._O._aus_3800_m-Inlandflüge-LBS_MH01-000373.tif	Commons:WikiProject Aviation/recent uploads/2016 December 15	Jasonanaggie	2017-01-08T14:15:24Z
836	ETH-BIB-Finsteraarhorn,_Münstergletscher_v._S._O._aus_3800_m-Inlandflüge-LBS_MH01-000374.tif	Commons:WikiProject Aviation/recent uploads/2016 December 15	Jasonanaggie	2017-01-08T14:15:24Z
837	ETH-BIB-Zürich_vom_See,_Seefeld,_Belvue_v._O.-Inlandflüge-LBS_MH01-000603.tif	Commons:WikiProject Aviation/recent uploads/2016 December 15	Jasonanaggie	2017-01-08T14:15:24Z
838	ETH-BIB-Zürich-Enge,_Allmend-Inlandflüge-LBS_MH01-000605.tif	Commons:WikiProject Aviation/recent uploads/2016 December 15	Jasonanaggie	2017-01-08T14:15:24Z
839	ETH-BIB-Zürich-Seefeld,_Bahnhof_v._S._aus_1000_m-Inlandflüge-LBS_MH01-000606.tif	Commons:WikiProject Aviation/recent uploads/2016 December 15	Jasonanaggie	2017-01-08T14:15:24Z
840	ETH-BIB-St._Gallen,_Othmarkirche,_Bahnhof_aus_400_m-Inlandflüge-LBS_MH01-000604.tif	Commons:WikiProject Aviation/recent uploads/2016 December 15	Jasonanaggie	2017-01-08T14:15:24Z
841	ETH-BIB-Finsteraarhorn,_Gauligletscher_v._O._aus_3700_m-Inlandflüge-LBS_MH01-000375.tif	Commons:WikiProject Aviation/recent uploads/2016 December 15	Jasonanaggie	2017-01-08T14:15:24Z
842	ETH-BIB-Feegletscher,_Dom,_Täschhorn_v._N._aus_4000_m-Inlandflüge-LBS_MH01-000379.tif	Commons:WikiProject Aviation/recent uploads/2016 December 15	Jasonanaggie	2017-01-08T14:15:24Z
843	ETH-BIB-Lenzburg,_Wildegg,_Wolken_v._S._aus_2500_m-Inlandflüge-LBS_MH01-000129.tif	Commons:WikiProject Aviation/recent uploads/2016 December 15	Jasonanaggie	2017-01-08T14:15:24Z
844	ETH-BIB-Zürich-Seefeld,_Wollishofen-Inlandflüge-LBS_MH01-000611.tif	Commons:WikiProject Aviation/recent uploads/2016 December 15	Jasonanaggie	2017-01-08T14:15:24Z
845	ETH-BIB-Zürich-Kreuzplatz_Seebecken,_Bellvue-Inlandflüge-LBS_MH01-000609.tif	Commons:WikiProject Aviation/recent uploads/2016 December 15	Jasonanaggie	2017-01-08T14:15:24Z
846	ETH-BIB-Zürich-Fluntern,_Alkoholfreies_Kurhaus,_Fluntern_aus_800_m-Inlandflüge-LBS_MH01-000607.tif	Commons:WikiProject Aviation/recent uploads/2016 December 15	Jasonanaggie	2017-01-08T14:15:24Z
847	ETH-BIB-Zürich-Oberstrass,_Unterstrass,_Wipkingen,_Industriequartier-Inlandflüge-LBS_MH01-000608.tif	Commons:WikiProject Aviation/recent uploads/2016 December 15	Jasonanaggie	2017-01-08T14:15:24Z
848	ETH-BIB-Das_obere_Rhonetal,_links_oben_das_Goms,_Blick_von_Brig_ins_Oberwallis_aus_3900_m-Inlandflüge-LBS_MH01-000377-02.tif	Commons:WikiProject Aviation/recent uploads/2016 December 15	Jasonanaggie	2017-01-08T14:15:24Z
849	ETH-BIB-Zürich-Oberstrass_mit_See_aus_800_m-Inlandflüge-LBS_MH01-000610.tif	Commons:WikiProject Aviation/recent uploads/2016 December 15	Jasonanaggie	2017-01-08T14:15:24Z
850	ETH-BIB-Saastal_und_Nikolajtal_bei_Stalden,_Vispertäler,_Mischabelgruppe,_Matterhorn-Inlandflüge-LBS_MH01-000378.tif	Commons:WikiProject Aviation/recent uploads/2016 December 15	Jasonanaggie	2017-01-08T14:15:24Z
851	ETH-BIB-Wollishofen,_Werft,_Allmend-Inlandflüge-LBS_MH01-000614.tif	Commons:WikiProject Aviation/recent uploads/2016 December 15	Jasonanaggie	2017-01-08T14:15:24Z
852	ETH-BIB-Winterthur,_Altstadt_aus_600_m-Inlandflüge-LBS_MH01-000612.tif	Commons:WikiProject Aviation/recent uploads/2016 December 15	Jasonanaggie	2017-01-08T14:15:24Z
853	ETH-BIB-Dübendorf-Neugut,_Seidenzwirnerei-Zwicky-Inlandflüge-LBS_MH01-000615.tif	Commons:WikiProject Aviation/recent uploads/2016 December 15	Jasonanaggie	2017-01-08T14:15:24Z
854	ETH-BIB-Goms,_Übersicht,_Brig,_Vispertäler_v._N._O._aus_4000_m-Inlandflüge-LBS_MH01-000382.tif	Commons:WikiProject Aviation/recent uploads/2016 December 15	Jasonanaggie	2017-01-08T14:15:24Z
855	ETH-BIB-Balfrin,_Nadelgrat,_Dom_v._N._aus_4000_m-Inlandflüge-LBS_MH01-000384-01.tif	Commons:WikiProject Aviation/recent uploads/2016 December 15	Jasonanaggie	2017-01-08T14:15:24Z
856	ETH-BIB-Oerlikon-Inlandflüge-LBS_MH01-000616.tif	Commons:WikiProject Aviation/recent uploads/2016 December 15	Jasonanaggie	2017-01-08T14:15:24Z
857	ETH-BIB-Glärnisch,_Klöntalersee_v._O._aus_3400_m-Inlandflüge-LBS_MH01-000139.tif	Commons:WikiProject Aviation/recent uploads/2016 December 15	Jasonanaggie	2017-01-08T14:15:24Z
858	ETH-BIB-Balfrin,_Dom,_Saastal_v._N._aus_4000_m-Inlandflüge-LBS_MH01-000385.tif	Commons:WikiProject Aviation/recent uploads/2016 December 15	Jasonanaggie	2017-01-08T14:15:24Z
859	ETH-BIB-Zürich,_Übersicht,_Altstadt,_Hauptbahnhof,_Hochschule,_Bellevue_v._O.-Inlandflüge-LBS_MH01-000621.tif	Commons:WikiProject Aviation/recent uploads/2016 December 15	Jasonanaggie	2017-01-08T14:15:24Z
860	ETH-BIB-Schwamendingen,_Oerlikon,_Milchbuck,_Zürich-Inlandflüge-LBS_MH01-000619.tif	Commons:WikiProject Aviation/recent uploads/2016 December 15	Jasonanaggie	2017-01-08T14:15:24Z
861	ETH-BIB-Zürich,_Universität,_Übersicht_aus_1000_m-Inlandflüge-LBS_MH01-000620.tif	Commons:WikiProject Aviation/recent uploads/2016 December 15	Jasonanaggie	2017-01-08T14:15:24Z
862	ETH-BIB-St._Gallen,_Altstadt_v._S._aus_800_m-Inlandflüge-LBS_MH01-000618.tif	Commons:WikiProject Aviation/recent uploads/2016 December 15	Jasonanaggie	2017-01-08T14:15:24Z
863	ETH-BIB-Gams_mit_Strasse_nach_Wildhaus_aus_800_m-Inlandflüge-LBS_MH01-000626.tif	Commons:WikiProject Aviation/recent uploads/2016 December 15	Jasonanaggie	2017-01-08T14:15:24Z
864	ETH-BIB-Gais_v._O._aus_1500_m-Inlandflüge-LBS_MH01-000625.tif	Commons:WikiProject Aviation/recent uploads/2016 December 15	Jasonanaggie	2017-01-08T14:15:24Z
865	ETH-BIB-Matterhorn,_Dent_d'Herens,_Furggrat_v._N._aus_4000_m-Inlandflüge-LBS_MH01-000391-01.tif	Commons:WikiProject Aviation/recent uploads/2016 December 15	Jasonanaggie	2017-01-08T14:15:24Z
866	ETH-BIB-Zürich-Höngg_v._S._aus_1500_m-Inlandflüge-LBS_MH01-000622.tif	Commons:WikiProject Aviation/recent uploads/2016 December 15	Jasonanaggie	2017-01-08T14:15:24Z
867	ETH-BIB-Dübendorf,_Wangen,_Gfenn_aus_2000_m-Inlandflüge-LBS_MH01-000623.tif	Commons:WikiProject Aviation/recent uploads/2016 December 15	Jasonanaggie	2017-01-08T14:15:24Z
868	ETH-BIB-Dom,_Täschhorn,_Alphubel_v._W._aus_4000_m-Inlandflüge-LBS_MH01-000388.tif	Commons:WikiProject Aviation/recent uploads/2016 December 15	Jasonanaggie	2017-01-08T14:15:24Z
869	ETH-BIB-Eiskaskade_des_Riedgletschers,_Nadelgrat_und_Dom_in_der_Mischabelgruppe,_Breithorn_v._N._aus_4000_m-Inlandflüge-LBS_MH01-000390.tif	Commons:WikiProject Aviation/recent uploads/2016 December 15	Jasonanaggie	2017-01-08T14:15:24Z
870	ETH-BIB-Dübendorf,_Wil_aus_2000_m-Inlandflüge-LBS_MH01-000624.tif	Commons:WikiProject Aviation/recent uploads/2016 December 15	Jasonanaggie	2017-01-08T14:15:24Z
871	ETH-BIB-Zürich-Höngg_mit_Limmat-Inlandflüge-LBS_MH01-000627.tif	Commons:WikiProject Aviation/recent uploads/2016 December 15	Jasonanaggie	2017-01-08T14:15:24Z
872	ETH-BIB-Winterthur,_Altstadt_v._O._aus_500_m-Inlandflüge-LBS_MH01-000628.tif	Commons:WikiProject Aviation/recent uploads/2016 December 15	Jasonanaggie	2017-01-08T14:15:24Z
873	ETH-BIB-Winterthur,_Bahnhof_und_Altstadt_aus_600_m-Inlandflüge-LBS_MH01-000630.tif	Commons:WikiProject Aviation/recent uploads/2016 December 15	Jasonanaggie	2017-01-08T14:15:24Z
874	ETH-BIB-Winterthur-Töss_aus_500_m-Inlandflüge-LBS_MH01-000631-AL.tif	Commons:WikiProject Aviation/recent uploads/2016 December 15	Jasonanaggie	2017-01-08T14:15:24Z
875	ETH-BIB-Winterthur_v._S._O._aus_800_m-Inlandflüge-LBS_MH01-000629.tif	Commons:WikiProject Aviation/recent uploads/2016 December 15	Jasonanaggie	2017-01-08T14:15:24Z
876	ETH-BIB-Kemptthal,_Maggifabrik_v._O._aus_800_m-Inlandflüge-LBS_MH01-000635.tif	Commons:WikiProject Aviation/recent uploads/2016 December 15	Jasonanaggie	2017-01-08T14:15:24Z
877	ETH-BIB-Winterthur,_Geiselweid,_Ostquartier_aus_800_m-Inlandflüge-LBS_MH01-000632.tif	Commons:WikiProject Aviation/recent uploads/2016 December 15	Jasonanaggie	2017-01-08T14:15:24Z
878	ETH-BIB-Weisshorn,_Dent_Blanche_v._O._aus_4000_m-Inlandflüge-LBS_MH01-000397-02.tif	Commons:WikiProject Aviation/recent uploads/2016 December 15	Jasonanaggie	2017-01-08T14:15:24Z
879	ETH-BIB-Rapperswil-Jona,_Bahnhof_aus_500_m-Inlandflüge-LBS_MH01-000407.tif	Commons:WikiProject Aviation/recent uploads/2016 December 15	Jasonanaggie	2017-01-08T14:15:24Z
880	ETH-BIB-Chamonix,_Mont_Blanc,_Aiguilles_de_Charmoz_du_Grèfon,_Aiguilles_du_Midi-Inlandflüge-LBS_MH01-000646.tif	Commons:WikiProject Aviation/recent uploads/2016 December 15	Jasonanaggie	2017-01-08T14:15:24Z
881	ETH-BIB-Wil_(SG)_mit_Bahnhof_v._S._W._aus_600_m-Inlandflüge-LBS_MH01-000645.tif	Commons:WikiProject Aviation/recent uploads/2016 December 15	Jasonanaggie	2017-01-08T14:15:24Z
882	ETH-BIB-St._Josefen,_Sitterlauf-Inlandflüge-LBS_MH01-000644.tif	Commons:WikiProject Aviation/recent uploads/2016 December 15	Jasonanaggie	2017-01-08T14:15:24Z
883	ETH-BIB-Wil_(SG)_v._W._aus_800_m-Inlandflüge-LBS_MH01-000651.tif	Commons:WikiProject Aviation/recent uploads/2016 December 15	Jasonanaggie	2017-01-08T14:15:24Z
884	ETH-BIB-Oberwinterthur,_Zwirnerei,_Jaeggli-Inlandflüge-LBS_MH01-000652.tif	Commons:WikiProject Aviation/recent uploads/2016 December 15	Jasonanaggie	2017-01-08T14:15:24Z
885	ETH-BIB-Waldkirch_mit_Sitterlauf_v._N._aus_1000_m-Inlandflüge-LBS_MH01-000647.tif	Commons:WikiProject Aviation/recent uploads/2016 December 15	Jasonanaggie	2017-01-08T14:15:24Z
886	ETH-BIB-St._Gallen,_Linsenbühlquartier_v._S._O.-Inlandflüge-LBS_MH01-000657.tif	Commons:WikiProject Aviation/recent uploads/2016 December 15	Jasonanaggie	2017-01-08T14:15:24Z
887	ETH-BIB-Sitterbrücken_bei_St._Gallen_v._S.-Inlandflüge-LBS_MH01-000662.tif	Commons:WikiProject Aviation/recent uploads/2016 December 15	Jasonanaggie	2017-01-08T14:15:24Z
888	ETH-BIB-St._Gallen,_Leonhardskirche_aus_800_m-Inlandflüge-LBS_MH01-000654.tif	Commons:WikiProject Aviation/recent uploads/2016 December 15	Jasonanaggie	2017-01-08T14:15:24Z
889	ETH-BIB-St._Gallen,_Übersicht_v._S._W._aus_800_m-Inlandflüge-LBS_MH01-000656.tif	Commons:WikiProject Aviation/recent uploads/2016 December 15	Jasonanaggie	2017-01-08T14:15:24Z
890	ETH-BIB-St._Gallen,_St._Georgen_aus_800_m-Inlandflüge-LBS_MH01-000653.tif	Commons:WikiProject Aviation/recent uploads/2016 December 15	Jasonanaggie	2017-01-08T14:15:24Z
891	ETH-BIB-St._Gallen,_St.Fiden,_Bürgerspital_v._O._aus_800_m-Inlandflüge-LBS_MH01-000660.tif	Commons:WikiProject Aviation/recent uploads/2016 December 15	Jasonanaggie	2017-01-08T14:15:24Z
892	ETH-BIB-Kronbühl,_MörschWil_(SG),_Steinachtal,_Steinach,_Arbon_v._S._W._aus_1000_m-Inlandflüge-LBS_MH01-000661.tif	Commons:WikiProject Aviation/recent uploads/2016 December 15	Jasonanaggie	2017-01-08T14:15:24Z
893	ETH-BIB-St._Gallen,_Altstadt,_Linsenbühl_v._S._O._aus_800_m-Inlandflüge-LBS_MH01-000658.tif	Commons:WikiProject Aviation/recent uploads/2016 December 15	Jasonanaggie	2017-01-08T14:15:24Z
894	ETH-BIB-St._Gallen-Zentrum,_Bahnhof_aus_800_m-Inlandflüge-LBS_MH01-000659.tif	Commons:WikiProject Aviation/recent uploads/2016 December 15	Jasonanaggie	2017-01-08T14:15:24Z
895	ETH-BIB-Gossau_(SG)_aus_1000_m-Inlandflüge-LBS_MH01-000663.tif	Commons:WikiProject Aviation/recent uploads/2016 December 15	Jasonanaggie	2017-01-08T14:15:24Z
896	ETH-BIB-Gossau_(SG)_aus_1000_m-Inlandflüge-LBS_MH01-000666.tif	Commons:WikiProject Aviation/recent uploads/2016 December 15	Jasonanaggie	2017-01-08T14:15:24Z
897	ETH-BIB-Flawil_aus_1000_m-Inlandflüge-LBS_MH01-000667.tif	Commons:WikiProject Aviation/recent uploads/2016 December 15	Jasonanaggie	2017-01-08T14:15:24Z
898	ETH-BIB-Schwerzenbach_mit_Greifensee_aus_800_m-Inlandflüge-LBS_MH01-000668.tif	Commons:WikiProject Aviation/recent uploads/2016 December 15	Jasonanaggie	2017-01-08T14:15:24Z
899	ETH-BIB-Uzwil,_Oberuzwil_v._W._aus_800_m-Inlandflüge-LBS_MH01-000664.tif	Commons:WikiProject Aviation/recent uploads/2016 December 15	Jasonanaggie	2017-01-08T14:15:24Z
900	ETH-BIB-Zürich,_Übersicht-Inlandflüge-LBS_MH01-000428.tif	Commons:WikiProject Aviation/recent uploads/2016 December 15	Jasonanaggie	2017-01-08T14:15:24Z
901	ETH-BIB-Zürich_vom_See_aus_1000_m-Inlandflüge-LBS_MH01-000670.tif	Commons:WikiProject Aviation/recent uploads/2016 December 15	Jasonanaggie	2017-01-08T14:15:24Z
902	ETH-BIB-Zürich,_Bellevue,_Altstadt,_Limmatquai_aus_1200_m-Inlandflüge-LBS_MH01-000671.tif	Commons:WikiProject Aviation/recent uploads/2016 December 15	Jasonanaggie	2017-01-08T14:15:24Z
903	ETH-BIB-Uzwil-Inlandflüge-LBS_MH01-000665.tif	Commons:WikiProject Aviation/recent uploads/2016 December 15	Jasonanaggie	2017-01-08T14:15:24Z
904	ETH-BIB-Zürich,_Bürkliplatz,_Bauschänzli,_Alte_Tonhalle-Inlandflüge-LBS_MH01-000672.tif	Commons:WikiProject Aviation/recent uploads/2016 December 15	Jasonanaggie	2017-01-08T14:15:24Z
905	ETH-BIB-Dübendorf-Flugfeld,_Wangen-Inlandflüge-LBS_MH01-000669.tif	Commons:WikiProject Aviation/recent uploads/2016 December 15	Jasonanaggie	2017-01-08T14:15:24Z
906	ETH-BIB-Zürich,_Bürkliplatz,_Stadthaus,_General-Guisan-Quai-Inlandflüge-LBS_MH01-000673.tif	Commons:WikiProject Aviation/recent uploads/2016 December 15	Jasonanaggie	2017-01-08T14:15:24Z
907	ETH-BIB-Zürich,_Stauffacher,_St._Jakobkirche-Inlandflüge-LBS_MH01-000675.tif	Commons:WikiProject Aviation/recent uploads/2016 December 15	Jasonanaggie	2017-01-08T14:15:24Z
908	ETH-BIB-Rossens,_Farvagny,_Vuisternens,_Vallée_de_la_Sarine,_Les_Alpes_de_Gruyère,_Mont_Blanc_v._N._aus_3000_m-Inlandflüge-LBS_MH01-000435.tif	Commons:WikiProject Aviation/recent uploads/2016 December 15	Jasonanaggie	2017-01-08T14:15:24Z
909	ETH-BIB-Bern_aus_750_m-Inlandflüge-LBS_MH01-000434.tif	Commons:WikiProject Aviation/recent uploads/2016 December 15	Jasonanaggie	2017-01-08T14:15:24Z
910	ETH-BIB-Zürich,_Dolder,_Hottingen_aus_1000_m-Inlandflüge-LBS_MH01-000678.tif	Commons:WikiProject Aviation/recent uploads/2016 December 15	Jasonanaggie	2017-01-08T14:15:24Z
911	ETH-BIB-Bad_Schinznach,_Aare_aus_400_m-Inlandflüge-LBS_MH01-000439.tif	Commons:WikiProject Aviation/recent uploads/2016 December 15	Jasonanaggie	2017-01-08T14:15:24Z
912	ETH-BIB-Uster,_Bahnhof,_Neue_Kirche-Inlandflüge-LBS_MH01-000680.tif	Commons:WikiProject Aviation/recent uploads/2016 December 15	Jasonanaggie	2017-01-08T14:15:24Z
913	ETH-BIB-Uster,_Kirche,_Schloss_Uster-Inlandflüge-LBS_MH01-000688.tif	Commons:WikiProject Aviation/recent uploads/2016 December 15	Jasonanaggie	2017-01-08T14:15:24Z
914	ETH-BIB-Leukerbad-Inlandflüge-LBS_MH01-000447.tif	Commons:WikiProject Aviation/recent uploads/2016 December 15	Jasonanaggie	2017-01-08T14:15:24Z
915	ETH-BIB-Städtchen_und_Schloss_Greifensee_aus_800_m-Inlandflüge-LBS_MH01-000687-AL.tif	Commons:WikiProject Aviation/recent uploads/2016 December 15	Jasonanaggie	2017-01-08T14:15:24Z
916	ETH-BIB-Rapperswil-Jona_v._S._O.-Inlandflüge-LBS_MH01-000683.tif	Commons:WikiProject Aviation/recent uploads/2016 December 15	Jasonanaggie	2017-01-08T14:15:24Z
917	ETH-BIB-Pfäffikon-Inlandflüge-LBS_MH01-000690-01.tif	Commons:WikiProject Aviation/recent uploads/2016 December 15	Jasonanaggie	2017-01-08T14:15:24Z
918	ETH-BIB-Pfäffikon_mit_See-Inlandflüge-LBS_MH01-000691.tif	Commons:WikiProject Aviation/recent uploads/2016 December 15	Jasonanaggie	2017-01-08T14:15:24Z
919	ETH-BIB-Pfäffikon,_Irgenhausen,_Römisches_Kastell-Inlandflüge-LBS_MH01-000692.tif	Commons:WikiProject Aviation/recent uploads/2016 December 15	Jasonanaggie	2017-01-08T14:15:24Z
920	ETH-BIB-Niederuster-Inlandflüge-LBS_MH01-000689.tif	Commons:WikiProject Aviation/recent uploads/2016 December 15	Jasonanaggie	2017-01-08T14:15:24Z
921	ETH-BIB-Blümlisalp,_Oeschinensee_v._W._aus_4000_m-Inlandflüge-LBS_MH01-000448.tif	Commons:WikiProject Aviation/recent uploads/2016 December 15	Jasonanaggie	2017-01-08T14:15:24Z
922	ETH-BIB-Pfäffikon-Inlandflüge-LBS_MH01-000690-02.tif	Commons:WikiProject Aviation/recent uploads/2016 December 15	Jasonanaggie	2017-01-08T14:15:24Z
923	ETH-BIB-Zürich-Höngg,_Affoltern_aus_1500_m-Inlandflüge-LBS_MH01-000696.tif	Commons:WikiProject Aviation/recent uploads/2016 December 15	Jasonanaggie	2017-01-08T14:15:24Z
924	ETH-BIB-Rhônetal,_Marigny,_Vernayaz_v._N._aus_4000_m-Inlandflüge-LBS_MH01-000222.tif	Commons:WikiProject Aviation/recent uploads/2016 December 15	Jasonanaggie	2017-01-08T14:15:24Z
925	ETH-BIB-Zürich,_Hottingen,_Grand_Hotel_Dolder-Inlandflüge-LBS_MH01-000694.tif	Commons:WikiProject Aviation/recent uploads/2016 December 15	Jasonanaggie	2017-01-08T14:15:24Z
926	ETH-BIB-Zürich,_Bahnhofstrasse,_Rennweg,_Lindenhof_aus_1500_m-Inlandflüge-LBS_MH01-000693.tif	Commons:WikiProject Aviation/recent uploads/2016 December 15	Jasonanaggie	2017-01-08T14:15:24Z
927	ETH-BIB-Rinderhorn,_Ferdenrothorn,_von_der_Gemmi_aus_4000_m-Inlandflüge-LBS_MH01-000453.tif	Commons:WikiProject Aviation/recent uploads/2016 December 15	Jasonanaggie	2017-01-08T14:15:24Z
928	ETH-BIB-Rinderhorn_v._S._aus_4000_m-Inlandflüge-LBS_MH01-000454.tif	Commons:WikiProject Aviation/recent uploads/2016 December 15	Jasonanaggie	2017-01-08T14:15:24Z
929	ETH-BIB-Zürich_gegen_Uetliberg,_Triemli,_Birmensdorferstrasse-Inlandflüge-LBS_MH01-000695.tif	Commons:WikiProject Aviation/recent uploads/2016 December 15	Jasonanaggie	2017-01-08T14:15:24Z
930	ETH-BIB-Burgdorf_aus_400_m-Inlandflüge-LBS_MH01-000700.tif	Commons:WikiProject Aviation/recent uploads/2016 December 15	Jasonanaggie	2017-01-08T14:15:24Z
931	ETH-BIB-Burgdorf_aus_400_m-Inlandflüge-LBS_MH01-000702.tif	Commons:WikiProject Aviation/recent uploads/2016 December 15	Jasonanaggie	2017-01-08T14:15:24Z
932	ETH-BIB-Bremgarten,_Übersicht,_Reuss-Schlaufe-Inlandflüge-LBS_MH01-000699.tif	Commons:WikiProject Aviation/recent uploads/2016 December 15	Jasonanaggie	2017-01-08T14:15:24Z
933	ETH-BIB-Bietschhorn,_Walliser_Alpen,_von_Norden-Inlandflüge-LBS_MH01-000461.tif	Commons:WikiProject Aviation/recent uploads/2016 December 15	Jasonanaggie	2017-01-08T14:15:24Z
934	ETH-BIB-Burgdorf_aus_400_m-Inlandflüge-LBS_MH01-000701.tif	Commons:WikiProject Aviation/recent uploads/2016 December 15	Jasonanaggie	2017-01-08T14:15:24Z
935	ETH-BIB-Bern,_Altstadt-Inlandflüge-LBS_MH01-000707.tif	Commons:WikiProject Aviation/recent uploads/2016 December 15	Jasonanaggie	2017-01-08T14:15:24Z
936	ETH-BIB-Grosses_Aletschhorn,_Monte_Leone_v._N._aus_5000_m-Inlandflüge-LBS_MH01-000467-AL.tif	Commons:WikiProject Aviation/recent uploads/2016 December 15	Jasonanaggie	2017-01-08T14:15:24Z
937	ETH-BIB-Kranzberg,_Aletschhorn_v._N._aus_4500_m-Inlandflüge-LBS_MH01-000466.tif	Commons:WikiProject Aviation/recent uploads/2016 December 15	Jasonanaggie	2017-01-08T14:15:24Z
938	ETH-BIB-Bern-Mattequartier,_Nydeggbrücke,_Untertorbrücke_aus_50_m-Inlandflüge-LBS_MH01-000709.tif	Commons:WikiProject Aviation/recent uploads/2016 December 15	Jasonanaggie	2017-01-08T14:15:24Z
939	ETH-BIB-Bern-Altstadt,_Kirchenfeld_v._S._O._aus_800_m-Inlandflüge-LBS_MH01-000708.tif	Commons:WikiProject Aviation/recent uploads/2016 December 15	Jasonanaggie	2017-01-08T14:15:24Z
940	ETH-BIB-Fribourg-Inlandflüge-LBS_MH01-000711.tif	Commons:WikiProject Aviation/recent uploads/2016 December 15	Jasonanaggie	2017-01-08T14:15:24Z
941	ETH-BIB-Ebenefluh,_Jungfrau,_Frinsteraarhorn,_Dreickhorn_v._W._aus_4500_m-Inlandflüge-LBS_MH01-000469.tif	Commons:WikiProject Aviation/recent uploads/2016 December 15	Jasonanaggie	2017-01-08T14:15:24Z
942	ETH-BIB-Fribourg,_Sarine-Schlaufe-Inlandflüge-LBS_MH01-000712.tif	Commons:WikiProject Aviation/recent uploads/2016 December 15	Jasonanaggie	2017-01-08T14:15:24Z
943	ETH-BIB-Fribourg,_Kathedrale,_Pont_Suspendu_aus_400_m-Inlandflüge-LBS_MH01-000715.tif	Commons:WikiProject Aviation/recent uploads/2016 December 15	Jasonanaggie	2017-01-08T14:15:24Z
944	ETH-BIB-Freiburg,_Altstadt-Inlandflüge-LBS_MH01-000714.tif	Commons:WikiProject Aviation/recent uploads/2016 December 15	Jasonanaggie	2017-01-08T14:15:24Z
945	ETH-BIB-Fribourg,_Kathedrale_aus_400_m-Inlandflüge-LBS_MH01-000718.tif	Commons:WikiProject Aviation/recent uploads/2016 December 15	Jasonanaggie	2017-01-08T14:15:24Z
946	ETH-BIB-Fribourg,_Chocolat_de_Villars,_Quartier_de_Pérolles_aus_700_m-Inlandflüge-LBS_MH01-000716.tif	Commons:WikiProject Aviation/recent uploads/2016 December 15	Jasonanaggie	2017-01-08T14:15:24Z
947	ETH-BIB-Bulle_aus_300_m-Inlandflüge-LBS_MH01-000720.tif	Commons:WikiProject Aviation/recent uploads/2016 December 15	Jasonanaggie	2017-01-08T14:15:24Z
948	ETH-BIB-Fribourg,_Altstadt-Inlandflüge-LBS_MH01-000722.tif	Commons:WikiProject Aviation/recent uploads/2016 December 15	Jasonanaggie	2017-01-08T14:15:24Z
949	ETH-BIB-Bulle_aus_300_m-Inlandflüge-LBS_MH01-000719.tif	Commons:WikiProject Aviation/recent uploads/2016 December 15	Jasonanaggie	2017-01-08T14:15:24Z
950	ETH-BIB-Bern,_Detail,_Nordwestliches_Quartier-Inlandflüge-LBS_MH01-000727.tif	Commons:WikiProject Aviation/recent uploads/2016 December 15	Jasonanaggie	2017-01-08T14:15:24Z
951	ETH-BIB-Gurten,_Gurtenkulm-Inlandflüge-LBS_MH01-000729.tif	Commons:WikiProject Aviation/recent uploads/2016 December 15	Jasonanaggie	2017-01-08T14:15:24Z
952	ETH-BIB-Lausanne-Ouchy,_Hafen_v._S._aus_400_m-Inlandflüge-LBS_MH01-000725.tif	Commons:WikiProject Aviation/recent uploads/2016 December 15	Jasonanaggie	2017-01-08T14:15:24Z
953	ETH-BIB-Châtel-Saint-Denis_v._O._aus_500_m-Inlandflüge-LBS_MH01-000721.tif	Commons:WikiProject Aviation/recent uploads/2016 December 15	Jasonanaggie	2017-01-08T14:15:24Z
954	ETH-BIB-Lausanne_v._W._aus_300_m-Inlandflüge-LBS_MH01-000724-AL.tif	Commons:WikiProject Aviation/recent uploads/2016 December 15	Jasonanaggie	2017-01-08T14:15:24Z
955	ETH-BIB-Lausanne-Zentrum_v._N._aus_400_m-Inlandflüge-LBS_MH01-000726.tif	Commons:WikiProject Aviation/recent uploads/2016 December 15	Jasonanaggie	2017-01-08T14:15:24Z
956	ETH-BIB-Lausanne_v._S._O._aus_300_m-Inlandflüge-LBS_MH01-000723.tif	Commons:WikiProject Aviation/recent uploads/2016 December 15	Jasonanaggie	2017-01-08T14:15:24Z
957	ETH-BIB-Genf_=_Genève,_Centre_v._N._W._aus_500_m-Inlandflüge-LBS_MH01-000731.tif	Commons:WikiProject Aviation/recent uploads/2016 December 15	Jasonanaggie	2017-01-08T14:15:24Z
958	ETH-BIB-Genf_=_Genève,_Zentrum,_Coulouvrèniere_et_l'ile_v._W._aus_400_m-Inlandflüge-LBS_MH01-000732.tif	Commons:WikiProject Aviation/recent uploads/2016 December 15	Jasonanaggie	2017-01-08T14:15:24Z
959	ETH-BIB-Genf_=_Genève,_Centre_v._W._aus_500_m-Inlandflüge-LBS_MH01-000730.tif	Commons:WikiProject Aviation/recent uploads/2016 December 15	Jasonanaggie	2017-01-08T14:15:24Z
960	ETH-BIB-Burgdorf_aus_400_m-Inlandflüge-LBS_MH01-000728.tif	Commons:WikiProject Aviation/recent uploads/2016 December 15	Jasonanaggie	2017-01-08T14:15:24Z
961	ETH-BIB-Grosse_Scheidegg,_Wetterhorn,_Schreckhorn,_Finsteraarhorn-Inlandflüge-LBS_MH01-000485.tif	Commons:WikiProject Aviation/recent uploads/2016 December 15	Jasonanaggie	2017-01-08T14:15:24Z
962	ETH-BIB-Genf_=_Genève,_Délices,_Plainpalais_v._N._W._as_400_m-Inlandflüge-LBS_MH01-000733.tif	Commons:WikiProject Aviation/recent uploads/2016 December 15	Jasonanaggie	2017-01-08T14:15:24Z
963	ETH-BIB-Genf_=_Genève,_St.Jean-Théâtre_v._N._W._aus_400_m-Inlandflüge-LBS_MH01-000736.tif	Commons:WikiProject Aviation/recent uploads/2016 December 15	Jasonanaggie	2017-01-08T14:15:24Z
964	ETH-BIB-Genf_=_Genève,_Übersicht,_L'Arve,_La_Pade_v._S._W._aus_500_m-Inlandflüge-LBS_MH01-000737.tif	Commons:WikiProject Aviation/recent uploads/2016 December 15	Jasonanaggie	2017-01-08T14:15:24Z
965	ETH-BIB-Genf_=_Genève,_Rue_du_Stand_St._Pierre_v._W._aus_500_m-Inlandflüge-LBS_MH01-000734.tif	Commons:WikiProject Aviation/recent uploads/2016 December 15	Jasonanaggie	2017-01-08T14:15:24Z
966	ETH-BIB-Delémont,_Centre_aus_300_m-Inlandflüge-LBS_MH01-000742.tif	Commons:WikiProject Aviation/recent uploads/2016 December 15	Jasonanaggie	2017-01-08T14:15:24Z
967	ETH-BIB-Genf_=_Genève,_Plaine_de_Plainpalais,_Rhône_v._S._W._aus_500_m-Inlandflüge-LBS_MH01-000735.tif	Commons:WikiProject Aviation/recent uploads/2016 December 15	Jasonanaggie	2017-01-08T14:15:24Z
968	ETH-BIB-Genf,_Zentrum_v._W._aus_600_m-Inlandflüge-LBS_MH01-000738.tif	Commons:WikiProject Aviation/recent uploads/2016 December 15	Jasonanaggie	2017-01-08T14:15:24Z
969	ETH-BIB-Zürich-Altstadt-Inlandflüge-LBS_MH01-000741.tif	Commons:WikiProject Aviation/recent uploads/2016 December 15	Jasonanaggie	2017-01-08T14:15:24Z
970	ETH-BIB-Delémont,_Centre_aus_250_m-Inlandflüge-LBS_MH01-000740.tif	Commons:WikiProject Aviation/recent uploads/2016 December 15	Jasonanaggie	2017-01-08T14:15:24Z
971	ETH-BIB-Delémont_v._O._aus_300_m-Inlandflüge-LBS_MH01-000744.tif	Commons:WikiProject Aviation/recent uploads/2016 December 15	Jasonanaggie	2017-01-08T14:15:24Z
972	ETH-BIB-Delémont-Inlandflüge-LBS_MH01-000745.tif	Commons:WikiProject Aviation/recent uploads/2016 December 15	Jasonanaggie	2017-01-08T14:15:24Z
973	ETH-BIB-Delémont,_Usines_des_Rondez-Inlandflüge-LBS_MH01-000747.tif	Commons:WikiProject Aviation/recent uploads/2016 December 15	Jasonanaggie	2017-01-08T14:15:24Z
974	ETH-BIB-Lutry_v._N._aus_700_m-Inlandflüge-LBS_MH01-000756.tif	Commons:WikiProject Aviation/recent uploads/2016 December 15	Jasonanaggie	2017-01-08T14:15:24Z
975	ETH-BIB-Delémont,_Usines_des_Rondez-Inlandflüge-LBS_MH01-000746.tif	Commons:WikiProject Aviation/recent uploads/2016 December 15	Jasonanaggie	2017-01-08T14:15:24Z
976	ETH-BIB-Territet,_Glion,_Les_Planches,_Lac_Léman_v._W._aus_600_m-Inlandflüge-LBS_MH01-000749.tif	Commons:WikiProject Aviation/recent uploads/2016 December 15	Jasonanaggie	2017-01-08T14:15:24Z
977	ETH-BIB-Territet,_Glion,_Les_Planches,_Lac_Léman_v._W._aus_600_m-Inlandflüge-LBS_MH01-000750.tif	Commons:WikiProject Aviation/recent uploads/2016 December 15	Jasonanaggie	2017-01-08T14:15:24Z
978	ETH-BIB-Veytaux_v._S._aus_800_m-Inlandflüge-LBS_MH01-000752.tif	Commons:WikiProject Aviation/recent uploads/2016 December 15	Jasonanaggie	2017-01-08T14:15:24Z
979	ETH-BIB-Montreux_v._N._W._aus_600_m-Inlandflüge-LBS_MH01-000748.tif	Commons:WikiProject Aviation/recent uploads/2016 December 15	Jasonanaggie	2017-01-08T14:15:24Z
980	ETH-BIB-Caux,_Montreux,_Chemin_de_fer_des_Rochers-de-Naye-Inlandflüge-LBS_MH01-000753.tif	Commons:WikiProject Aviation/recent uploads/2016 December 15	Jasonanaggie	2017-01-08T14:15:24Z
981	ETH-BIB-Vevey_v._N._O._aus_600_m-Inlandflüge-LBS_MH01-000751.tif	Commons:WikiProject Aviation/recent uploads/2016 December 15	Jasonanaggie	2017-01-08T14:15:24Z
982	ETH-BIB-Chamby_sur_Montreux-Inlandflüge-LBS_MH01-000755.tif	Commons:WikiProject Aviation/recent uploads/2016 December 15	Jasonanaggie	2017-01-08T14:15:24Z
983	ETH-BIB-Les_Avants_(Montreux)_v._S._O._aus_800_m-Inlandflüge-LBS_MH01-000754.tif	Commons:WikiProject Aviation/recent uploads/2016 December 15	Jasonanaggie	2017-01-08T14:15:24Z
984	ETH-BIB-Cully,_Chenaux_v._N._aus_800_m-Inlandflüge-LBS_MH01-000761.tif	Commons:WikiProject Aviation/recent uploads/2016 December 15	Jasonanaggie	2017-01-08T14:15:24Z
985	ETH-BIB-Vevey,_La_Tour-de-Peilz_aus_700_m-Inlandflüge-LBS_MH01-000757.tif	Commons:WikiProject Aviation/recent uploads/2016 December 15	Jasonanaggie	2017-01-08T14:15:24Z
986	ETH-BIB-Clarens,_Montreux_v._N._aus_500_m-Inlandflüge-LBS_MH01-000759.tif	Commons:WikiProject Aviation/recent uploads/2016 December 15	Jasonanaggie	2017-01-08T14:15:24Z
987	ETH-BIB-Cully_v._N._O._aus_800_m-Inlandflüge-LBS_MH01-000762.tif	Commons:WikiProject Aviation/recent uploads/2016 December 15	Jasonanaggie	2017-01-08T14:15:24Z
988	ETH-BIB-Pully,_Lausanne_v._N._aus_800_m-Inlandflüge-LBS_MH01-000758.tif	Commons:WikiProject Aviation/recent uploads/2016 December 15	Jasonanaggie	2017-01-08T14:15:24Z
989	ETH-BIB-Epesses,_Lavaux_v._N._aus_400_m-Inlandflüge-LBS_MH01-000763.tif	Commons:WikiProject Aviation/recent uploads/2016 December 15	Jasonanaggie	2017-01-08T14:15:24Z
990	ETH-BIB-Morges,_Übersicht_v._W._aus_400_m-Inlandflüge-LBS_MH01-000767.tif	Commons:WikiProject Aviation/recent uploads/2016 December 15	Jasonanaggie	2017-01-08T14:15:24Z
991	ETH-BIB-Morges,_Zentrum_aus_250_m-Inlandflüge-LBS_MH01-000766.tif	Commons:WikiProject Aviation/recent uploads/2016 December 15	Jasonanaggie	2017-01-08T14:15:24Z
992	ETH-BIB-Nyon_v._W._aus_600_m-Inlandflüge-LBS_MH01-000771.tif	Commons:WikiProject Aviation/recent uploads/2016 December 15	Jasonanaggie	2017-01-08T14:15:24Z
993	ETH-BIB-Rolle,_L'ile_de_la_Harpe_v._W._aus_400_m-Inlandflüge-LBS_MH01-000769.tif	Commons:WikiProject Aviation/recent uploads/2016 December 15	Jasonanaggie	2017-01-08T14:15:24Z
994	ETH-BIB-St._Prex-Inlandflüge-LBS_MH01-000765.tif	Commons:WikiProject Aviation/recent uploads/2016 December 15	Jasonanaggie	2017-01-08T14:15:24Z
995	ETH-BIB-Rolle_v._N._W._aus_400_m-Inlandflüge-LBS_MH01-000768.tif	Commons:WikiProject Aviation/recent uploads/2016 December 15	Jasonanaggie	2017-01-08T14:15:24Z
996	ETH-BIB-Nyon_v._W._aus_600_m-Inlandflüge-LBS_MH01-000772.tif	Commons:WikiProject Aviation/recent uploads/2016 December 15	Jasonanaggie	2017-01-08T14:15:24Z
997	ETH-BIB-Versoix,_Le_Bourg_v._N._W._aus_500_m-Inlandflüge-LBS_MH01-000776.tif	Commons:WikiProject Aviation/recent uploads/2016 December 15	Jasonanaggie	2017-01-08T14:15:24Z
998	ETH-BIB-Aubonne_v._S._O._aus_400_m-Inlandflüge-LBS_MH01-000774.tif	Commons:WikiProject Aviation/recent uploads/2016 December 15	Jasonanaggie	2017-01-08T14:15:24Z
999	ETH-BIB-Colombier_v._N._aus_800_m-Inlandflüge-LBS_MH01-000777.tif	Commons:WikiProject Aviation/recent uploads/2016 December 15	Jasonanaggie	2017-01-08T14:15:24Z
1000	ETH-BIB-Aubonne_v._S._O._aus_500_m-Inlandflüge-LBS_MH01-000773.tif	Commons:WikiProject Aviation/recent uploads/2016 December 15	Jasonanaggie	2017-01-08T14:15:24Z
1001	ETH-BIB-St._Aubin_v._W._aus_600_m-Inlandflüge-LBS_MH01-000778.tif	Commons:WikiProject Aviation/recent uploads/2016 December 15	Jasonanaggie	2017-01-08T14:15:24Z
1002	ETH-BIB-Coppet_mit_Schloss_v._N._O._aus_500_m-Inlandflüge-LBS_MH01-000775.tif	Commons:WikiProject Aviation/recent uploads/2016 December 15	Jasonanaggie	2017-01-08T14:15:24Z
1003	ETH-BIB-Neuchâtel_aus_1000_m-Inlandflüge-LBS_MH01-000785.tif	Commons:WikiProject Aviation/recent uploads/2016 December 15	Jasonanaggie	2017-01-08T14:15:24Z
1004	ETH-BIB-Neuchâtel,_Hafen_v._W._aus_800_m-Inlandflüge-LBS_MH01-000786.tif	Commons:WikiProject Aviation/recent uploads/2016 December 15	Jasonanaggie	2017-01-08T14:15:24Z
1005	ETH-BIB-Grandson,_Le_Lac_de_Neuchâtel_aus_600_m-Inlandflüge-LBS_MH01-000779.tif	Commons:WikiProject Aviation/recent uploads/2016 December 15	Jasonanaggie	2017-01-08T14:15:24Z
1006	ETH-BIB-Champvent,_Schloss_Champvent_v._O._aus_400_m-Inlandflüge-LBS_MH01-000780.tif	Commons:WikiProject Aviation/recent uploads/2016 December 15	Jasonanaggie	2017-01-08T14:15:24Z
1007	ETH-BIB-Neuchâtel_aus_800_m-Inlandflüge-LBS_MH01-000784.tif	Commons:WikiProject Aviation/recent uploads/2016 December 15	Jasonanaggie	2017-01-08T14:15:24Z
1008	ETH-BIB-Rolle_v._N._W._aus_300_m-Inlandflüge-LBS_MH01-000791.tif	Commons:WikiProject Aviation/recent uploads/2016 December 15	Jasonanaggie	2017-01-08T14:15:24Z
1009	ETH-BIB-Bern-Inlandflüge-LBS_MH01-000788.tif	Commons:WikiProject Aviation/recent uploads/2016 December 15	Jasonanaggie	2017-01-08T14:15:24Z
1010	ETH-BIB-Colombier_v._N._aus_500_m-Inlandflüge-LBS_MH01-000792.tif	Commons:WikiProject Aviation/recent uploads/2016 December 15	Jasonanaggie	2017-01-08T14:15:24Z
1011	ETH-BIB-Bern-Mattenhof-Inlandflüge-LBS_MH01-000789.tif	Commons:WikiProject Aviation/recent uploads/2016 December 15	Jasonanaggie	2017-01-08T14:15:24Z
1012	ETH-BIB-Boudry_(Neuenburg)_v._N._O._aus_300_m-Inlandflüge-LBS_MH01-000795.tif	Commons:WikiProject Aviation/recent uploads/2016 December 15	Jasonanaggie	2017-01-08T14:15:24Z
1013	ETH-BIB-La_Sarraz_v._N._aus_600_m-Inlandflüge-LBS_MH01-000796.tif	Commons:WikiProject Aviation/recent uploads/2016 December 15	Jasonanaggie	2017-01-08T14:15:24Z
1014	ETH-BIB-Champvent,_Schloss_Champvent_v._S._aus_500_m-Inlandflüge-LBS_MH01-000793.tif	Commons:WikiProject Aviation/recent uploads/2016 December 15	Jasonanaggie	2017-01-08T14:15:24Z
1015	ETH-BIB-Boudry_v._N._aus_400_m-Inlandflüge-LBS_MH01-000797.tif	Commons:WikiProject Aviation/recent uploads/2016 December 15	Jasonanaggie	2017-01-08T14:15:24Z
1016	ETH-BIB-Aiguille_Verte,_Mont_Dolent,_Aiguille_du_Dru,_Aiguille_du_Chardonnet,_Aiguille_d'Argentière,_Grand_Aiguille_du_Triolet-Inlandflüge-LBS_MH01-000798.tif	Commons:WikiProject Aviation/recent uploads/2016 December 15	Jasonanaggie	2017-01-08T14:15:24Z
1017	ETH-BIB-St._Aubin_v._N._W._aus_500_m-Inlandflüge-LBS_MH01-000794.tif	Commons:WikiProject Aviation/recent uploads/2016 December 15	Jasonanaggie	2017-01-08T14:15:24Z
1018	ETH-BIB-Nyon_v._W._aus_500_m-Inlandflüge-LBS_MH01-000800.tif	Commons:WikiProject Aviation/recent uploads/2016 December 15	Jasonanaggie	2017-01-08T14:15:24Z
1019	ETH-BIB-Flawil-Inlandflüge-LBS_MH01-000551.tif	Commons:WikiProject Aviation/recent uploads/2016 December 15	Jasonanaggie	2017-01-08T14:15:24Z
1020	ETH-BIB-Genf_=_Genève,_Rade_de_Genève,_Ile_Rousseau_v._N._O._aus_500_m-Inlandflüge-LBS_MH01-000801.tif	Commons:WikiProject Aviation/recent uploads/2016 December 15	Jasonanaggie	2017-01-08T14:15:24Z
1021	ETH-BIB-Morges_v._W._aus_600_m-Inlandflüge-LBS_MH01-000806.tif	Commons:WikiProject Aviation/recent uploads/2016 December 15	Jasonanaggie	2017-01-08T14:15:24Z
1022	ETH-BIB-St._Prex-Inlandflüge-LBS_MH01-000802.tif	Commons:WikiProject Aviation/recent uploads/2016 December 15	Jasonanaggie	2017-01-08T14:15:24Z
1023	ETH-BIB-Chexbres_v._N._aus_600_m-Inlandflüge-LBS_MH01-000805.tif	Commons:WikiProject Aviation/recent uploads/2016 December 15	Jasonanaggie	2017-01-08T14:15:24Z
1024	ETH-BIB-Chexbres,_Rivaz_v._N._aus_800_m-Inlandflüge-LBS_MH01-000804.tif	Commons:WikiProject Aviation/recent uploads/2016 December 15	Jasonanaggie	2017-01-08T14:15:24Z
1025	ETH-BIB-Olten,_Übersicht_aus_1000_m-Inlandflüge-LBS_MH01-000810.tif	Commons:WikiProject Aviation/recent uploads/2016 December 15	Jasonanaggie	2017-01-08T14:15:24Z
1026	ETH-BIB-Vorberg,_Weissenstein,_Solothurn,_Rötifluh,_Aarelauf_v._N._O._aus_1800_m-Inlandflüge-LBS_MH01-000811.tif	Commons:WikiProject Aviation/recent uploads/2016 December 15	Jasonanaggie	2017-01-08T14:15:24Z
1027	ETH-BIB-Aarburg,_Säli,_Wartburghöf_aus_100_m-Inlandflüge-LBS_MH01-000807.tif	Commons:WikiProject Aviation/recent uploads/2016 December 15	Jasonanaggie	2017-01-08T14:15:24Z
1028	ETH-BIB-Aarburg_v._N._O._aus_1000_m-Inlandflüge-LBS_MH01-000808.tif	Commons:WikiProject Aviation/recent uploads/2016 December 15	Jasonanaggie	2017-01-08T14:15:24Z
1029	ETH-BIB-Olten,_Übersicht_aus_1200_m-Inlandflüge-LBS_MH01-000809.tif	Commons:WikiProject Aviation/recent uploads/2016 December 15	Jasonanaggie	2017-01-08T14:15:24Z
1030	ETH-BIB-Weissenstein,_Aare_v._N._aus_2000_m-Inlandflüge-LBS_MH01-000814.tif	Commons:WikiProject Aviation/recent uploads/2016 December 15	Jasonanaggie	2017-01-08T14:15:24Z
1031	ETH-BIB-Läberen,_Rötifluh,_Balm_,_Langendorf_v._N._O._aus_2000_m-Inlandflüge-LBS_MH01-000816.tif	Commons:WikiProject Aviation/recent uploads/2016 December 15	Jasonanaggie	2017-01-08T14:15:24Z
1032	ETH-BIB-Läberen,_Matzendorf,_Dünnerntal_v._O._aus_1800_m-Inlandflüge-LBS_MH01-000815.tif	Commons:WikiProject Aviation/recent uploads/2016 December 15	Jasonanaggie	2017-01-08T14:15:24Z
1033	ETH-BIB-Schönenwerd,_Niedergösgen_v._S._aus_1200_m-Inlandflüge-LBS_MH01-000818.tif	Commons:WikiProject Aviation/recent uploads/2016 December 15	Jasonanaggie	2017-01-08T14:15:24Z
1034	ETH-BIB-Lenzburg_mit_Schloss_aus_800_m-Inlandflüge-LBS_MH01-000820.tif	Commons:WikiProject Aviation/recent uploads/2016 December 15	Jasonanaggie	2017-01-08T14:15:24Z
1035	ETH-BIB-Lenzburg_v._S._aus_800_m-Inlandflüge-LBS_MH01-000819.tif	Commons:WikiProject Aviation/recent uploads/2016 December 15	Jasonanaggie	2017-01-08T14:15:24Z
1036	ETH-BIB-Corcelles,_Crémines,_Moutier_v._O._aus_1200_m-Inlandflüge-LBS_MH01-000824.tif	Commons:WikiProject Aviation/recent uploads/2016 December 15	Jasonanaggie	2017-01-08T14:15:24Z
1037	ETH-BIB-Mümliswil,_Balsthal,_Passwang,_Corcelles,_Vermes,_Raimeux_v._S._aus_2500_m-Inlandflüge-LBS_MH01-000825.tif	Commons:WikiProject Aviation/recent uploads/2016 December 15	Jasonanaggie	2017-01-08T14:15:24Z
1038	ETH-BIB-Klus,_Balsthal_v._S._aus_2000_m-Inlandflüge-LBS_MH01-000826.tif	Commons:WikiProject Aviation/recent uploads/2016 December 15	Jasonanaggie	2017-01-08T14:15:24Z
1039	ETH-BIB-Oensingen,_Bechburg_v._S._O._aus_1000_m-Inlandflüge-LBS_MH01-000827.tif	Commons:WikiProject Aviation/recent uploads/2016 December 15	Jasonanaggie	2017-01-08T14:15:24Z
1040	ETH-BIB-Clarens,_Chernex_v._S._O._aus_1000_m-Inlandflüge-LBS_MH01-000829.tif	Commons:WikiProject Aviation/recent uploads/2016 December 15	Jasonanaggie	2017-01-08T14:15:24Z
1041	ETH-BIB-Grandson_v._N._O._aus_500_m-Inlandflüge-LBS_MH01-000828.tif	Commons:WikiProject Aviation/recent uploads/2016 December 15	Jasonanaggie	2017-01-08T14:15:24Z
1042	ETH-BIB-Kirchberg,_Emme_v._S._O._aus_500_m-Inlandflüge-LBS_MH01-000831.tif	Commons:WikiProject Aviation/recent uploads/2016 December 15	Jasonanaggie	2017-01-08T14:15:24Z
1043	ETH-BIB-Lausanne_v._W._aus_250_m-Inlandflüge-LBS_MH01-000837.tif	Commons:WikiProject Aviation/recent uploads/2016 December 15	Jasonanaggie	2017-01-08T14:15:24Z
1044	ETH-BIB-Flugplatz,_Schwamendingen,_Chemische_Fabrik_Flora,_Mattenhof,_Dübendorf-Inlandflüge-LBS_MH01-000835.tif	Commons:WikiProject Aviation/recent uploads/2016 December 15	Jasonanaggie	2017-01-08T14:15:24Z
1045	ETH-BIB-Bern-Inlandflüge-LBS_MH01-000833.tif	Commons:WikiProject Aviation/recent uploads/2016 December 15	Jasonanaggie	2017-01-08T14:15:24Z
1046	ETH-BIB-Genf_=_Genève,_St._Georges,_Aire_v._W._aus_600_m-Inlandflüge-LBS_MH01-000842.tif	Commons:WikiProject Aviation/recent uploads/2016 December 15	Jasonanaggie	2017-01-08T14:15:24Z
1047	ETH-BIB-Zürich-Altstetten,_Limmattal_v._N._O._aus_2000_m-Inlandflüge-LBS_MH01-000836.tif	Commons:WikiProject Aviation/recent uploads/2016 December 15	Jasonanaggie	2017-01-08T14:15:24Z
1048	ETH-BIB-Genf_=_Genève,_St._Gervais_v._W._aus_500_m-Inlandflüge-LBS_MH01-000840.tif	Commons:WikiProject Aviation/recent uploads/2016 December 15	Jasonanaggie	2017-01-08T14:15:24Z
1049	ETH-BIB-Boudry,_Cortaillod_v._N._aus_600_m-Inlandflüge-LBS_MH01-000834.tif	Commons:WikiProject Aviation/recent uploads/2016 December 15	Jasonanaggie	2017-01-08T14:15:24Z
1050	ETH-BIB-Genf_=_Genève,_St._Gervais,_Coulouvrenière,_St._Jean_v._W._aus_500_m-Inlandflüge-LBS_MH01-000843.tif	Commons:WikiProject Aviation/recent uploads/2016 December 15	Jasonanaggie	2017-01-08T14:15:24Z
1051	ETH-BIB-Genf_=_Genève,_St._Gervais-Inlandflüge-LBS_MH01-000838.tif	Commons:WikiProject Aviation/recent uploads/2016 December 15	Jasonanaggie	2017-01-08T14:15:24Z
1052	ETH-BIB-Genf_=_Genève,_Cimetière_de_St._Georges,_Bois_de_la_Bâtie-Inlandflüge-LBS_MH01-000841.tif	Commons:WikiProject Aviation/recent uploads/2016 December 15	Jasonanaggie	2017-01-08T14:15:24Z
1053	ETH-BIB-Sils,_Silsersee,_Maloja_aus_2600_m-Inlandflüge-LBS_MH01-000849.tif	Commons:WikiProject Aviation/recent uploads/2016 December 15/Overflow 1	Sémhur	2017-02-23T17:29:48Z
1054	ETH-BIB-Silsersee,_Silvaplanasee,_Maloja,_Sils,_Bergell_aus_2600_m-Inlandflüge-LBS_MH01-000847.tif	Commons:WikiProject Aviation/recent uploads/2016 December 15/Overflow 1	Sémhur	2017-02-23T17:29:48Z
1055	ETH-BIB-La_Sarraz-Inlandflüge-LBS_MH01-000844.tif	Commons:WikiProject Aviation/recent uploads/2016 December 15	Jasonanaggie	2017-01-08T14:15:24Z
1056	ETH-BIB-St._Moritz_mit_den_3_Seen_aus_2200_m-Inlandflüge-LBS_MH01-000848.tif	Commons:WikiProject Aviation/recent uploads/2016 December 15/Overflow 1	Sémhur	2017-02-23T17:29:48Z
1057	ETH-BIB-St._Moritz_mit_den_3_Seen_aus_2200_m-Inlandflüge-LBS_MH01-000851.tif	Commons:WikiProject Aviation/recent uploads/2016 December 15/Overflow 1	Sémhur	2017-02-23T17:29:48Z
1058	ETH-BIB-Sils,_Silsersee,_Maloja,_Sils-Maria,_Silvaplanersee,_Bergell_aus_2600_m-Inlandflüge-LBS_MH01-000852.tif	Commons:WikiProject Aviation/recent uploads/2016 December 15/Overflow 1	Sémhur	2017-02-23T17:29:48Z
1059	ETH-BIB-St._Moritz_mit_Oberengadin_v._N._O._aus_2200_m-Inlandflüge-LBS_MH01-000850.tif	Commons:WikiProject Aviation/recent uploads/2016 December 15/Overflow 1	Sémhur	2017-02-23T17:29:48Z
1060	ETH-BIB-Pontresina,_Piz_da_Staz,_Munt,_Pers,_Piz_Chalchagen,_Piz_Palü_aus_2200_m-Inlandflüge-LBS_MH01-000853.tif	Commons:WikiProject Aviation/recent uploads/2016 December 15/Overflow 1	Sémhur	2017-02-23T17:29:48Z
1061	ETH-BIB-Aiguille_d'Argentière,_Gletscher_v._N._W._aus_4500_m-Inlandflüge-LBS_MH01-000854.tif	Commons:WikiProject Aviation/recent uploads/2016 December 15	Jasonanaggie	2017-01-08T14:15:24Z
1062	ETH-BIB-St._Moritz,_Celerina_v._S._W._aus_2200_m-Inlandflüge-LBS_MH01-000856.tif	Commons:WikiProject Aviation/recent uploads/2016 December 15/Overflow 1	Sémhur	2017-02-23T17:29:48Z
1063	ETH-BIB-Bevers_mit_Oberengadin_aus_2100_m-Inlandflüge-LBS_MH01-000859.tif	Commons:WikiProject Aviation/recent uploads/2016 December 15	Jasonanaggie	2017-01-08T14:15:24Z
1064	ETH-BIB-St._Moritz_Dorf_und_Bad_aus_600_m-Inlandflüge-LBS_MH01-000855.tif	Commons:WikiProject Aviation/recent uploads/2016 December 15/Overflow 1	Sémhur	2017-02-23T17:29:48Z
1065	ETH-BIB-Sils,_Silsersee,_Maloja,_Val_Fex,_Sils-Maria,_Bergell_aus_2600_m-Inlandflüge-LBS_MH01-000862.tif	Commons:WikiProject Aviation/recent uploads/2016 December 15/Overflow 1	Sémhur	2017-02-23T17:29:48Z
1066	ETH-BIB-Samaden_mit_Unterengadin_aus_2000_m-Inlandflüge-LBS_MH01-000860.tif	Commons:WikiProject Aviation/recent uploads/2016 December 15/Overflow 1	Sémhur	2017-02-23T17:29:48Z
1067	ETH-BIB-Piz_Roseg,_Piz_Scerscen_v._S._O._aus_5000_m-Inlandflüge-LBS_MH01-000864.tif	Commons:WikiProject Aviation/recent uploads/2016 December 15	Jasonanaggie	2017-01-08T14:15:24Z
1068	ETH-BIB-Pontresina_aus_2300_m-Inlandflüge-LBS_MH01-000861.tif	Commons:WikiProject Aviation/recent uploads/2016 December 15/Overflow 1	Sémhur	2017-02-23T17:29:48Z
1069	ETH-BIB-Piz_Cambrena,_Piz_Varuna,_Lago_di_Poschiavo_v._N._W._aus_5000_m-Inlandflüge-LBS_MH01-000866.tif	Commons:WikiProject Aviation/recent uploads/2016 December 15	Jasonanaggie	2017-01-08T14:15:24Z
1070	ETH-BIB-Piz_Tschierva,_Piz_Morteratsch,_Monte_della_Disgrazia_v._N._O._aus_5000_m-Inlandflüge-LBS_MH01-000863.tif	Commons:WikiProject Aviation/recent uploads/2016 December 15	Jasonanaggie	2017-01-08T14:15:24Z
1071	ETH-BIB-Piz_Bernina,_Piz_Roseg_v._N._O._aus_5000_m-Inlandflüge-LBS_MH01-000867.tif	Commons:WikiProject Aviation/recent uploads/2016 December 15	Jasonanaggie	2017-01-08T14:15:24Z
1072	ETH-BIB-Piz_Zupó,_Piz_Argient,_Crast'Agüzza_v._O._aus_5000_m-Inlandflüge-LBS_MH01-000868.tif	Commons:WikiProject Aviation/recent uploads/2016 December 15	Jasonanaggie	2017-01-08T14:15:24Z
1073	ETH-BIB-Piz_Bernina,_Morteratschgletscher_v._N._aus_5000_m-Inlandflüge-LBS_MH01-000865.tif	Commons:WikiProject Aviation/recent uploads/2016 December 15	Jasonanaggie	2017-01-08T14:15:24Z
1074	ETH-BIB-Pontresina,_Berninapass_aus_3800_m-Inlandflüge-LBS_MH01-000869.tif	Commons:WikiProject Aviation/recent uploads/2016 December 15/Overflow 1	Sémhur	2017-02-23T17:29:48Z
1075	ETH-BIB-Piz_Ot,_Albulatal_v._S._aus_3000_m-Inlandflüge-LBS_MH01-000871.tif	Commons:WikiProject Aviation/recent uploads/2016 December 15	Jasonanaggie	2017-01-08T14:15:24Z
1076	ETH-BIB-Alvaneu,_Bad,_Albulatal_v._N._aus_3000_m-Inlandflüge-LBS_MH01-000870.tif	Commons:WikiProject Aviation/recent uploads/2016 December 15	Jasonanaggie	2017-01-08T14:15:24Z
1077	ETH-BIB-Alp_Palü,_Poschiavo_aus_5000_m-Inlandflüge-LBS_MH01-000873.tif	Commons:WikiProject Aviation/recent uploads/2016 December 15	Jasonanaggie	2017-01-08T14:15:24Z
1078	ETH-BIB-Piz_Rosatsch,_Rosegtal,_Berninagruppe_v._N._aus_3200_m-Inlandflüge-LBS_MH01-000877.tif	Commons:WikiProject Aviation/recent uploads/2016 December 15	Jasonanaggie	2017-01-08T14:15:24Z
1079	ETH-BIB-Parpaner_Weisshorn,_Arosa,_Silvrettagruppe_v._W._aus_3000_m-Inlandflüge-LBS_MH01-000879.tif	Commons:WikiProject Aviation/recent uploads/2016 December 15	Jasonanaggie	2017-01-08T14:15:24Z
1080	ETH-BIB-Piz_Bernina,_Piz_Roseg,_Monte_Disgrazia_v._N._O._aus_5000_m-Inlandflüge-LBS_MH01-000875.tif	Commons:WikiProject Aviation/recent uploads/2016 December 15	Jasonanaggie	2017-01-08T14:15:24Z
1081	ETH-BIB-Julier,_Piz_Ot,_Piz_Lagrev,_Val_Bevers,_Monte_Disgrazia_v._N._aus_3500_m-Inlandflüge-LBS_MH01-000882.tif	Commons:WikiProject Aviation/recent uploads/2016 December 15	Jasonanaggie	2017-01-08T14:15:24Z
1082	ETH-BIB-St._Moritz,_Piz_Rosatsch,_Piz_Corvatsch_v._N._aus_3000_m-Inlandflüge-LBS_MH01-000884.tif	Commons:WikiProject Aviation/recent uploads/2016 December 15/Overflow 1	Sémhur	2017-02-23T17:29:48Z
1083	ETH-BIB-Corn_da_Tinizong,_Piz_Mitgel,_Val_Spadlatscha_v._W._aus_3500_m-Inlandflüge-LBS_MH01-000880.tif	Commons:WikiProject Aviation/recent uploads/2016 December 15	Jasonanaggie	2017-01-08T14:15:24Z
1084	ETH-BIB-Piz_Roseg,_Piz_Seerscen,_Piz_Bernina,_Tragfläche_v._S._O._aus_5000_m-Inlandflüge-LBS_MH01-000881.tif	Commons:WikiProject Aviation/recent uploads/2016 December 15	Jasonanaggie	2017-01-08T14:15:24Z
1085	ETH-BIB-Aroser_Rothorn,_Davoserthal,_Piz_Linard_v._W.-Inlandflüge-LBS_MH01-000883.tif	Commons:WikiProject Aviation/recent uploads/2016 December 15	Jasonanaggie	2017-01-08T14:15:24Z
1086	ETH-BIB-Piz_d'Err,_Bergell,_Bregaglia_v._N._aus_3500_m-Inlandflüge-LBS_MH01-000885.tif	Commons:WikiProject Aviation/recent uploads/2016 December 15	Jasonanaggie	2017-01-08T14:15:24Z
1087	ETH-BIB-Piz_Ela,_Val_Spadlatscha,_Bergün-Inlandflüge-LBS_MH01-000888.tif	Commons:WikiProject Aviation/recent uploads/2016 December 15	Jasonanaggie	2017-01-08T14:15:24Z
1088	ETH-BIB-Bever,_Crasta_Mora,_Piz_Kesch_aus_4000_m-Inlandflüge-LBS_MH01-000889.tif	Commons:WikiProject Aviation/recent uploads/2016 December 15	Jasonanaggie	2017-01-08T14:15:24Z
1089	ETH-BIB-Val_da_Stugel,_Stulsertal,_Val_Tuors,_Bergün,_Piz_Vadred_v._W._aus_3500_m-Inlandflüge-LBS_MH01-000887.tif	Commons:WikiProject Aviation/recent uploads/2016 December 15/Overflow 1	Sémhur	2017-02-23T17:29:48Z
1090	ETH-BIB-Naz_(Bergün),_Piz_Palpuogna,_Albulatal_mit_Berninapass-Inlandflüge-LBS_MH01-000891.tif	Commons:WikiProject Aviation/recent uploads/2016 December 15	Jasonanaggie	2017-01-08T14:15:24Z
1091	ETH-BIB-Corn_da_Tinizong,_Piz_Mitgel_v._S._W._aus_3800_m-Inlandflüge-LBS_MH01-000893.tif	Commons:WikiProject Aviation/recent uploads/2016 December 15	Jasonanaggie	2017-01-08T14:15:24Z
1092	ETH-BIB-Corn_da_Tinizong,_Piz_Mitgel,_Val_Spadlatscha_v._N._aus_3500_m-Inlandflüge-LBS_MH01-000890.tif	Commons:WikiProject Aviation/recent uploads/2016 December 15	Jasonanaggie	2017-01-08T14:15:24Z
1093	ETH-BIB-Piz_d'Err,_Oberalpstein_v._S._aus_4000_m-Inlandflüge-LBS_MH01-000899.tif	Commons:WikiProject Aviation/recent uploads/2016 December 15	Jasonanaggie	2017-01-08T14:15:24Z
1094	ETH-BIB-Naz_(Bergün)_zum_Albulapass,_Piz_Ot_v._N._aus_3500_m-Inlandflüge-LBS_MH01-000892.tif	Commons:WikiProject Aviation/recent uploads/2016 December 15	Jasonanaggie	2017-01-08T14:15:24Z
1095	ETH-BIB-Aiguille_d'Argentière,_Aiguille_Verte,_Aiguille_de_Triolet,_Grandes_Gorasses-Inlandflüge-LBS_MH01-000894.tif	Commons:WikiProject Aviation/recent uploads/2016 December 15	Jasonanaggie	2017-01-08T14:15:24Z
1096	ETH-BIB-Felsberg,_Domat-Ems,_Reichenau_aus_1000_m-Inlandflüge-LBS_MH01-000901.tif	Commons:WikiProject Aviation/recent uploads/2016 December 15	Jasonanaggie	2017-01-08T14:15:24Z
1097	ETH-BIB-Piz_d'Aela,_Piz_Platta_v._N._O._aus_4000_m-Inlandflüge-LBS_MH01-000896.tif	Commons:WikiProject Aviation/recent uploads/2016 December 15	Jasonanaggie	2017-01-08T14:15:24Z
1098	ETH-BIB-Val_Tisch,_Piz_Blaisun,_Piz_Kesch_aus_4000_m-Inlandflüge-LBS_MH01-000895.tif	Commons:WikiProject Aviation/recent uploads/2016 December 15/Overflow 1	Sémhur	2017-02-23T17:29:48Z
1099	ETH-BIB-Graue_Hörner_m._Weisstannental_u._Glärnisch-Inlandflüge-LBS_MH01-000900.tif	Commons:WikiProject Aviation/recent uploads/2016 December 15	Jasonanaggie	2017-01-08T14:15:24Z
1100	ETH-BIB-Chur_aus_1000_m-Inlandflüge-LBS_MH01-000902.tif	Commons:WikiProject Aviation/recent uploads/2016 December 15	Jasonanaggie	2017-01-08T14:15:24Z
1101	ETH-BIB-Chur_aus_1000_m-Inlandflüge-LBS_MH01-000904.tif	Commons:WikiProject Aviation/recent uploads/2016 December 15	Jasonanaggie	2017-01-08T14:15:24Z
1102	ETH-BIB-Zürich-Enge_aus_700_m-Inlandflüge-LBS_MH01-000677.tif	Commons:WikiProject Aviation/recent uploads/2016 December 15/Overflow 1	Sémhur	2017-02-23T17:29:48Z
1103	ETH-BIB-Drachenberg-Inlandflüge-LBS_MH01-000908.tif	Commons:WikiProject Aviation/recent uploads/2016 December 15	Jasonanaggie	2017-01-08T14:15:24Z
1104	ETH-BIB-Haldensteiner,_Calanda,_Calfeisental,_Graue_Hörner_aus_2800_m-Inlandflüge-LBS_MH01-000909.tif	Commons:WikiProject Aviation/recent uploads/2016 December 15	Jasonanaggie	2017-01-08T14:15:24Z
1105	ETH-BIB-Mürtschenstock-Inlandflüge-LBS_MH01-000906.tif	Commons:WikiProject Aviation/recent uploads/2016 December 15	Jasonanaggie	2017-01-08T14:15:24Z
1106	ETH-BIB-Graue_Hörner,_Pizol-Inlandflüge-LBS_MH01-000907.tif	Commons:WikiProject Aviation/recent uploads/2016 December 15	Jasonanaggie	2017-01-08T14:15:24Z
1107	ETH-BIB-Piz_di_Campo,_Veltlin_v._N._aus_4800_m-Inlandflüge-LBS_MH01-000914.tif	Commons:WikiProject Aviation/recent uploads/2016 December 15/Overflow 1	Sémhur	2017-02-23T17:29:48Z
1108	ETH-BIB-Zürich-Altstadt,_Limmat_v._S._O._aus_900_m-Inlandflüge-LBS_MH01-000674.tif	Commons:WikiProject Aviation/recent uploads/2016 December 15/Overflow 1	Sémhur	2017-02-23T17:29:48Z
1109	ETH-BIB-Niederurnen_v._N._O.-Inlandflüge-LBS_MH01-000905.tif	Commons:WikiProject Aviation/recent uploads/2016 December 15	Jasonanaggie	2017-01-08T14:15:24Z
1110	ETH-BIB-Lenzerheide,_Churwalden,_Parpan-Inlandflüge-LBS_MH01-000913.tif	Commons:WikiProject Aviation/recent uploads/2016 December 15	Jasonanaggie	2017-01-08T14:15:24Z
1111	ETH-BIB-Rapperswil-Jona,_Seedamm_v._1200_m-Inlandflüge-LBS_MH01-000682.tif	Commons:WikiProject Aviation/recent uploads/2016 December 15/Overflow 1	Sémhur	2017-02-23T17:29:48Z
1112	ETH-BIB-Felsberger,_Calanda._Calfeisental_aus_2800_m-Inlandflüge-LBS_MH01-000910.tif	Commons:WikiProject Aviation/recent uploads/2016 December 15	Jasonanaggie	2017-01-08T14:15:24Z
1113	ETH-BIB-Vättis,_Calfeisental,_Gigerwald_aus_3000_m-Inlandflüge-LBS_MH01-000912.tif	Commons:WikiProject Aviation/recent uploads/2016 December 15/Overflow 1	Sémhur	2017-02-23T17:29:48Z
1114	ETH-BIB-Calanda,_Kunkels,_Kunkelspass,_Calfeisental_aus_2800_m-Inlandflüge-LBS_MH01-000911.tif	Commons:WikiProject Aviation/recent uploads/2016 December 15	Jasonanaggie	2017-01-08T14:15:24Z
1115	ETH-BIB-Rüti,_Wolkenschatten-Inlandflüge-LBS_MH01-000681.tif	Commons:WikiProject Aviation/recent uploads/2016 December 15/Overflow 1	Sémhur	2017-02-23T17:29:48Z
1116	ETH-BIB-Schmerikon,_Obersee_aus_800_m-Inlandflüge-LBS_MH01-000919.tif	Commons:WikiProject Aviation/recent uploads/2016 December 15/Overflow 1	Sémhur	2017-02-23T17:29:48Z
1117	ETH-BIB-Uster-Inlandflüge-LBS_MH01-000916.tif	Commons:WikiProject Aviation/recent uploads/2016 December 15/Overflow 1	Sémhur	2017-02-23T17:29:48Z
1118	ETH-BIB-Rüti-Inlandflüge-LBS_MH01-000918.tif	Commons:WikiProject Aviation/recent uploads/2016 December 15/Overflow 1	Sémhur	2017-02-23T17:29:48Z
1119	ETH-BIB-Rinderhorn,_Balmhorn,_Brietschhorn,_Altels_v._W._aus_4000_m-Inlandflüge-LBS_MH01-000451.tif	Commons:WikiProject Aviation/recent uploads/2016 December 15/Overflow 1	Sémhur	2017-02-23T17:29:48Z
1120	ETH-BIB-Rapperswil-Jona,_Hafen_v._S._O.-Inlandflüge-LBS_MH01-000684.tif	Commons:WikiProject Aviation/recent uploads/2016 December 15/Overflow 1	Sémhur	2017-02-23T17:29:48Z
1121	ETH-BIB-Rüti-Inlandflüge-LBS_MH01-000917.tif	Commons:WikiProject Aviation/recent uploads/2016 December 15/Overflow 1	Sémhur	2017-02-23T17:29:48Z
1122	ETH-BIB-Schaffhausen-Inlandflüge-LBS_MH01-000922.tif	Commons:WikiProject Aviation/recent uploads/2016 December 15/Overflow 1	Sémhur	2017-02-23T17:29:48Z
1123	ETH-BIB-Schaffhausen-Inlandflüge-LBS_MH01-000923.tif	Commons:WikiProject Aviation/recent uploads/2016 December 15/Overflow 1	Sémhur	2017-02-23T17:29:48Z
1124	ETH-BIB-Schaffhausen-Inlandflüge-LBS_MH01-000920.tif	Commons:WikiProject Aviation/recent uploads/2016 December 15/Overflow 1	Sémhur	2017-02-23T17:29:48Z
1125	ETH-BIB-Schaffhausen-Inlandflüge-LBS_MH01-000924.tif	Commons:WikiProject Aviation/recent uploads/2016 December 15/Overflow 1	Sémhur	2017-02-23T17:29:48Z
1126	ETH-BIB-Schaffhausen,_von_Westen-Inlandflüge-LBS_MH01-000927.tif	Commons:WikiProject Aviation/recent uploads/2016 December 15/Overflow 1	Sémhur	2017-02-23T17:29:48Z
1127	ETH-BIB-Rheinfall,_Neuhausen,_Laufen,_Schaffhausen_v._S._W.-Inlandflüge-LBS_MH01-000930.tif	Commons:WikiProject Aviation/recent uploads/2016 December 15/Overflow 1	Sémhur	2017-02-23T17:29:48Z
1128	ETH-BIB-Rheinfall,_Neuhausen_v._W._aus_500_m-Inlandflüge-LBS_MH01-000928.tif	Commons:WikiProject Aviation/recent uploads/2016 December 15/Overflow 1	Sémhur	2017-02-23T17:29:48Z
1129	ETH-BIB-Schaffhausen,_Feuerthalen-Inlandflüge-LBS_MH01-000926.tif	Commons:WikiProject Aviation/recent uploads/2016 December 15/Overflow 1	Sémhur	2017-02-23T17:29:48Z
1130	ETH-BIB-Laupen,_Sense_v._S._aus_1200_m-Inlandflüge-LBS_MH01-000706.tif	Commons:WikiProject Aviation/recent uploads/2016 December 15/Overflow 1	Sémhur	2017-02-23T17:29:48Z
1131	ETH-BIB-Laupen,_Sense_v._S._O.-Inlandflüge-LBS_MH01-000705.tif	Commons:WikiProject Aviation/recent uploads/2016 December 15/Overflow 1	Sémhur	2017-02-23T17:29:48Z
1132	ETH-BIB-Rheinfall,_Tragfläche_im_Bild_v._N._W._aus_500_m-Inlandflüge-LBS_MH01-000932.tif	Commons:WikiProject Aviation/recent uploads/2016 December 15/Overflow 1	Sémhur	2017-02-23T17:29:48Z
1133	ETH-BIB-Burgdorf_aus_400_m-Inlandflüge-LBS_MH01-000703.tif	Commons:WikiProject Aviation/recent uploads/2016 December 15/Overflow 1	Sémhur	2017-02-23T17:29:48Z
1134	ETH-BIB-Rheinfall_v._N._O._aus_400_m-Inlandflüge-LBS_MH01-000935.tif	Commons:WikiProject Aviation/recent uploads/2016 December 15/Overflow 1	Sémhur	2017-02-23T17:29:48Z
1135	ETH-BIB-Trasadingen-Inlandflüge-LBS_MH01-000936.tif	Commons:WikiProject Aviation/recent uploads/2016 December 15/Overflow 1	Sémhur	2017-02-23T17:29:48Z
1136	ETH-BIB-Rheinfall,_Schloss_Laufen_v._W._aus_500_m-Inlandflüge-LBS_MH01-000931.tif	Commons:WikiProject Aviation/recent uploads/2016 December 15/Overflow 1	Sémhur	2017-02-23T17:29:48Z
1137	ETH-BIB-Rheinfall,_Schloss_Laufen_v._S._W._aus_200_m-Inlandflüge-LBS_MH01-000933.tif	Commons:WikiProject Aviation/recent uploads/2016 December 15/Overflow 1	Sémhur	2017-02-23T17:29:48Z
1138	ETH-BIB-Burgdorf_aus_400_m-Inlandflüge-LBS_MH01-000704.tif	Commons:WikiProject Aviation/recent uploads/2016 December 15/Overflow 1	Sémhur	2017-02-23T17:29:48Z
1139	ETH-BIB-Wilchingen-Inlandflüge-LBS_MH01-000939.tif	Commons:WikiProject Aviation/recent uploads/2016 December 15/Overflow 1	Sémhur	2017-02-23T17:29:48Z
1140	ETH-BIB-Töss_bei_Winterthur-Inlandflüge-LBS_MH01-000944.tif	Commons:WikiProject Aviation/recent uploads/2016 December 15/Overflow 1	Sémhur	2017-02-23T17:29:48Z
1141	ETH-BIB-Winterthur-Töss-Inlandflüge-LBS_MH01-000943.tif	Commons:WikiProject Aviation/recent uploads/2016 December 15/Overflow 1	Sémhur	2017-02-23T17:29:48Z
1142	ETH-BIB-Engelberg_v._S._O._aus_1000_m-Inlandflüge-LBS_MH01-000945.tif	Commons:WikiProject Aviation/recent uploads/2016 December 15/Overflow 1	Sémhur	2017-02-23T17:29:48Z
1143	ETH-BIB-Engelberg_aus_1000_m-Inlandflüge-LBS_MH01-000946.tif	Commons:WikiProject Aviation/recent uploads/2016 December 15/Overflow 1	Sémhur	2017-02-23T17:29:48Z
1144	ETH-BIB-Spannort-Gruppe,_Krönten,_Tödi_v._S._O._aus_2800_m-Inlandflüge-LBS_MH01-000949.tif	Commons:WikiProject Aviation/recent uploads/2016 December 15/Overflow 1	Sémhur	2017-02-23T17:29:48Z
1145	ETH-BIB-Fleckistock,_Sustenjoch_v._N.-Inlandflüge-LBS_MH01-000953.tif	Commons:WikiProject Aviation/recent uploads/2016 December 15/Overflow 1	Sémhur	2017-02-23T17:29:48Z
1146	ETH-BIB-Fleckistockgruppe,_Stucklistock,_Meiental,_v._N._W.-Inlandflüge-LBS_MH01-000952.tif	Commons:WikiProject Aviation/recent uploads/2016 December 15/Overflow 1	Sémhur	2017-02-23T17:29:48Z
1147	ETH-BIB-Titlis_mit_Wolken,_Reissend_Nollen,_Triftgebiet-Inlandflüge-LBS_MH01-000954.tif	Commons:WikiProject Aviation/recent uploads/2016 December 15/Overflow 1	Sémhur	2017-02-23T17:29:48Z
1148	ETH-BIB-Reissend_Nollen,_Wendenstöcke,_Engstlensee_v._N._O.-Inlandflüge-LBS_MH01-000955.tif	Commons:WikiProject Aviation/recent uploads/2016 December 15/Overflow 1	Sémhur	2017-02-23T17:29:48Z
1149	ETH-BIB-Graustock,_Gadmerflue,_Berneralpen_v._N._O.-Inlandflüge-LBS_MH01-000957.tif	Commons:WikiProject Aviation/recent uploads/2016 December 15/Overflow 1	Sémhur	2017-02-23T17:29:48Z
1150	ETH-BIB-Spannort,_Krönten,_Schlossberg,_Tödi-Inlandflüge-LBS_MH01-000956.tif	Commons:WikiProject Aviation/recent uploads/2016 December 15/Overflow 1	Sémhur	2017-02-23T17:29:48Z
1151	ETH-BIB-Dietikon_v._S._W._aus_400_m-Inlandflüge-LBS_MH01-000960.tif	Commons:WikiProject Aviation/recent uploads/2016 December 15/Overflow 1	Sémhur	2017-02-23T17:29:48Z
1152	ETH-BIB-Baden_aus_500_m-Inlandflüge-LBS_MH01-000967.tif	Commons:WikiProject Aviation/recent uploads/2016 December 15/Overflow 1	Sémhur	2017-02-23T17:29:48Z
1153	ETH-BIB-Düssi,_Schärhorn,_Hüfifirn,_Griesgletscher_v._N._aus_3900_m-Inlandflüge-LBS_MH01-000972.tif	Commons:WikiProject Aviation/recent uploads/2016 December 15/Overflow 1	Sémhur	2017-02-23T17:29:48Z
1154	ETH-BIB-Teufelsstöcke,_Böcktschingel,_Tödi,_Bifertenstock_v._N._aus_3700_m-Inlandflüge-LBS_MH01-000970.tif	Commons:WikiProject Aviation/recent uploads/2016 December 15/Overflow 1	Sémhur	2017-02-23T17:29:48Z
1155	ETH-BIB-Windgällen,_Schächentaler_aus_2800_m-Inlandflüge-LBS_MH01-000971.tif	Commons:WikiProject Aviation/recent uploads/2016 December 15/Overflow 1	Sémhur	2017-02-23T17:29:48Z
1156	ETH-BIB-Oerlikon-Maschinenfabrik,_Werkzeugmaschinenfabrik_aus_400_m-Inlandflüge-LBS_MH01-000973.tif	Commons:WikiProject Aviation/recent uploads/2016 December 15/Overflow 1	Sémhur	2017-02-23T17:29:48Z
1157	ETH-BIB-Schwamendingen_v._N._aus_200_m-Inlandflüge-LBS_MH01-000974.tif	Commons:WikiProject Aviation/recent uploads/2016 December 15/Overflow 1	Sémhur	2017-02-23T17:29:48Z
1158	ETH-BIB-Sustenhorn,_Galenstock,_Triftgletscher-Inlandflüge-LBS_MH01-000979.tif	Commons:WikiProject Aviation/recent uploads/2016 December 15/Overflow 1	Sémhur	2017-02-23T17:29:48Z
1159	ETH-BIB-Gadmertal_und_Genttal,_die_Gadmerflühe,_Steilabsturz_der_Berneralpen_zur_Scheidegg,_Engelbergeralpen,_Walliseralpen_v._N._O._aus_4000_m-Inlandflüge-LBS_MH01-000977.tif	Commons:WikiProject Aviation/recent uploads/2016 December 15/Overflow 1	Sémhur	2017-02-23T17:29:48Z
1160	ETH-BIB-Engelbergeralpen,_Walliseralpen,_Berneralpenkette_v._N._O._aus_4000_m-Inlandflüge-LBS_MH01-000976.tif	Commons:WikiProject Aviation/recent uploads/2016 December 15/Overflow 1	Sémhur	2017-02-23T17:29:48Z
1161	ETH-BIB-Regensdorf,_Strafanstalt-Inlandflüge-LBS_MH01-000975.tif	Commons:WikiProject Aviation/recent uploads/2016 December 15/Overflow 1	Sémhur	2017-02-23T17:29:48Z
1162	ETH-BIB-Vevey,_östliches_Quartier_v._N._O._aus_700_m-Inlandflüge-LBS_MH01-000760.tif	Commons:WikiProject Aviation/recent uploads/2016 December 15/Overflow 1	Sémhur	2017-02-23T17:29:48Z
1163	ETH-BIB-Baden,_Lägern,_Chappelerhof_v._W._aus_600_m-Inlandflüge-LBS_MH01-000984.tif	Commons:WikiProject Aviation/recent uploads/2016 December 15/Overflow 1	Sémhur	2017-02-23T17:29:48Z
1164	ETH-BIB-Titlis,_Grassen,_Fleckistock,_Sustenhörner_mit_Wolken-Inlandflüge-LBS_MH01-000980.tif	Commons:WikiProject Aviation/recent uploads/2016 December 15/Overflow 1	Sémhur	2017-02-23T17:29:48Z
1165	ETH-BIB-Melchseealp,_Berneralpen,_Tragfläche_im_Bild-Inlandflüge-LBS_MH01-000981.tif	Commons:WikiProject Aviation/recent uploads/2016 December 15/Overflow 1	Sémhur	2017-02-23T17:29:48Z
1166	ETH-BIB-Baden,_der_alte_Bäderort_am_Limmatknie_v._S._aus_600_m-Inlandflüge-LBS_MH01-000985.tif	Commons:WikiProject Aviation/recent uploads/2016 December 15/Overflow 1	Sémhur	2017-02-23T17:29:48Z
1167	ETH-BIB-Baden,_Altstadt_v._S._aus_500_m-Inlandflüge-LBS_MH01-000986.tif	Commons:WikiProject Aviation/recent uploads/2016 December 15/Overflow 1	Sémhur	2017-02-23T17:29:48Z
1168	ETH-BIB-Mont_Blanc,_Val,_d'Entremont,_Val_Ferret_v._N._O._aus_4500_m-Inlandflüge-LBS_MH01-000991.tif	Commons:WikiProject Aviation/recent uploads/2016 December 15/Overflow 1	Sémhur	2017-02-23T17:29:48Z
1169	ETH-BIB-Baden,_Industrie,_Rieden_v._S._as_500_m-Inlandflüge-LBS_MH01-000990.tif	Commons:WikiProject Aviation/recent uploads/2016 December 15/Overflow 1	Sémhur	2017-02-23T17:29:48Z
1170	ETH-BIB-Kranzberg,_Rottalhorn_v._S._aus_4500_m-Inlandflüge-LBS_MH01-000999.tif	Commons:WikiProject Aviation/recent uploads/2016 December 15/Overflow 1	Sémhur	2017-02-23T17:29:48Z
1171	ETH-BIB-Jungfrau,_Rottalhorn_v._O._aus_4500_m-Inlandflüge-LBS_MH01-001000.tif	Commons:WikiProject Aviation/recent uploads/2016 December 15/Overflow 1	Sémhur	2017-02-23T17:29:48Z
1172	ETH-BIB-Schreckhorn,_Finsteraarhorn,_Lauteraargletscher_v._N._W._aus_4500_m-Inlandflüge-LBS_MH01-000996.tif	Commons:WikiProject Aviation/recent uploads/2016 December 15/Overflow 1	Sémhur	2017-02-23T17:29:48Z
1173	ETH-BIB-Jungfraujoch_v._S._aus_4500_m-Inlandflüge-LBS_MH01-000998.tif	Commons:WikiProject Aviation/recent uploads/2016 December 15/Overflow 1	Sémhur	2017-02-23T17:29:48Z
1174	ETH-BIB-Jungfrau,_Rottalsattel_v._S._S._O._aus_4000_m-Inlandflüge-LBS_MH01-001002.tif	Commons:WikiProject Aviation/recent uploads/2016 December 15/Overflow 1	Sémhur	2017-02-23T17:29:48Z
1175	ETH-BIB-Gauligletscher,_Lauteraargletscher_v._N._W._aus_4500_m-Inlandflüge-LBS_MH01-000997.tif	Commons:WikiProject Aviation/recent uploads/2016 December 15/Overflow 1	Sémhur	2017-02-23T17:29:48Z
1176	ETH-BIB-Jungfrau_v._S._O._aus_5000_m-Inlandflüge-LBS_MH01-001001.tif	Commons:WikiProject Aviation/recent uploads/2016 December 15/Overflow 1	Sémhur	2017-02-23T17:29:48Z
1177	ETH-BIB-Jungfrau,_Mönch,_Gletscherhorn,_Jungfraufirn,_Eiger_v._S._aus_4500_m-Inlandflüge-LBS_MH01-001004.tif	Commons:WikiProject Aviation/recent uploads/2016 December 15/Overflow 1	Sémhur	2017-02-23T17:29:48Z
1178	ETH-BIB-Orbe_v._S._W._aus_600_m-Inlandflüge-LBS_MH01-000790-02.tif	Commons:WikiProject Aviation/recent uploads/2016 December 15/Overflow 1	Sémhur	2017-02-23T17:29:48Z
1179	ETH-BIB-Konkordiaplatz,_Aletschgletscher,_Fischer,_Finsteraahorngruppe_aus_4500_m-Inlandflüge-LBS_MH01-001005.tif	Commons:WikiProject Aviation/recent uploads/2016 December 15/Overflow 1	Sémhur	2017-02-23T17:29:48Z
1180	ETH-BIB-Mischabel,_Berneralpen,_Fluhhorn,_Findelengletscher_v._S._W._aus_5000_m-Inlandflüge-LBS_MH01-001012.tif	Commons:WikiProject Aviation/recent uploads/2016 December 15/Overflow 1	Sémhur	2017-02-23T17:29:48Z
1181	ETH-BIB-Monte_Rosa,_Grenzgletscher_v._N._W._aus_5000_m-Inlandflüge-LBS_MH01-001011.tif	Commons:WikiProject Aviation/recent uploads/2016 December 15/Overflow 1	Sémhur	2017-02-23T17:29:48Z
1182	ETH-BIB-Rimpfischhorn,_Hubelgletscher_v._N._W._aus_5000_m-Inlandflüge-LBS_MH01-001021.tif	Commons:WikiProject Aviation/recent uploads/2016 December 15/Overflow 1	Sémhur	2017-02-23T17:29:48Z
1183	ETH-BIB-Monte_Rosa,_Ostwand_v._N._aus_5000_m-Inlandflüge-LBS_MH01-001022.tif	Commons:WikiProject Aviation/recent uploads/2016 December 15/Overflow 1	Sémhur	2017-02-23T17:29:48Z
1184	ETH-BIB-Strahlhorn-Gruppe_v._W._aus_5000_m-Inlandflüge-LBS_MH01-001017.tif	Commons:WikiProject Aviation/recent uploads/2016 December 15/Overflow 1	Sémhur	2017-02-23T17:29:48Z
1185	ETH-BIB-Findelgletscher,_Fluehorn,_Oberrothorn,_Termatter_Weisshorn_v._S._O._aus_5000_m-Inlandflüge-LBS_MH01-001015.tif	Commons:WikiProject Aviation/recent uploads/2016 December 15/Overflow 1	Sémhur	2017-02-23T17:29:48Z
1186	ETH-BIB-Oerlikon,_Bahnhof,_Rennbahn-Inlandflüge-LBS_MH01-000552.tif	Commons:WikiProject Aviation/recent uploads/2016 December 15/Overflow 1	Sémhur	2017-02-23T17:29:48Z
1187	ETH-BIB-Aletschhorn,_Jungfrau,_Mönch_v._S._O._aus_5000_m-Inlandflüge-LBS_MH01-001025.tif	Commons:WikiProject Aviation/recent uploads/2016 December 15/Overflow 1	Sémhur	2017-02-23T17:29:48Z
1188	ETH-BIB-Aletschgletscher,_Aletschhorn,_Goms,_Berneralpen,_Rhone_v._S._aus_4500_m-Inlandflüge-LBS_MH01-001026.tif	Commons:WikiProject Aviation/recent uploads/2016 December 15/Overflow 1	Sémhur	2017-02-23T17:29:48Z
1189	ETH-BIB-Strahlhorn,_Rimpfischhorn,_Weissmies_v._S._W._aus_5000_m-Inlandflüge-LBS_MH01-001020.tif	Commons:WikiProject Aviation/recent uploads/2016 December 15/Overflow 1	Sémhur	2017-02-23T17:29:48Z
1190	ETH-BIB-Aletschgletscher_und,_vom_Eisstrom_abgedämmt,_der_Märjelensee_aus_4500_m-Inlandflüge-LBS_MH01-001024.tif	Commons:WikiProject Aviation/recent uploads/2016 December 15/Overflow 1	Sémhur	2017-02-23T17:29:48Z
1191	ETH-BIB-Aletschhorn,_Grosshorn,_Mittaghorn,_Blümlisalp,_Lauterbrunnen,_Breithorn_v._S._O._aus_5000_m-Inlandflüge-LBS_MH01-001028.tif	Commons:WikiProject Aviation/recent uploads/2016 December 15/Overflow 1	Sémhur	2017-02-23T17:29:48Z
1192	ETH-BIB-Beichgletscher,_Breithorn,_Blümlisalp,_Lötschentaler_v._S._aus_4500_m-Inlandflüge-LBS_MH01-001033.tif	Commons:WikiProject Aviation/recent uploads/2016 December 15/Overflow 1	Sémhur	2017-02-23T17:29:48Z
1193	ETH-BIB-Auengrat,_Lötschenlücke,_Ebnefluh_v._N._O._aus_4500_m-Inlandflüge-LBS_MH01-001031.tif	Commons:WikiProject Aviation/recent uploads/2016 December 15/Overflow 1	Sémhur	2017-02-23T17:29:48Z
1194	ETH-BIB-Nadelhorn,_Dom,_Täschhorn,_Alphubel_v._N._aus_4800_m-Inlandflüge-LBS_MH01-001038.tif	Commons:WikiProject Aviation/recent uploads/2016 December 15/Overflow 1	Sémhur	2017-02-23T17:29:48Z
1195	ETH-BIB-Dent_Blanche,_Zmuttgletscher_v._S._O._aus_5000_m-Inlandflüge-LBS_MH01-001035.tif	Commons:WikiProject Aviation/recent uploads/2016 December 15/Overflow 1	Sémhur	2017-02-23T17:29:48Z
1196	ETH-BIB-Gredetschtal,_Nesthorn,_Lonzahörner,_Breithorn,_Jungfrau_aus_5000_m-Inlandflüge-LBS_MH01-001030.tif	Commons:WikiProject Aviation/recent uploads/2016 December 15/Overflow 1	Sémhur	2017-02-23T17:29:48Z
1197	ETH-BIB-Lötschenlücke,_Bietschhorn,_Walliseralpen_v._N._O._aus_4500_m-Inlandflüge-LBS_MH01-001032.tif	Commons:WikiProject Aviation/recent uploads/2016 December 15/Overflow 1	Sémhur	2017-02-23T17:29:48Z
1198	ETH-BIB-Fieschergrat,_Aletschhorn,_Mönch,_Walliseralpen_v._N._O._aus_4500_m-Inlandflüge-LBS_MH01-001034.tif	Commons:WikiProject Aviation/recent uploads/2016 December 15/Overflow 1	Sémhur	2017-02-23T17:29:48Z
1199	ETH-BIB-Lagginhorn,_Weissmies,_Portjengrat,_Pizzo_d'Andolla_v._N._W._aus_4500_m-Inlandflüge-LBS_MH01-001036.tif	Commons:WikiProject Aviation/recent uploads/2016 December 15/Overflow 1	Sémhur	2017-02-23T17:29:48Z
1200	ETH-BIB-Pierre_Avoi,_Vallée_de_Bagnes,_Vallée_d'Entremont,_Grand_Combin,_Velan-Inlandflüge-LBS_MH01-001042.tif	Commons:WikiProject Aviation/recent uploads/2016 December 15/Overflow 1	Sémhur	2017-02-23T17:29:48Z
1201	ETH-BIB-Weissmies,_Portjengrat,_Sonnighorn,_Pizzo_Bottarello_v._N._W._aus_4500_m-Inlandflüge-LBS_MH01-001037.tif	Commons:WikiProject Aviation/recent uploads/2016 December 15/Overflow 1	Sémhur	2017-02-23T17:29:48Z
1202	ETH-BIB-Täschhorn,_Alphubel,_Allalinhorn_v._N._aus_4800_m-Inlandflüge-LBS_MH01-001041.tif	Commons:WikiProject Aviation/recent uploads/2016 December 15/Overflow 1	Sémhur	2017-02-23T17:29:48Z
1203	ETH-BIB-Weisshorn,_Matterhorn,_Lyskamm_v._N._aus_5000_m-Inlandflüge-LBS_MH01-001049.tif	Commons:WikiProject Aviation/recent uploads/2016 December 15/Overflow 1	Sémhur	2017-02-23T17:29:48Z
1204	ETH-BIB-Monte_Rosa,_Weissgrat_v._N._W._aus_5000_m-Inlandflüge-LBS_MH01-001046.tif	Commons:WikiProject Aviation/recent uploads/2016 December 15/Overflow 1	Sémhur	2017-02-23T17:29:48Z
1205	ETH-BIB-Dent_Blanche,_Grand_Cornier,_Point_de_Zinal_v._S._O._aus_5000_m-Inlandflüge-LBS_MH01-001048.tif	Commons:WikiProject Aviation/recent uploads/2016 December 15/Overflow 1	Sémhur	2017-02-23T17:29:48Z
1206	ETH-BIB-Simplonstrasse,_Fletschhorn,_Weissmies_v._4600_m-Inlandflüge-LBS_MH01-001045.tif	Commons:WikiProject Aviation/recent uploads/2016 December 15/Overflow 1	Sémhur	2017-02-23T17:29:48Z
1207	ETH-BIB-Matterhorn,_Matterhorngletscher_v._N._aus_5000_m-Inlandflüge-LBS_MH01-001055.tif	Commons:WikiProject Aviation/recent uploads/2016 December 15/Overflow 1	Sémhur	2017-02-23T17:29:48Z
1208	ETH-BIB-Matterhorn,_Südostwand,_Dent_d'Hérens_aus_4500_m-Inlandflüge-LBS_MH01-001054.tif	Commons:WikiProject Aviation/recent uploads/2016 December 15/Overflow 1	Sémhur	2017-02-23T17:29:48Z
1209	ETH-BIB-Turtmangletscher,_Weisshorn,_Matterhorn_v._N._aus_5000_m-Inlandflüge-LBS_MH01-001050.tif	Commons:WikiProject Aviation/recent uploads/2016 December 15/Overflow 1	Sémhur	2017-02-23T17:29:48Z
1210	ETH-BIB-Matterhorn,_Fruggrat,_Dent_d'Hérens_v._O._aus_5000_m-Inlandflüge-LBS_MH01-001059.tif	Commons:WikiProject Aviation/recent uploads/2016 December 15/Overflow 1	Sémhur	2017-02-23T17:29:48Z
1211	ETH-BIB-Matterhorn,_Zmuttgletscher,_Dent_d'Hérens_v._N._O._aus_5000_m-Inlandflüge-LBS_MH01-001053.tif	Commons:WikiProject Aviation/recent uploads/2016 December 15/Overflow 1	Sémhur	2017-02-23T17:29:48Z
1212	ETH-BIB-Matterhorn,_Matterhorngletscher,_Furggrat_v._N._aus_5000_m-Inlandflüge-LBS_MH01-001056.tif	Commons:WikiProject Aviation/recent uploads/2016 December 15/Overflow 1	Sémhur	2017-02-23T17:29:48Z
1213	ETH-BIB-Matterhorngipfel,_Tyndallgrat,_Dent_Blanche_v._S._O._aus_5000_m-Inlandflüge-LBS_MH01-001058.tif	Commons:WikiProject Aviation/recent uploads/2016 December 15/Overflow 1	Sémhur	2017-02-23T17:29:48Z
1214	ETH-BIB-Le_Pacheu,_Tita_Naire,_Haut_de_Cry,_Vallee_du_Rhone_v._O._aus_4000_m-Inlandflüge-LBS_MH01-001065.tif	Commons:WikiProject Aviation/recent uploads/2016 December 15/Overflow 1	Sémhur	2017-02-23T17:29:48Z
1215	ETH-BIB-Petit_Muveran,_Dent_Favre,_Lac_et_Montagne_de_Fully,_Pointe_de_Fenestral,_Massif_du_Mont_Bland_v._N._O._aus_4000_m-Inlandflüge-LBS_MH01-001064.tif	Commons:WikiProject Aviation/recent uploads/2016 December 15/Overflow 1	Sémhur	2017-02-23T17:29:48Z
1216	ETH-BIB-Montreux_v._S._W._aus_800_m-Inlandflüge-LBS_MH01-001066.tif	Commons:WikiProject Aviation/recent uploads/2016 December 15/Overflow 1	Sémhur	2017-02-23T17:29:48Z
1217	ETH-BIB-Bellinzona_con_tre_castelli-Inlandflüge-LBS_MH01-001068.tif	Commons:WikiProject Aviation/recent uploads/2016 December 15/Overflow 1	Sémhur	2017-02-23T17:29:48Z
1218	ETH-BIB-Locarno_v._S._W._aus_1200_m-Inlandflüge-LBS_MH01-001069.tif	Commons:WikiProject Aviation/recent uploads/2016 December 15/Overflow 1	Sémhur	2017-02-23T17:29:48Z
1219	ETH-BIB-Lausanne,_la_Blecherette,_Flugplatz-Inlandflüge-LBS_MH01-001067.tif	Commons:WikiProject Aviation/recent uploads/2016 December 15/Overflow 1	Sémhur	2017-02-23T17:29:48Z
1220	ETH-BIB-Lugano,_Cassarate,_Dampfschiffe_v._S._aus_1000_m-Inlandflüge-LBS_MH01-001072.tif	Commons:WikiProject Aviation/recent uploads/2016 December 15/Overflow 1	Sémhur	2017-02-23T17:29:48Z
1221	ETH-BIB-Lago_di_Lugano,_Magliaso,_Ponte-Inlandflüge-LBS_MH01-001073.tif	Commons:WikiProject Aviation/recent uploads/2016 December 15/Overflow 1	Sémhur	2017-02-23T17:29:48Z
1222	ETH-BIB-Lugano-Inlandflüge-LBS_MH01-001071.tif	Commons:WikiProject Aviation/recent uploads/2016 December 15/Overflow 1	Sémhur	2017-02-23T17:29:48Z
1223	ETH-BIB-Gordola,_Tenero,_Contra,_Madone,_Verzasca-Inlandflüge-LBS_MH01-001076.tif	Commons:WikiProject Aviation/recent uploads/2016 December 15/Overflow 1	Sémhur	2017-02-23T17:29:48Z
1224	ETH-BIB-Lugano,_Paradison,_San_Salvatore_v._N._aus_150_m-Inlandflüge-LBS_MH01-001079.tif	Commons:WikiProject Aviation/recent uploads/2016 December 15/Overflow 1	Sémhur	2017-02-23T17:29:48Z
1225	ETH-BIB-Lugano,_Monte_Bré,_Castagnola-Inlandflüge-LBS_MH01-001078.tif	Commons:WikiProject Aviation/recent uploads/2016 December 15/Overflow 1	Sémhur	2017-02-23T17:29:48Z
1226	ETH-BIB-Lugano,_San_Salvatore,_Flugzeugrumpf_im_Bild-Inlandflüge-LBS_MH01-001077.tif	Commons:WikiProject Aviation/recent uploads/2016 December 15/Overflow 1	Sémhur	2017-02-23T17:29:48Z
1227	ETH-BIB-Torrone,_Alto,_Rheinwaldhorn,_Pizzo_di_Claro_aus_3500_m-Inlandflüge-LBS_MH01-001080.tif	Commons:WikiProject Aviation/recent uploads/2016 December 15/Overflow 1	Sémhur	2017-02-23T17:29:48Z
1228	ETH-BIB-Plattenberg,_Piz_Cassinello,_Rheinwaldhorn,_Lentagletscher_v._N._aus_4000_m-Inlandflüge-LBS_MH01-001085.tif	Commons:WikiProject Aviation/recent uploads/2016 December 15/Overflow 1	Sémhur	2017-02-23T17:29:48Z
1229	ETH-BIB-Piz_Cassinello,_Piz_Cassmoi,_Sental,_Güferhorn_v._N._W._aus_4000_m-Inlandflüge-LBS_MH01-001083.tif	Commons:WikiProject Aviation/recent uploads/2016 December 15/Overflow 1	Sémhur	2017-02-23T17:29:48Z
1230	ETH-BIB-Güferhorn,_Val_Carsana,_Piz_Sut_v._W._aus_4000_m-Inlandflüge-LBS_MH01-001082.tif	Commons:WikiProject Aviation/recent uploads/2016 December 15/Overflow 1	Sémhur	2017-02-23T17:29:48Z
1231	ETH-BIB-Pizzo_di_Claro,_Pizzo_de_Groven,_Calancatal_aus_3500_m-Inlandflüge-LBS_MH01-001086.tif	Commons:WikiProject Aviation/recent uploads/2016 December 15/Overflow 1	Sémhur	2017-02-23T17:29:48Z
1232	ETH-BIB-Roc_de_Gagnerie,_Dents_du_Midi_v._O._S._O._aus_4500_m-Inlandflüge-LBS_MH01-001091-AL.tif	Commons:WikiProject Aviation/recent uploads/2016 December 15/Overflow 1	Sémhur	2017-02-23T17:29:48Z
1233	ETH-BIB-Massif_du_Mont_Blanc_avec_Chamonix_et_la_Mer_de_Glace_v._N._aus_4500_m-Inlandflüge-LBS_MH01-001092.tif	Commons:WikiProject Aviation/recent uploads/2016 December 15/Overflow 1	Sémhur	2017-02-23T17:29:48Z
1234	ETH-BIB-Berninapass,_Lago_Bianco,_Piz_Paradisino_v._W._aus_5000_m-Inlandflüge-LBS_MH01-000874.tif	Commons:WikiProject Aviation/recent uploads/2016 December 15/Overflow 1	Sémhur	2017-02-23T17:29:48Z
1235	ETH-BIB-Berninagruppe,_Monte_Disgrazia_v._N._aus_4500_m-Inlandflüge-LBS_MH01-000878.tif	Commons:WikiProject Aviation/recent uploads/2016 December 15/Overflow 1	Sémhur	2017-02-23T17:29:48Z
1236	ETH-BIB-Berninapass,_Piz_Palü_v._N._W._aus_3500_m-Inlandflüge-LBS_MH01-000876.tif	Commons:WikiProject Aviation/recent uploads/2016 December 15/Overflow 1	Sémhur	2017-02-23T17:29:48Z
1237	ETH-BIB-Mischabel,_Monte_Rosa,_Zermattertal_v._N._aus_5000_m-Inlandflüge-LBS_MH01-001114.tif	Commons:WikiProject Aviation/recent uploads/2016 December 15/Overflow 1	Sémhur	2017-02-23T17:29:48Z
1238	ETH-BIB-Massif_du_Grand_Combin_aus_4000_m-Inlandflüge-LBS_MH01-001117.tif	Commons:WikiProject Aviation/recent uploads/2016 December 15/Overflow 1	Sémhur	2017-02-23T17:29:48Z
1239	ETH-BIB-Piz_Vial,_Piz_Gaglianera,_Medels_v._N._aus_4000_m-Inlandflüge-LBS_MH01-001124.tif	Commons:WikiProject Aviation/recent uploads/2016 December 15/Overflow 1	Sémhur	2017-02-23T17:29:48Z
1240	ETH-BIB-Zürich-Fluntern,_Rigiblick_aus_500_m-Inlandflüge-LBS_MH01-001130.tif	Commons:WikiProject Aviation/recent uploads/2016 December 15/Overflow 1	Sémhur	2017-02-23T17:29:48Z
1241	ETH-BIB-Piz_d'Aela_v._W._aus_3000_m-Inlandflüge-LBS_MH01-000898.tif	Commons:WikiProject Aviation/recent uploads/2016 December 15/Overflow 1	Sémhur	2017-02-23T17:29:48Z
1242	ETH-BIB-Engelbergeralpen,_Gerschnialp,_Trüebsee,_Laubergsgrat_v._N._aus_3500_m-Inlandflüge-LBS_MH01-001135.tif	Commons:WikiProject Aviation/recent uploads/2016 December 15/Overflow 1	Sémhur	2017-02-23T17:29:48Z
1243	ETH-BIB-Männedorf,_Zürichsee-Inlandflüge-LBS_MH01-001139.tif	Commons:WikiProject Aviation/recent uploads/2016 December 15/Overflow 1	Sémhur	2017-02-23T17:29:48Z
1244	ETH-BIB-Zürich,_ETH_Zürich,_Universität,_Universitätsspital-Inlandflüge-LBS_MH01-000676.tif	Commons:WikiProject Aviation/recent uploads/2016 December 15/Overflow 1	Sémhur	2017-02-23T17:29:48Z
1245	ETH-BIB-Dürnten,_Winterhalden,_Meliorationsgebiet_v._S._aus_1200_m-Inlandflüge-LBS_MH01-001138.tif	Commons:WikiProject Aviation/recent uploads/2016 December 15/Overflow 1	Sémhur	2017-02-23T17:29:48Z
1246	ETH-BIB-Meilen_aus_2000_m-Inlandflüge-LBS_MH01-001136.tif	Commons:WikiProject Aviation/recent uploads/2016 December 15/Overflow 1	Sémhur	2017-02-23T17:29:48Z
1247	ETH-BIB-Teufen,_St._Gallen_v._S._aus_1800_m-Inlandflüge-LBS_MH01-001143.tif	Commons:WikiProject Aviation/recent uploads/2016 December 15/Overflow 1	Sémhur	2017-02-23T17:29:48Z
1248	ETH-BIB-St._Gallen,_Heiligenkeuz,_Galgentobel_aus_1000_m-Inlandflüge-LBS_MH01-001142.tif	Commons:WikiProject Aviation/recent uploads/2016 December 15/Overflow 1	Sémhur	2017-02-23T17:29:48Z
1249	ETH-BIB-Wallisellen,_Fabrik_v._S._O.-Inlandflüge-LBS_MH01-000679.tif	Commons:WikiProject Aviation/recent uploads/2016 December 15/Overflow 1	Sémhur	2017-02-23T17:29:48Z
1250	ETH-BIB-Teufen_v._S._O._aus_1500_m-Inlandflüge-LBS_MH01-001144.tif	Commons:WikiProject Aviation/recent uploads/2016 December 15/Overflow 1	Sémhur	2017-02-23T17:29:48Z
1251	ETH-BIB-Säntisgipfel,_Lisengrat_v._W._aus_3200_m-Inlandflüge-LBS_MH01-001149.tif	Commons:WikiProject Aviation/recent uploads/2016 December 15/Overflow 1	Sémhur	2017-02-23T17:29:48Z
1252	ETH-BIB-Schäfler,_Altenalp,_Weissbachtel_aus_3200_m-Inlandflüge-LBS_MH01-001148.tif	Commons:WikiProject Aviation/recent uploads/2016 December 15/Overflow 1	Sémhur	2017-02-23T17:29:48Z
1253	ETH-BIB-Appenzell_v._O._aus_1500_m-Inlandflüge-LBS_MH01-001146.tif	Commons:WikiProject Aviation/recent uploads/2016 December 15/Overflow 1	Sémhur	2017-02-23T17:29:48Z
1254	ETH-BIB-Niederurnen,_Eternitwerke-Inlandflüge-LBS_MH01-000915.tif	Commons:WikiProject Aviation/recent uploads/2016 December 15/Overflow 1	Sémhur	2017-02-23T17:29:48Z
1255	ETH-BIB-Luzern,_Detail,_Schweizerhofquai,_Panorama-Inlandflüge-LBS_MH01-001154.tif	Commons:WikiProject Aviation/recent uploads/2016 December 15/Overflow 1	Sémhur	2017-02-23T17:29:48Z
1256	ETH-BIB-Altmann,_Wildhauser_Schafberg_v._S._aus_3200_m-Inlandflüge-LBS_MH01-001152.tif	Commons:WikiProject Aviation/recent uploads/2016 December 15/Overflow 1	Sémhur	2017-02-23T17:29:48Z
1257	ETH-BIB-Säntis,_Lisengrat_v._S._aus_3200_m-Inlandflüge-LBS_MH01-001153.tif	Commons:WikiProject Aviation/recent uploads/2016 December 15/Overflow 1	Sémhur	2017-02-23T17:29:48Z
1258	ETH-BIB-Schaffhausen-Inlandflüge-LBS_MH01-000925.tif	Commons:WikiProject Aviation/recent uploads/2016 December 15/Overflow 1	Sémhur	2017-02-23T17:29:48Z
1259	ETH-BIB-Mont_Blanc,_Dôme_du_Gôuter_v._N._aus_5000_m-Inlandflüge-LBS_MH01-001160.tif	Commons:WikiProject Aviation/recent uploads/2016 December 15/Overflow 1	Sémhur	2017-02-23T17:29:48Z
1260	ETH-BIB-Mont_Blanc,_Glacier_des_Bossons,_Glacier_de_Taconnaz-Inlandflüge-LBS_MH01-001159.tif	Commons:WikiProject Aviation/recent uploads/2016 December 15/Overflow 1	Sémhur	2017-02-23T17:29:48Z
1261	ETH-BIB-Sommet_du_Mont_Blanc,_Glacier_des_Bossons-Inlandflüge-LBS_MH01-001162.tif	Commons:WikiProject Aviation/recent uploads/2016 December 15/Overflow 1	Sémhur	2017-02-23T17:29:48Z
1262	ETH-BIB-Mont_Blanc,_Mont_Maudit-Inlandflüge-LBS_MH01-001161-AL.tif	Commons:WikiProject Aviation/recent uploads/2016 December 15/Overflow 1	Sémhur	2017-02-23T17:29:48Z
1263	ETH-BIB-Glacier_d'Argentière,_r._der_Dreiländerstein_Mont_Dolent,_in_der_Ferne_Matterhorn_und_Monte_Rosa_v._N._W._aus_4000_m-Inlandflüge-LBS_MH01-001163.tif	Commons:WikiProject Aviation/recent uploads/2016 December 15/Overflow 1	Sémhur	2017-02-23T17:29:48Z
1264	ETH-BIB-Aiguille_d'Argentière,_Chamonix,_Mont_Blanc_Massiv_v._N._O._aus_4500_m-Inlandflüge-LBS_MH01-001158.tif	Commons:WikiProject Aviation/recent uploads/2016 December 15/Overflow 1	Sémhur	2017-02-23T17:29:48Z
1265	ETH-BIB-Laupen_v._S._W._aus_300_m-Inlandflüge-LBS_MH01-001169.tif	Commons:WikiProject Aviation/recent uploads/2016 December 15/Overflow 1	Sémhur	2017-02-23T17:29:48Z
1266	ETH-BIB-Murten_v._S._aus_300_m-Inlandflüge-LBS_MH01-001167.tif	Commons:WikiProject Aviation/recent uploads/2016 December 15/Overflow 1	Sémhur	2017-02-23T17:29:48Z
1267	ETH-BIB-Mont_Blanc,_Glacier_du_Tour,_Glacier_d'Argentière,_Mont_Dolent,_Aiguille_Verte,_Grandes_Jorasses_v._N._aus_5000_m-Inlandflüge-LBS_MH01-001164.tif	Commons:WikiProject Aviation/recent uploads/2016 December 15/Overflow 1	Sémhur	2017-02-23T17:29:48Z
1268	ETH-BIB-Chamonix,_Mont_Blanc_v._N._aus_4500_m-Inlandflüge-LBS_MH01-001166.tif	Commons:WikiProject Aviation/recent uploads/2016 December 15/Overflow 1	Sémhur	2017-02-23T17:29:48Z
1269	ETH-BIB-Fleurier,_Val_de_Travers-Inlandflüge-LBS_MH01-001175.tif	Commons:WikiProject Aviation/recent uploads/2016 December 15/Overflow 1	Sémhur	2017-02-23T17:29:48Z
1270	ETH-BIB-Fleurier,_Val_de_Travers_aus_600_m-Inlandflüge-LBS_MH01-001173.tif	Commons:WikiProject Aviation/recent uploads/2016 December 15/Overflow 1	Sémhur	2017-02-23T17:29:48Z
1271	ETH-BIB-Flugzeug_über_Thun,_Schloss_aus_250_m-Inlandflüge-LBS_MH01-001181.tif	Commons:WikiProject Aviation/recent uploads/2016 December 15/Overflow 1	Sémhur	2017-02-23T17:29:48Z
1272	ETH-BIB-Fleurier,_Val_de_Travers_aus_500_m-Inlandflüge-LBS_MH01-001174.tif	Commons:WikiProject Aviation/recent uploads/2016 December 15/Overflow 1	Sémhur	2017-02-23T17:29:48Z
1273	ETH-BIB-Flugzeuge_über_Brienzersee,_Habkern,_Hohgant_v._S._aus_4000_m-Inlandflüge-LBS_MH01-001179.tif	Commons:WikiProject Aviation/recent uploads/2016 December 15/Overflow 1	Sémhur	2017-02-23T17:29:48Z
1274	ETH-BIB-Thunersee,_Thun_mit_Flieger,_Hilterfingen_v._S._aus_2500_m-Inlandflüge-LBS_MH01-001178.tif	Commons:WikiProject Aviation/recent uploads/2016 December 15/Overflow 1	Sémhur	2017-02-23T17:29:48Z
1275	ETH-BIB-Flugzeug_über_Thunersee_mit_Thun_v._S._O._aus_2500_m-Inlandflüge-LBS_MH01-001180.tif	Commons:WikiProject Aviation/recent uploads/2016 December 15/Overflow 1	Sémhur	2017-02-23T17:29:48Z
1276	ETH-BIB-Engelberg_mit_Wolken_v._N._W._aus_1500_m-Inlandflüge-LBS_MH01-000948.tif	Commons:WikiProject Aviation/recent uploads/2016 December 15/Overflow 1	Sémhur	2017-02-23T17:29:48Z
1277	ETH-BIB-Thun,_Übersicht_v._S._aus_500_m-Inlandflüge-LBS_MH01-001185.tif	Commons:WikiProject Aviation/recent uploads/2016 December 15/Overflow 1	Sémhur	2017-02-23T17:29:48Z
1278	ETH-BIB-Fünffingerstöcke_v._N._aus_3500_m-Inlandflüge-LBS_MH01-000950.tif	Commons:WikiProject Aviation/recent uploads/2016 December 15/Overflow 1	Sémhur	2017-02-23T17:29:48Z
1279	ETH-BIB-Flugzeug_über_Thun_v._N._O._aus_300_m-Inlandflüge-LBS_MH01-001183.tif	Commons:WikiProject Aviation/recent uploads/2016 December 15/Overflow 1	Sémhur	2017-02-23T17:29:48Z
1280	ETH-BIB-Titlis,_Reissend,_Nollen,_Urattal_aus_3500_m-Inlandflüge-LBS_MH01-000951.tif	Commons:WikiProject Aviation/recent uploads/2016 December 15/Overflow 1	Sémhur	2017-02-23T17:29:48Z
1281	ETH-BIB-Thun,_Schloss-Inlandflüge-LBS_MH01-001188.tif	Commons:WikiProject Aviation/recent uploads/2016 December 15/Overflow 1	Sémhur	2017-02-23T17:29:48Z
1282	ETH-BIB-Stockhorn_v._N._aus_2800_m-Inlandflüge-LBS_MH01-001191.tif	Commons:WikiProject Aviation/recent uploads/2016 December 15/Overflow 1	Sémhur	2017-02-23T17:29:48Z
1283	ETH-BIB-Thun_mit_Schloss_aus_200_m-Inlandflüge-LBS_MH01-001189.tif	Commons:WikiProject Aviation/recent uploads/2016 December 15/Overflow 1	Sémhur	2017-02-23T17:29:48Z
1284	ETH-BIB-Zürich-Höngg-Inlandflüge-LBS_MH01-000959.tif	Commons:WikiProject Aviation/recent uploads/2016 December 15/Overflow 1	Sémhur	2017-02-23T17:29:48Z
1285	ETH-BIB-Niesenkulm,_Niesenbahn,_Niedersimmental_v._O._aus_2500_m-Inlandflüge-LBS_MH01-001194.tif	Commons:WikiProject Aviation/recent uploads/2016 December 15/Overflow 1	Sémhur	2017-02-23T17:29:48Z
1286	ETH-BIB-Niesen-Hotel,_Thunersee_v._S._aus_2500_m-Inlandflüge-LBS_MH01-001196.tif	Commons:WikiProject Aviation/recent uploads/2016 December 15/Overflow 1	Sémhur	2017-02-23T17:29:48Z
1287	ETH-BIB-Niesenkulm,_Schwandegg_v._N._O._aus_2500_m-Inlandflüge-LBS_MH01-001193.tif	Commons:WikiProject Aviation/recent uploads/2016 December 15/Overflow 1	Sémhur	2017-02-23T17:29:48Z
1288	ETH-BIB-Schynige_Platte,_Interlaken,_Beatenberg,_Harder_v._S._aus_4000_m-Inlandflüge-LBS_MH01-001192.tif	Commons:WikiProject Aviation/recent uploads/2016 December 15/Overflow 1	Sémhur	2017-02-23T17:29:48Z
1289	ETH-BIB-Kandertal,_Gemmiweg_von_Kandersteg_zur_Passhöhe,_Doldenhorn,_Wildstrubel,_Gemmipass_v._N._aus_4000_m-Inlandflüge-LBS_MH01-001201.tif	Commons:WikiProject Aviation/recent uploads/2016 December 15/Overflow 1	Sémhur	2017-02-23T17:29:48Z
1290	ETH-BIB-Dietikon_v._N._W._aus_600_m-Inlandflüge-LBS_MH01-000962.tif	Commons:WikiProject Aviation/recent uploads/2016 December 15/Overflow 1	Sémhur	2017-02-23T17:29:48Z
1291	ETH-BIB-Flugzeug_über_Niesenkette,_Hohniesen_aus_2500_m-Inlandflüge-LBS_MH01-001198.tif	Commons:WikiProject Aviation/recent uploads/2016 December 15/Overflow 1	Sémhur	2017-02-23T17:29:48Z
1292	ETH-BIB-Haefeli_DH-3_M_IIIa,_CH-550_mit_Burgfluh_und_Wimmis_aus_2000_m-Inlandflüge-LBS_MH01-001200-AL.tif	Commons:WikiProject Aviation/recent uploads/2016 December 15/Overflow 1	Sémhur	2017-02-23T17:29:48Z
1293	ETH-BIB-Niesen_mit_Flugzeug_v._O._aus_2500_m-Inlandflüge-LBS_MH01-001197.tif	Commons:WikiProject Aviation/recent uploads/2016 December 15/Overflow 1	Sémhur	2017-02-23T17:29:48Z
1294	ETH-BIB-Dietikon_v._N._O._aus_300_m-Inlandflüge-LBS_MH01-000963.tif	Commons:WikiProject Aviation/recent uploads/2016 December 15/Overflow 1	Sémhur	2017-02-23T17:29:48Z
1295	ETH-BIB-Thun,_Zentrum_mit_Flugzeug_aus_200_m-Inlandflüge-LBS_MH01-001211.tif	Commons:WikiProject Aviation/recent uploads/2016 December 15/Overflow 1	Sémhur	2017-02-23T17:29:48Z
1296	ETH-BIB-Wimmis,_Simmenflue,_Stockhorn_aus_1000_m-Inlandflüge-LBS_MH01-001214.tif	Commons:WikiProject Aviation/recent uploads/2016 December 15/Overflow 1	Sémhur	2017-02-23T17:29:48Z
1297	ETH-BIB-Gwatt,_Kanderdelta,_Aufbau_des_Schuttfächers_durch_die_Kander_aus_300_m-Inlandflüge-LBS_MH01-001213.tif	Commons:WikiProject Aviation/recent uploads/2016 December 15/Overflow 1	Sémhur	2017-02-23T17:29:48Z
1298	ETH-BIB-Chessel,_Spreitenbach-Inlandflüge-LBS_MH01-000966.tif	Commons:WikiProject Aviation/recent uploads/2016 December 15/Overflow 1	Sémhur	2017-02-23T17:29:48Z
1299	ETH-BIB-Häfeli_DH-3_M_IIIa,_CH-550_mit_Stockhornkette-Inlandflüge-LBS_MH01-001210.tif	Commons:WikiProject Aviation/recent uploads/2016 December 15/Overflow 1	Sémhur	2017-02-23T17:29:48Z
1300	ETH-BIB-Flugzeug_über_Thun,_DH-3_aus_400_m-Inlandflüge-LBS_MH01-001207.tif	Commons:WikiProject Aviation/recent uploads/2016 December 15/Overflow 1	Sémhur	2017-02-23T17:29:48Z
1301	ETH-BIB-Baden,_Fabrikquartier_mit_Wolkenschatten_aus_600_m-Inlandflüge-LBS_MH01-000968.tif	Commons:WikiProject Aviation/recent uploads/2016 December 15/Overflow 1	Sémhur	2017-02-23T17:29:48Z
1302	ETH-BIB-Spiez_am_Thunersee_aus_800_m-Inlandflüge-LBS_MH01-001212.tif	Commons:WikiProject Aviation/recent uploads/2016 December 15/Overflow 1	Sémhur	2017-02-23T17:29:48Z
1303	ETH-BIB-Oerlikon-Maschinenfabrik,_Werkzeugmaschinenfabrik-Inlandflüge-LBS_MH01-000965.tif	Commons:WikiProject Aviation/recent uploads/2016 December 15/Overflow 1	Sémhur	2017-02-23T17:29:48Z
1304	ETH-BIB-Wimmis,_Burgfluh_aus_800_m-Inlandflüge-LBS_MH01-001215.tif	Commons:WikiProject Aviation/recent uploads/2016 December 15/Overflow 1	Sémhur	2017-02-23T17:29:48Z
1305	ETH-BIB-Spiez,_Schloss_aus_500_m-Inlandflüge-LBS_MH01-001216.tif	Commons:WikiProject Aviation/recent uploads/2016 December 15/Overflow 1	Sémhur	2017-02-23T17:29:48Z
1306	ETH-BIB-Spiez,_Bahnhof-Inlandflüge-LBS_MH01-001217.tif	Commons:WikiProject Aviation/recent uploads/2016 December 15/Overflow 1	Sémhur	2017-02-23T17:29:48Z
1307	ETH-BIB-Jungfrau,_Eiskaskaden_aus_den_Karkesseln_der_Nordwand,_links_der_Aletschgletscher_v._N._aus_5000_m-Inlandflüge-LBS_MH01-001221.tif	Commons:WikiProject Aviation/recent uploads/2016 December 15/Overflow 1	Sémhur	2017-02-23T17:29:48Z
1308	ETH-BIB-Jungfrau,_Giessengletscher,_Aletschhorn_v._N._aus_5000_m-Inlandflüge-LBS_MH01-001220.tif	Commons:WikiProject Aviation/recent uploads/2016 December 15/Overflow 1	Sémhur	2017-02-23T17:29:48Z
1309	ETH-BIB-Bern_v._S.-Inlandflüge-LBS_MH01-001218.tif	Commons:WikiProject Aviation/recent uploads/2016 December 15/Overflow 1	Sémhur	2017-02-23T17:29:48Z
1310	ETH-BIB-Jungfrau,_Mönch,_Eiger,_Finsteraarhorn_v._W._aus_5000_m-Inlandflüge-LBS_MH01-001225.tif	Commons:WikiProject Aviation/recent uploads/2016 December 15/Overflow 1	Sémhur	2017-02-23T17:29:48Z
1311	ETH-BIB-Jungfrau,_Gletscherhorn_v._N._aus_5000_m-Inlandflüge-LBS_MH01-001223.tif	Commons:WikiProject Aviation/recent uploads/2016 December 15/Overflow 1	Sémhur	2017-02-23T17:29:48Z
1312	ETH-BIB-Jungfrau,_Rottalhorn_mit_Flugzeug_v._S.-Inlandflüge-LBS_MH01-001229.tif	Commons:WikiProject Aviation/recent uploads/2016 December 15/Overflow 1	Sémhur	2017-02-23T17:29:48Z
1313	ETH-BIB-Jungfrau,_Gletschherhorn,_Äbeni_v._N._aus_5000_m-Inlandflüge-LBS_MH01-001222.tif	Commons:WikiProject Aviation/recent uploads/2016 December 15/Overflow 1	Sémhur	2017-02-23T17:29:48Z
1314	ETH-BIB-Jungfrau,_Sefinental_v._S._O._aus_5000_m-Inlandflüge-LBS_MH01-001224.tif	Commons:WikiProject Aviation/recent uploads/2016 December 15/Overflow 1	Sémhur	2017-02-23T17:29:48Z
1315	ETH-BIB-Jungfrau,_Mönch,_Finsteraarhorn_v._W._aus_5000_m-Inlandflüge-LBS_MH01-001228.tif	Commons:WikiProject Aviation/recent uploads/2016 December 15/Overflow 1	Sémhur	2017-02-23T17:29:48Z
1316	ETH-BIB-Äbene,_Flue,_Jungfrau,_Mönch_mit_Flugzeug_v._S._aus_5000_m-Inlandflüge-LBS_MH01-001227.tif	Commons:WikiProject Aviation/recent uploads/2016 December 15/Overflow 1	Sémhur	2017-02-23T17:29:48Z
1317	ETH-BIB-Mönch,_Unterer_Grindelwaldgletscher,_Schreckhörner_v._W._aus_5000_m-Inlandflüge-LBS_MH01-001230.tif	Commons:WikiProject Aviation/recent uploads/2016 December 15/Overflow 1	Sémhur	2017-02-23T17:29:48Z
1318	ETH-BIB-Mönch,_Fiescherhörner,_Finsteraarhorn_v._N._W._aus_5000_m-Inlandflüge-LBS_MH01-001231.tif	Commons:WikiProject Aviation/recent uploads/2016 December 15/Overflow 1	Sémhur	2017-02-23T17:29:48Z
1319	ETH-BIB-Breithorn,_Tschingelhorn,_Bietschhorn_v._N._aus_5000_m-Inlandflüge-LBS_MH01-001238.tif	Commons:WikiProject Aviation/recent uploads/2016 December 15/Overflow 1	Sémhur	2017-02-23T17:29:48Z
1320	ETH-BIB-Nesthorn,_Beichgletscher,_Oberaletschgletscher_aus_5000_m-Inlandflüge-LBS_MH01-001236.tif	Commons:WikiProject Aviation/recent uploads/2016 December 15/Overflow 1	Sémhur	2017-02-23T17:29:48Z
1321	ETH-BIB-Bütlasse,_Gspaltenhorn,_Tschingelhorn,_Bietschhorn_v._N._aus_5000_m-Inlandflüge-LBS_MH01-001237.tif	Commons:WikiProject Aviation/recent uploads/2016 December 15/Overflow 1	Sémhur	2017-02-23T17:29:48Z
1322	ETH-BIB-Eiger,_Schreckhorn_v._W._aus_5000_m-Inlandflüge-LBS_MH01-001235.tif	Commons:WikiProject Aviation/recent uploads/2016 December 15/Overflow 1	Sémhur	2017-02-23T17:29:48Z
1323	ETH-BIB-Eiger,_Schreckhorn_v._W._aus_5000_m-Inlandflüge-LBS_MH01-001234.tif	Commons:WikiProject Aviation/recent uploads/2016 December 15/Overflow 1	Sémhur	2017-02-23T17:29:48Z
1324	ETH-BIB-Obersiggenthal,_Kirchdorf,_Limmat_v._S._aus_400_m-Inlandflüge-LBS_MH01-000983.tif	Commons:WikiProject Aviation/recent uploads/2016 December 15/Overflow 1	Sémhur	2017-02-23T17:29:48Z
1325	ETH-BIB-Schilthorn,_Sefinental,_Gspaltenhorn,_Blüemlisalp_v._N._aus_5000_m-Inlandflüge-LBS_MH01-001240.tif	Commons:WikiProject Aviation/recent uploads/2016 December 15/Overflow 1	Sémhur	2017-02-23T17:29:48Z
1326	ETH-BIB-Breithorn,_Blüemlisalp,_Doldenhorn_mit_Flugzeug-Inlandflüge-LBS_MH01-001241.tif	Commons:WikiProject Aviation/recent uploads/2016 December 15/Overflow 1	Sémhur	2017-02-23T17:29:48Z
1327	ETH-BIB-Wettingen_(Aargau)_v._S._W._aus_600_m-Inlandflüge-LBS_MH01-000989.tif	Commons:WikiProject Aviation/recent uploads/2016 December 15/Overflow 1	Sémhur	2017-02-23T17:29:48Z
1328	ETH-BIB-Blüemlisalp,_Doldenhorn,_Balmhorn,_Walliseralpen-Inlandflüge-LBS_MH01-001242.tif	Commons:WikiProject Aviation/recent uploads/2016 December 15/Overflow 1	Sémhur	2017-02-23T17:29:48Z
1329	ETH-BIB-Sackhorn,_Gasterental,_Balmhorn,_Mont_Blanc_aus_5000_m-Inlandflüge-LBS_MH01-001249.tif	Commons:WikiProject Aviation/recent uploads/2016 December 15/Overflow 1	Sémhur	2017-02-23T17:29:48Z
1330	ETH-BIB-Breithorn,_Tschingelhorn,_Bietschhorn,_Walliseralpen_v._N._aus_5000_m-Inlandflüge-LBS_MH01-001243.tif	Commons:WikiProject Aviation/recent uploads/2016 December 15/Overflow 1	Sémhur	2017-02-23T17:29:48Z
1331	ETH-BIB-Baden,_Altstadt,_Detail_aus_400_m-Inlandflüge-LBS_MH01-000988.tif	Commons:WikiProject Aviation/recent uploads/2016 December 15/Overflow 1	Sémhur	2017-02-23T17:29:48Z
1332	ETH-BIB-Gamichlücke,_Büemlisalp,_Bietschhorn-Inlandflüge-LBS_MH01-001248.tif	Commons:WikiProject Aviation/recent uploads/2016 December 15/Overflow 1	Sémhur	2017-02-23T17:29:48Z
1333	ETH-BIB-Fieschhörner,_Fieschfirn,_Grindelwald_aus_4500_m-Inlandflüge-LBS_MH01-000993.tif	Commons:WikiProject Aviation/recent uploads/2016 December 15/Overflow 1	Sémhur	2017-02-23T17:29:48Z
1334	ETH-BIB-Breithorn,_Tschingelhorn,_Gaspaltenhorn,_Niesen_v._S._O._aus_5000_m-Inlandflüge-LBS_MH01-001250.tif	Commons:WikiProject Aviation/recent uploads/2016 December 15/Overflow 1	Sémhur	2017-02-23T17:29:48Z
1335	ETH-BIB-Lötschental,_Bietschhorn,_Finsteraarhorn_v._S._W._aus_5000_m-Inlandflüge-LBS_MH01-001244.tif	Commons:WikiProject Aviation/recent uploads/2016 December 15/Overflow 1	Sémhur	2017-02-23T17:29:48Z
1336	ETH-BIB-Blüemlisalp,_Bietschhorn,_Walliseralpen_v._N._aus_5000_m-Inlandflüge-LBS_MH01-001251.tif	Commons:WikiProject Aviation/recent uploads/2016 December 15/Overflow 1	Sémhur	2017-02-23T17:29:48Z
1337	ETH-BIB-Wildhorn,_Valée_de_la_Liène_v._S._O._aus_4500_m-Inlandflüge-LBS_MH01-001261.tif	Commons:WikiProject Aviation/recent uploads/2016 December 15/Overflow 1	Sémhur	2017-02-23T17:29:48Z
1338	ETH-BIB-Schilthorn,_Blüemlisalp_Wildstrubel,_Mont_Blanc_v._N._O._aus_5000_m-Inlandflüge-LBS_MH01-001252.tif	Commons:WikiProject Aviation/recent uploads/2016 December 15/Overflow 1	Sémhur	2017-02-23T17:29:48Z
1339	ETH-BIB-Leukerbad,_Rinderhorn,_im_Vordergrund_Torrentalp_und_Torrenthorn,_Majinghorn,_Daubenhorn_v._S._aus_5000_m-Inlandflüge-LBS_MH01-001260.tif	Commons:WikiProject Aviation/recent uploads/2016 December 15/Overflow 1	Sémhur	2017-02-23T17:29:48Z
1340	ETH-BIB-Yverdon-les-Bains_v._N._W._aus_400_m-Inlandflüge-LBS_MH01-000782.tif	Commons:WikiProject Aviation/recent uploads/2016 December 15/Overflow 1	Sémhur	2017-02-23T17:29:48Z
1341	ETH-BIB-Frutigen,_Frutigtal,_Kandertal,_Adelboden-Inlandflüge-LBS_MH01-001265.tif	Commons:WikiProject Aviation/recent uploads/2016 December 15/Overflow 1	Sémhur	2017-02-23T17:29:48Z
1342	ETH-BIB-Mönch_mit_Jungfrau,_Flugzeugrumpf_im_Bild_v._S._aus_4500_m-Inlandflüge-LBS_MH01-001003.tif	Commons:WikiProject Aviation/recent uploads/2016 December 15/Overflow 1	Sémhur	2017-02-23T17:29:48Z
1343	ETH-BIB-Ardon,_Vétroz,_Arven,_Rhône,_Val_de_Triquent_v._S._O._aus_5000_m-Inlandflüge-LBS_MH01-001263.tif	Commons:WikiProject Aviation/recent uploads/2016 December 15/Overflow 1	Sémhur	2017-02-23T17:29:48Z
1344	ETH-BIB-Leukerbad,_Inden,_Gemmipass,_Daubensee,_Rinderhorn,_Balmhorn_v._S._aus_5000_m-Inlandflüge-LBS_MH01-001264.tif	Commons:WikiProject Aviation/recent uploads/2016 December 15/Overflow 1	Sémhur	2017-02-23T17:29:48Z
1345	ETH-BIB-Sion,_Übersicht,_Wildhorn,_Grimisuat,_Arbaz_v._S._aus_4500_m-Inlandflüge-LBS_MH01-001262.tif	Commons:WikiProject Aviation/recent uploads/2016 December 15/Overflow 1	Sémhur	2017-02-23T17:29:48Z
1346	ETH-BIB-Yverdon_v._N._W._aus_400_m-Inlandflüge-LBS_MH01-000783.tif	Commons:WikiProject Aviation/recent uploads/2016 December 15/Overflow 1	Sémhur	2017-02-23T17:29:48Z
1347	ETH-BIB-Grand_Combin,_Glacier_de_Boveri,_Mont_Velan_v._N._aus_5000_m-Inlandflüge-LBS_MH01-001269.tif	Commons:WikiProject Aviation/recent uploads/2016 December 15/Overflow 1	Sémhur	2017-02-23T17:29:48Z
1348	ETH-BIB-Val_de_Bagnes,_Mont_Collon,_Matterhorn,_Mont_Cervin_v._N._W._aus_5000_m-Inlandflüge-LBS_MH01-001266.tif	Commons:WikiProject Aviation/recent uploads/2016 December 15/Overflow 1	Sémhur	2017-02-23T17:29:48Z
1349	ETH-BIB-Grand_Combin,_Mont_Velan,_Glacier_de_Corbassier_v._N._aus_5000_m-Inlandflüge-LBS_MH01-001268.tif	Commons:WikiProject Aviation/recent uploads/2016 December 15/Overflow 1	Sémhur	2017-02-23T17:29:48Z
1350	ETH-BIB-Finsteraarhorn,_Grindelwaldner_Fiescherhörner_v._N._aus_4500_m-Inlandflüge-LBS_MH01-001009.tif	Commons:WikiProject Aviation/recent uploads/2016 December 15/Overflow 1	Sémhur	2017-02-23T17:29:48Z
1351	ETH-BIB-Rhonequertal_unterhalb_Martigny,_zwischen_Dent_de_Morcles_r._und_Dents_du_Midi_l._v._S._aus_5000_m-Inlandflüge-LBS_MH01-001267.tif	Commons:WikiProject Aviation/recent uploads/2016 December 15/Overflow 1	Sémhur	2017-02-23T17:29:48Z
1352	ETH-BIB-Combin_de_Corbassière,_Grand_Combin_v._N._aus_5000_m-Inlandflüge-LBS_MH01-001270.tif	Commons:WikiProject Aviation/recent uploads/2016 December 15/Overflow 1	Sémhur	2017-02-23T17:29:48Z
1353	ETH-BIB-Konkordiaplatz,_Grünegg,_Grüneggfirn,_Grünhornlücke_aus_4500_m-Inlandflüge-LBS_MH01-001006.tif	Commons:WikiProject Aviation/recent uploads/2016 December 15/Overflow 1	Sémhur	2017-02-23T17:29:48Z
1354	ETH-BIB-Konkordiaplatz,_Grünegg,_Grüneggfirn,_Grünegghorn,_Finsteraahorngruppe_aus_4500_m-Inlandflüge-LBS_MH01-001008.tif	Commons:WikiProject Aviation/recent uploads/2016 December 15/Overflow 1	Sémhur	2017-02-23T17:29:48Z
1355	ETH-BIB-Aiguille_du_Midi,_Mont_Blanc_Massiv_v._N._aus_4400_m-Inlandflüge-LBS_MH01-001274.tif	Commons:WikiProject Aviation/recent uploads/2016 December 15/Overflow 1	Sémhur	2017-02-23T17:29:48Z
1356	ETH-BIB-Aiguille_du_Tour,_Aiguille_du_Chardonnet,_Aiguille_d'Argentière,_Aiguille_de_Triolet_v._N._O._aus_5000_m-Inlandflüge-LBS_MH01-001272.tif	Commons:WikiProject Aviation/recent uploads/2016 December 15/Overflow 1	Sémhur	2017-02-23T17:29:48Z
1357	ETH-BIB-Zwillingsgletscher,_Castor,_Lyskamm_v._N._aus_5000_m-Inlandflüge-LBS_MH01-001014.tif	Commons:WikiProject Aviation/recent uploads/2016 December 15/Overflow 1	Sémhur	2017-02-23T17:29:48Z
1358	ETH-BIB-Mont_Blanc,_Mont_Maudit,_Alpes_de_Savoie,_Alpes_du_Dauphine_v._N._aus_5000_m-Inlandflüge-LBS_MH01-001271.tif	Commons:WikiProject Aviation/recent uploads/2016 December 15/Overflow 1	Sémhur	2017-02-23T17:29:48Z
1359	ETH-BIB-Aiguille_Verte,_Aiguille_du_Chardonnet,_Aiguille_d'Argentière,_Aiguille_Rouges,_Mont_Dolent_v._W._aus_4000_m-Inlandflüge-LBS_MH01-001276.tif	Commons:WikiProject Aviation/recent uploads/2016 December 15/Overflow 1	Sémhur	2017-02-23T17:29:48Z
1360	ETH-BIB-Glarus_aus_1000_m-Inlandflüge-LBS_MH01-001283.tif	Commons:WikiProject Aviation/recent uploads/2016 December 15/Overflow 1	Sémhur	2017-02-23T17:29:48Z
1361	ETH-BIB-Mont_Blanc,_Mont_Maudit,_Mont_Blanc_du_Tacul,_Dôme_du_Goûter_v._N._aus_5000_m-Inlandflüge-LBS_MH01-001273.tif	Commons:WikiProject Aviation/recent uploads/2016 December 15/Overflow 1	Sémhur	2017-02-23T17:29:48Z
1362	ETH-BIB-Mischabelkette,_Rimpfischhorn,_Berneralpen_v._S._aus_5000_m-Inlandflüge-LBS_MH01-001013.tif	Commons:WikiProject Aviation/recent uploads/2016 December 15/Overflow 1	Sémhur	2017-02-23T17:29:48Z
1363	ETH-BIB-Rheinfelden_v._S._aus_800_m-Inlandflüge-LBS_MH01-001277.tif	Commons:WikiProject Aviation/recent uploads/2016 December 15/Overflow 1	Sémhur	2017-02-23T17:29:48Z
1364	ETH-BIB-Titlis,_Trüebsee,_Fleckistock-Inlandflüge-LBS_MH01-001278.tif	Commons:WikiProject Aviation/recent uploads/2016 December 15/Overflow 1	Sémhur	2017-02-23T17:29:48Z
1365	ETH-BIB-Castor,_Pollux,_Zwillingsgletscher_v._N._aus_5000_m-Inlandflüge-LBS_MH01-001019.tif	Commons:WikiProject Aviation/recent uploads/2016 December 15/Overflow 1	Sémhur	2017-02-23T17:29:48Z
1366	ETH-BIB-Liskamm,_Grenzgletscher_v._N._aus_5000_m-Inlandflüge-LBS_MH01-001018.tif	Commons:WikiProject Aviation/recent uploads/2016 December 15/Overflow 1	Sémhur	2017-02-23T17:29:48Z
1367	ETH-BIB-Turgi,_Untersiggenthal,_Limmat,_Siggingen_v._S._aus_800_m-Inlandflüge-LBS_MH01-001284.tif	Commons:WikiProject Aviation/recent uploads/2016 December 15/Overflow 1	Sémhur	2017-02-23T17:29:48Z
1368	ETH-BIB-Laufenburg-Inlandflüge-LBS_MH01-001285.tif	Commons:WikiProject Aviation/recent uploads/2016 December 15/Overflow 1	Sémhur	2017-02-23T17:29:48Z
1369	ETH-BIB-La_Chaux-de-Fonds,_Detail_aus_500_m-Inlandflüge-LBS_MH01-001281.tif	Commons:WikiProject Aviation/recent uploads/2016 December 15/Overflow 1	Sémhur	2017-02-23T17:29:48Z
1370	ETH-BIB-Dom,_Lenzspitze_v._S._aus_5000_m-Inlandflüge-LBS_MH01-001023.tif	Commons:WikiProject Aviation/recent uploads/2016 December 15/Overflow 1	Sémhur	2017-02-23T17:29:48Z
1371	ETH-BIB-Rheinfelden,_Robersten,_Kraftübertragungswerke,_Deutschland_v._S._aus_800_m-Inlandflüge-LBS_MH01-001289.tif	Commons:WikiProject Aviation/recent uploads/2016 December 15/Overflow 1	Sémhur	2017-02-23T17:29:48Z
1372	ETH-BIB-Aletschhorn,_Mittelaletschgletscher_aus_5000_m-Inlandflüge-LBS_MH01-001027.tif	Commons:WikiProject Aviation/recent uploads/2016 December 15/Overflow 1	Sémhur	2017-02-23T17:29:48Z
1373	ETH-BIB-Säckingen_(Grossherzogtum_Baden)_v._S._aus_600_m-Inlandflüge-LBS_MH01-001290.tif	Commons:WikiProject Aviation/recent uploads/2016 December 15/Overflow 1	Sémhur	2017-02-23T17:29:48Z
1374	ETH-BIB-Visp,_Bietschhorn,_Balmhorn,_Blümlisalp_v._S.-Inlandflüge-LBS_MH01-001029.tif	Commons:WikiProject Aviation/recent uploads/2016 December 15/Overflow 1	Sémhur	2017-02-23T17:29:48Z
1375	ETH-BIB-Laufenburg,_Kraftwerk_am_Rhein,_Staubecken_v._S._aus_800_m-Inlandflüge-LBS_MH01-001295.tif	Commons:WikiProject Aviation/recent uploads/2016 December 15/Overflow 1	Sémhur	2017-02-23T17:29:48Z
1376	ETH-BIB-Laufenburg_mit_EW_im_Nebel_v._S._W._aus_1000_m-Inlandflüge-LBS_MH01-001291.tif	Commons:WikiProject Aviation/recent uploads/2016 December 15/Overflow 1	Sémhur	2017-02-23T17:29:48Z
1377	ETH-BIB-Basel,_Übersicht_v._S._aus_800_m-Inlandflüge-LBS_MH01-001299-AL.tif	Commons:WikiProject Aviation/recent uploads/2016 December 15/Overflow 1	Sémhur	2017-02-23T17:29:48Z
1378	ETH-BIB-Säckingen_(Grossherzogtum_Baden)_v._S._O._aus_400_m-Inlandflüge-LBS_MH01-001292.tif	Commons:WikiProject Aviation/recent uploads/2016 December 15/Overflow 1	Sémhur	2017-02-23T17:29:48Z
1379	ETH-BIB-Basel,_Altstadt_mit_Rheinbrücken_aus_600_m-Inlandflüge-LBS_MH01-001300.tif	Commons:WikiProject Aviation/recent uploads/2016 December 15/Overflow 1	Sémhur	2017-02-23T17:29:48Z
1380	ETH-BIB-Klus,_Balsthal_v._S._aus_1500_m-Inlandflüge-LBS_MH01-000817.tif	Commons:WikiProject Aviation/recent uploads/2016 December 15/Overflow 1	Sémhur	2017-02-23T17:29:48Z
1381	ETH-BIB-Basel,_Ostquartier,_Birsfelden_v._S._W.-Inlandflüge-LBS_MH01-001304.tif	Commons:WikiProject Aviation/recent uploads/2016 December 15/Overflow 1	Sémhur	2017-02-23T17:29:48Z
1382	ETH-BIB-Geissberg,_Villigen,_Böttstein,_Döttingen,_Beznau_v._S._aus_1000_m-Inlandflüge-LBS_MH01-001296.tif	Commons:WikiProject Aviation/recent uploads/2016 December 15/Overflow 1	Sémhur	2017-02-23T17:29:48Z
1383	ETH-BIB-Baden,_Gesamtansicht_v._S._aus_600_m-Inlandflüge-LBS_MH01-001297.tif	Commons:WikiProject Aviation/recent uploads/2016 December 15/Overflow 1	Sémhur	2017-02-23T17:29:48Z
1384	ETH-BIB-Basel,_Altstadt_aus_500_m-Inlandflüge-LBS_MH01-001303.tif	Commons:WikiProject Aviation/recent uploads/2016 December 15/Overflow 1	Sémhur	2017-02-23T17:29:48Z
1385	ETH-BIB-Martigny,_Mont_Blanc_v._N._O._aus_4000_m-Inlandflüge-LBS_MH01-001043.tif	Commons:WikiProject Aviation/recent uploads/2016 December 15/Overflow 1	Sémhur	2017-02-23T17:29:48Z
1386	ETH-BIB-Basel,_Bahnhof_v._S._O._aus_400_m-Inlandflüge-LBS_MH01-001302.tif	Commons:WikiProject Aviation/recent uploads/2016 December 15/Overflow 1	Sémhur	2017-02-23T17:29:48Z
1387	ETH-BIB-Täschhorn,_Alphubel,_Allalinhorn,_Rimpfischhorn,_Strahlhorn_v._N._aus_4800_m-Inlandflüge-LBS_MH01-001040.tif	Commons:WikiProject Aviation/recent uploads/2016 December 15/Overflow 1	Sémhur	2017-02-23T17:29:48Z
1388	ETH-BIB-Basel,_Kleinbasel_aus_600_m-Inlandflüge-LBS_MH01-001305.tif	Commons:WikiProject Aviation/recent uploads/2016 December 15/Overflow 1	Sémhur	2017-02-23T17:29:48Z
1389	ETH-BIB-Monte_Rosa_und_Lyskamm,_Grenzgletscher,_Gornergletscher,_Zwillingsgletscher_v._N._W.-Inlandflüge-LBS_MH01-001044.tif	Commons:WikiProject Aviation/recent uploads/2016 December 15/Overflow 1	Sémhur	2017-02-23T17:29:48Z
1390	ETH-BIB-Basel,_Gesamtansicht_v._S._O._aus_600_m-Inlandflüge-LBS_MH01-001301.tif	Commons:WikiProject Aviation/recent uploads/2016 December 15/Overflow 1	Sémhur	2017-02-23T17:29:48Z
1391	ETH-BIB-Basel_v._S._O._aus_600_m-Inlandflüge-LBS_MH01-001306.tif	Commons:WikiProject Aviation/recent uploads/2016 December 15/Overflow 1	Sémhur	2017-02-23T17:29:48Z
1392	ETH-BIB-Basel,_Zentrum_aus_500_m-Inlandflüge-LBS_MH01-001309.tif	Commons:WikiProject Aviation/recent uploads/2016 December 15/Overflow 1	Sémhur	2017-02-23T17:29:48Z
1393	ETH-BIB-Bellinzona_v._S._aus_1000_m-Inlandflüge-LBS_MH01-001310.tif	Commons:WikiProject Aviation/recent uploads/2016 December 15/Overflow 1	Sémhur	2017-02-23T17:29:48Z
1394	ETH-BIB-Bellinzona,_Carasso,_Arbedo-Inlandflüge-LBS_MH01-001311.tif	Commons:WikiProject Aviation/recent uploads/2016 December 15/Overflow 1	Sémhur	2017-02-23T17:29:48Z
1395	ETH-BIB-Locarno_aus_700_m-Inlandflüge-LBS_MH01-001315.tif	Commons:WikiProject Aviation/recent uploads/2016 December 15/Overflow 1	Sémhur	2017-02-23T17:29:48Z
1396	ETH-BIB-Matterhorn,_Zmuttgletscher,_Fruggrat,_Dent,_d'Hérens-Inlandflüge-LBS_MH01-001057.tif	Commons:WikiProject Aviation/recent uploads/2016 December 15/Overflow 1	Sémhur	2017-02-23T17:29:48Z
1397	ETH-BIB-Minusio_v._S.-Inlandflüge-LBS_MH01-001313.tif	Commons:WikiProject Aviation/recent uploads/2016 December 15/Overflow 1	Sémhur	2017-02-23T17:29:48Z
1398	ETH-BIB-Monte_Generoso,_Albergo_v._W._aus_1800_m-Inlandflüge-LBS_MH01-001318.tif	Commons:WikiProject Aviation/recent uploads/2016 December 15/Overflow 1	Sémhur	2017-02-23T17:29:48Z
1399	ETH-BIB-Locarno,_Madonna_del_Sasso_v._S._W._aus_600_m-Inlandflüge-LBS_MH01-001316.tif	Commons:WikiProject Aviation/recent uploads/2016 December 15/Overflow 1	Sémhur	2017-02-23T17:29:48Z
1400	ETH-BIB-Monto_Generoso,_Spannseile_und_Tragfläche_im_Bild_aus_1800_m-Inlandflüge-LBS_MH01-001319.tif	Commons:WikiProject Aviation/recent uploads/2016 December 15/Overflow 1	Sémhur	2017-02-23T17:29:48Z
1401	ETH-BIB-Häfeli_DH-3_M_IIIa,_CH-549_über_Magadinoebene,_Cugnasco_aus_600_m-Inlandflüge-LBS_MH01-001324.tif	Commons:WikiProject Aviation/recent uploads/2016 December 15/Overflow 1	Sémhur	2017-02-23T17:29:48Z
1402	ETH-BIB-Häfeli_DH-3a_der_Schweizer_Luftwaffe_über_Locarno_aus_400_m-Inlandflüge-LBS_MH01-001320.tif	Commons:WikiProject Aviation/recent uploads/2016 December 15/Overflow 1	Sémhur	2017-02-23T17:29:48Z
1403	ETH-BIB-Tour_d'Aï,_Tour_de_Mayen_v._S._O._aus_3000_m-Inlandflüge-LBS_MH01-001063.tif	Commons:WikiProject Aviation/recent uploads/2016 December 15/Overflow 1	Sémhur	2017-02-23T17:29:48Z
1404	ETH-BIB-Häfeli_DH-3_M_IIIa,_CH-549_über_Magadinoebene-Inlandflüge-LBS_MH01-001323.tif	Commons:WikiProject Aviation/recent uploads/2016 December 15/Overflow 1	Sémhur	2017-02-23T17:29:48Z
1405	ETH-BIB-Les_Diablerets,_Pas_de_Cheville,_Haut_de_Cry-Inlandflüge-LBS_MH01-001061.tif	Commons:WikiProject Aviation/recent uploads/2016 December 15/Overflow 1	Sémhur	2017-02-23T17:29:48Z
1406	ETH-BIB-Cugnasco,_Val_di_Cugnasco,_Cima_dell'Uomo,_Häfeli_DH-3_(M_IIIa)_aus_800_m-Inlandflüge-LBS_MH01-001322.tif	Commons:WikiProject Aviation/recent uploads/2016 December 15/Overflow 1	Sémhur	2017-02-23T17:29:48Z
1407	ETH-BIB-Contra_mit_Häfeli_DH-3_M_IIIa,_CH-549,_Pizzo_di_Vogorno,_Val_Verzasca_v._S.-Inlandflüge-LBS_MH01-001321.tif	Commons:WikiProject Aviation/recent uploads/2016 December 15/Overflow 1	Sémhur	2017-02-23T17:29:48Z
1408	ETH-BIB-Häfeli_DH-3_M_IIIa,_CH-549,_Cima_di_Sassello,_Vall_della_Pesta_Sassariente-Inlandflüge-LBS_MH01-001327.tif	Commons:WikiProject Aviation/recent uploads/2016 December 15/Overflow 1	Sémhur	2017-02-23T17:29:48Z
1409	ETH-BIB-Locarno_v._S._aus_800_m-Inlandflüge-LBS_MH01-001070.tif	Commons:WikiProject Aviation/recent uploads/2016 December 15/Overflow 1	Sémhur	2017-02-23T17:29:48Z
1410	ETH-BIB-Monte_Bré,_Monte_Boglia_aus_1000_m-Inlandflüge-LBS_MH01-001330.tif	Commons:WikiProject Aviation/recent uploads/2016 December 15/Overflow 1	Sémhur	2017-02-23T17:29:48Z
1411	ETH-BIB-Häfeli_DH-3_M_IIIa,_CH-549,_Cima_di_Sassello,_Cima_dell'Uomo_v._S.-Inlandflüge-LBS_MH01-001326.tif	Commons:WikiProject Aviation/recent uploads/2016 December 15/Overflow 1	Sémhur	2017-02-23T17:29:48Z
1412	ETH-BIB-Flugzeug_über_der_Magadinoebene,_Gaggiolo_aus_1000_m-Inlandflüge-LBS_MH01-001328-AL.tif	Commons:WikiProject Aviation/recent uploads/2016 December 15/Overflow 1	Sémhur	2017-02-23T17:29:48Z
1413	ETH-BIB-Häfeli_DH-3_M_IIIa,_CH-549_über_Sopra_Ceneri-Inlandflüge-LBS_MH01-001329.tif	Commons:WikiProject Aviation/recent uploads/2016 December 15/Overflow 1	Sémhur	2017-02-23T17:29:48Z
1414	ETH-BIB-Val_di_Serdena,_Pizzo_Camoghè,_Monte_Gazzirola_v._W.-Inlandflüge-LBS_MH01-001332.tif	Commons:WikiProject Aviation/recent uploads/2016 December 15/Overflow 1	Sémhur	2017-02-23T17:29:48Z
1415	ETH-BIB-Monte_Bré,_Aldesago,_Luganersee_aus_1200_m-Inlandflüge-LBS_MH01-001331.tif	Commons:WikiProject Aviation/recent uploads/2016 December 15/Overflow 1	Sémhur	2017-02-23T17:29:48Z
1416	ETH-BIB-Monte_Bré,_Aldesago-Inlandflüge-LBS_MH01-001075.tif	Commons:WikiProject Aviation/recent uploads/2016 December 15/Overflow 1	Sémhur	2017-02-23T17:29:48Z
1417	ETH-BIB-Maggia-Delta,_Ascona,_Lago_Maggiore_v._N._O._aus_1500_m-Inlandflüge-LBS_MH01-001074.tif	Commons:WikiProject Aviation/recent uploads/2016 December 15/Overflow 1	Sémhur	2017-02-23T17:29:48Z
1418	ETH-BIB-Arosio,_Mugena,_Vezio,_Breno,_Cresta_del_Confine_v._O._aus_1500_m-Inlandflüge-LBS_MH01-001335.tif	Commons:WikiProject Aviation/recent uploads/2016 December 15/Overflow 1	Sémhur	2017-02-23T17:29:48Z
1419	ETH-BIB-Mondacce,_Reggia-Contra,_Gordemo,_Val_Verzasca-Inlandflüge-LBS_MH01-001334.tif	Commons:WikiProject Aviation/recent uploads/2016 December 15/Overflow 1	Sémhur	2017-02-23T17:29:48Z
1420	ETH-BIB-Monte_Ceneri,_Monte_Tamaro_aus_1500_m-Inlandflüge-LBS_MH01-001333.tif	Commons:WikiProject Aviation/recent uploads/2016 December 15/Overflow 1	Sémhur	2017-02-23T17:29:48Z
1421	ETH-BIB-Rigi_mit_Nebelmeer,_Pilatus-Inlandflüge-LBS_MH01-001338.tif	Commons:WikiProject Aviation/recent uploads/2016 December 15/Overflow 1	Sémhur	2017-02-23T17:29:48Z
1422	ETH-BIB-Rheinwaldhorn,_Güferhorn,_Hinterrheintal_v._W._aus_4000_m-Inlandflüge-LBS_MH01-001084.tif	Commons:WikiProject Aviation/recent uploads/2016 December 15/Overflow 1	Sémhur	2017-02-23T17:29:48Z
1423	ETH-BIB-Krönte,_Spannort,_Schlossberglücke,_Engelbergertal_v._O._aus_3500_m-Inlandflüge-LBS_MH01-001337.tif	Commons:WikiProject Aviation/recent uploads/2016 December 15/Overflow 1	Sémhur	2017-02-23T17:29:48Z
1424	ETH-BIB-Lugano,_Dampfschiff_v._S._W._aus_500_m-Inlandflüge-LBS_MH01-001340.tif	Commons:WikiProject Aviation/recent uploads/2016 December 15/Overflow 1	Sémhur	2017-02-23T17:29:48Z
1425	ETH-BIB-Fronalpstock,_Mythen,_Riemenstaldertal_v._S._aus_2800_m-Inlandflüge-LBS_MH01-001339.tif	Commons:WikiProject Aviation/recent uploads/2016 December 15/Overflow 1	Sémhur	2017-02-23T17:29:48Z
1426	ETH-BIB-Lugano,_Paradiso_v._S._W._aus_500_m-Inlandflüge-LBS_MH01-001341.tif	Commons:WikiProject Aviation/recent uploads/2016 December 15/Overflow 1	Sémhur	2017-02-23T17:29:48Z
1427	ETH-BIB-Rheinwaldhorn,_Val_Soi_v._W._aus_4000_m-Inlandflüge-LBS_MH01-001081.tif	Commons:WikiProject Aviation/recent uploads/2016 December 15/Overflow 1	Sémhur	2017-02-23T17:29:48Z
1428	ETH-BIB-San_Salvatore,_Lago_di_Muzzano_v._S._O._aus_1000_m-Inlandflüge-LBS_MH01-001343.tif	Commons:WikiProject Aviation/recent uploads/2016 December 15/Overflow 1	Sémhur	2017-02-23T17:29:48Z
1429	ETH-BIB-Bellinzona,_Castelli-Inlandflüge-LBS_MH01-001342.tif	Commons:WikiProject Aviation/recent uploads/2016 December 15/Overflow 1	Sémhur	2017-02-23T17:29:48Z
1430	ETH-BIB-Dents_du_Midi_und_das_Mont_Blanc_Massiv_v._N._aus_4000_m-Inlandflüge-LBS_MH01-001090-AL.tif	Commons:WikiProject Aviation/recent uploads/2016 December 15/Overflow 1	Sémhur	2017-02-23T17:29:48Z
1431	ETH-BIB-Langensee,_Locarno,_Ebene_von_Magadino,_Flückiger,_Otto-_Die_Schweiz_aus_der_Vogelschau._Erlenbach-Zürich_-_Eugen_Rentsch,_1926,_Abbildungs-Nr._xx,_Gordola,_Centovalli-Inlandflüge-LBS_MH01-001347.tif	Commons:WikiProject Aviation/recent uploads/2016 December 15/Overflow 1	Sémhur	2017-02-23T17:29:48Z
1432	ETH-BIB-Carona,_Ciona,_Carabbia,_San_Salvatore,_Lugano_v._S._aus_1000_m-Inlandflüge-LBS_MH01-001346.tif	Commons:WikiProject Aviation/recent uploads/2016 December 15/Overflow 1	Sémhur	2017-02-23T17:29:48Z
1433	ETH-BIB-Meiental,_Sustenhorn,_Wendenstöcke-Inlandflüge-LBS_MH01-001348.tif	Commons:WikiProject Aviation/recent uploads/2016 December 15/Overflow 1	Sémhur	2017-02-23T17:29:48Z
1434	ETH-BIB-Lausannne,_Mont_Repos_aus_400_m-Inlandflüge-LBS_MH01-001350.tif	Commons:WikiProject Aviation/recent uploads/2016 December 15/Overflow 1	Sémhur	2017-02-23T17:29:48Z
1435	ETH-BIB-Pizzo_di_Claro,_Val_Claro-Inlandflüge-LBS_MH01-001354.tif	Commons:WikiProject Aviation/recent uploads/2016 December 15/Overflow 1	Sémhur	2017-02-23T17:29:48Z
1436	ETH-BIB-Piz_Varuna,_Poschiavo_aus_5000_m-Inlandflüge-LBS_MH01-000872.tif	Commons:WikiProject Aviation/recent uploads/2016 December 15/Overflow 1	Sémhur	2017-02-23T17:29:48Z
1437	ETH-BIB-Oberalpsee,_Piz_Giuv,_Rheintal,_Oberalpstock,_Tödi_v._S._W._aus_3500_m-Inlandflüge-LBS_MH01-001351.tif	Commons:WikiProject Aviation/recent uploads/2016 December 15/Overflow 1	Sémhur	2017-02-23T17:29:48Z
1438	ETH-BIB-Oberalpsee,_Rheintal,_Tödi_v._S._W._aus_3500_m-Inlandflüge-LBS_MH01-001352.tif	Commons:WikiProject Aviation/recent uploads/2016 December 15/Overflow 1	Sémhur	2017-02-23T17:29:48Z
1439	ETH-BIB-Mürtschenstock,_Spitzmeilen,_Graue_Hörner_v._N._aus_3200_m-Inlandflüge-LBS_MH01-001358.tif	Commons:WikiProject Aviation/recent uploads/2016 December 15/Overflow 1	Sémhur	2017-02-23T17:29:48Z
1440	ETH-BIB-Elm,_Vorab,_Panixerpass_v._N._aus_3600_m-Inlandflüge-LBS_MH01-001357.tif	Commons:WikiProject Aviation/recent uploads/2016 December 15/Overflow 1	Sémhur	2017-02-23T17:29:48Z
1441	ETH-BIB-Mont_Blanc_Gipfel_von_Norden,_Glacier_des_Taconnaz_und_Glacier_des_Bossons_v._N._aus_4800_m-Inlandflüge-LBS_MH01-001108.tif	Commons:WikiProject Aviation/recent uploads/2016 December 15/Overflow 1	Sémhur	2017-02-23T17:29:48Z
1442	ETH-BIB-Passo_del_San_Bernardino-San_Bernardino_Pass,_Pizzo_Uccello,_Pizzo_dall_Lumbreda-Inlandflüge-LBS_MH01-001356.tif	Commons:WikiProject Aviation/recent uploads/2016 December 15/Overflow 1	Sémhur	2017-02-23T17:29:48Z
1443	ETH-BIB-Mürtschenstock,_Walensee,_Walenstadt,_Alvier,_Sichelkamm_v._S._W._aus_3200_m-Inlandflüge-LBS_MH01-001360.tif	Commons:WikiProject Aviation/recent uploads/2016 December 15/Overflow 1	Sémhur	2017-02-23T17:29:48Z
1444	ETH-BIB-Mürtschenstock_v._W._aus_2800_m-Inlandflüge-LBS_MH01-001359.tif	Commons:WikiProject Aviation/recent uploads/2016 December 15/Overflow 1	Sémhur	2017-02-23T17:29:48Z
1445	ETH-BIB-Foo,_Riesetenpass,_Graue_Hörner_v._W._aus_3600_m-Inlandflüge-LBS_MH01-001363.tif	Commons:WikiProject Aviation/recent uploads/2016 December 15/Overflow 1	Sémhur	2017-02-23T17:29:48Z
1446	ETH-BIB-Piz_Sardona,_Piz_Segnes,_Calfeisental,_Ringelspitz,_Bündneralpen_v._W._aus_3200_m-Inlandflüge-LBS_MH01-001361.tif	Commons:WikiProject Aviation/recent uploads/2016 December 15/Overflow 1	Sémhur	2017-02-23T17:29:48Z
1447	ETH-BIB-Elm,_Vorab,_Sernftal_v._N._aus_3500_m-Inlandflüge-LBS_MH01-001362.tif	Commons:WikiProject Aviation/recent uploads/2016 December 15/Overflow 1	Sémhur	2017-02-23T17:29:48Z
1448	ETH-BIB-Valsertal,_Zervreila_(Vals),_Rheinwaldhorn_v._N._O._aus_4000_m-Inlandflüge-LBS_MH01-001365.tif	Commons:WikiProject Aviation/recent uploads/2016 December 15/Overflow 1	Sémhur	2017-02-23T17:29:48Z
1449	ETH-BIB-Piz_Sardona,_Calfeisental,_Graue_Hörner,_Ringelspitz_v._W._aus_3600_m-Inlandflüge-LBS_MH01-001364.tif	Commons:WikiProject Aviation/recent uploads/2016 December 15/Overflow 1	Sémhur	2017-02-23T17:29:48Z
1450	ETH-BIB-Lumnezia,_Peiden,_Duvin,_Furth_v._N._O._aus_4000_m-Inlandflüge-LBS_MH01-001367.tif	Commons:WikiProject Aviation/recent uploads/2016 December 15/Overflow 1	Sémhur	2017-02-23T17:29:48Z
1451	ETH-BIB-Safien-Platz,_Piz_Beverin,_Thusis,_Albulatal_v._W._aus_4000_m-Inlandflüge-LBS_MH01-001370.tif	Commons:WikiProject Aviation/recent uploads/2016 December 15/Overflow 1	Sémhur	2017-02-23T17:29:48Z
1452	ETH-BIB-Piz_Radun,_Safiental,_Thusis,_Plangghorn,_Albula_v._W._aus_4000_m-Inlandflüge-LBS_MH01-001368.tif	Commons:WikiProject Aviation/recent uploads/2016 December 15/Overflow 1	Sémhur	2017-02-23T17:29:48Z
1453	ETH-BIB-Lumnezia,_Peiden,_Camuns,_Obercastels,_Furth_v._N._O._aus_4000_m-Inlandflüge-LBS_MH01-001366.tif	Commons:WikiProject Aviation/recent uploads/2016 December 15/Overflow 1	Sémhur	2017-02-23T17:29:48Z
1454	ETH-BIB-Piz_Aul,_Piz_Terri,_Piz_Medel,_Medelsergruppe_v._N._O._aus_4000_m-Inlandflüge-LBS_MH01-001369.tif	Commons:WikiProject Aviation/recent uploads/2016 December 15/Overflow 1	Sémhur	2017-02-23T17:29:48Z
1455	ETH-BIB-Reichenau,_Chur,_Arosa_v._W._aus_3600_m-Inlandflüge-LBS_MH01-001374.tif	Commons:WikiProject Aviation/recent uploads/2016 December 15/Overflow 1	Sémhur	2017-02-23T17:29:48Z
1456	ETH-BIB-Foopass,_Calfeisental,_Graue_Hörner_v._W._aus_3500_m-Inlandflüge-LBS_MH01-001372.tif	Commons:WikiProject Aviation/recent uploads/2016 December 15/Overflow 1	Sémhur	2017-02-23T17:29:48Z
1457	ETH-BIB-Luganersee,_Val_d'Agno,_Monte_Bigorio,_Sotto-Cenere,_Monte_Generoso-Inlandflüge-LBS_MH01-001373.tif	Commons:WikiProject Aviation/recent uploads/2016 December 15/Overflow 1	Sémhur	2017-02-23T17:29:48Z
1458	ETH-BIB-Valsertal,_Vals-Platz,_Chilchalphorn,_Rheinwaldhorn_v._N._O._aus_4000_m-Inlandflüge-LBS_MH01-001371.tif	Commons:WikiProject Aviation/recent uploads/2016 December 15/Overflow 1	Sémhur	2017-02-23T17:29:48Z
1459	ETH-BIB-Hinterrheintal,_Nufenen,_Splügen,_Rofnaschlucht_v._W._aus_4000_m-Inlandflüge-LBS_MH01-001380.tif	Commons:WikiProject Aviation/recent uploads/2016 December 15/Overflow 1	Sémhur	2017-02-23T17:29:48Z
1460	ETH-BIB-Flims,_Waldhaus_Flims,_Reichenau_v._W._aus_4000_m-Inlandflüge-LBS_MH01-001377.tif	Commons:WikiProject Aviation/recent uploads/2016 December 15/Overflow 1	Sémhur	2017-02-23T17:29:48Z
1461	ETH-BIB-Safierberg,_Alperschällihorn,_Weisshorn,_Rofna-Schlucht_v._W._aus_4000_m-Inlandflüge-LBS_MH01-001378.tif	Commons:WikiProject Aviation/recent uploads/2016 December 15/Overflow 1	Sémhur	2017-02-23T17:29:48Z
1462	ETH-BIB-Hinterrheintal_von_Nufenen_zur_Roflaschlucht,_Splügenstrasse,_Piz_Platta_v._W._aus_4000_m-Inlandflüge-LBS_MH01-001376.tif	Commons:WikiProject Aviation/recent uploads/2016 December 15/Overflow 1	Sémhur	2017-02-23T17:29:48Z
1463	ETH-BIB-Fletschhorn,_Weissmies,_Saastal_v._N._aus_4000_m-Inlandflüge-LBS_MH01-001127.tif	Commons:WikiProject Aviation/recent uploads/2016 December 15/Overflow 1	Sémhur	2017-02-23T17:29:48Z
1464	ETH-BIB-Zervreila_(Vals),_Güferhorn,_Vernokhörner,_Gotthardgebiet_v._O._aus_4000_m-Inlandflüge-LBS_MH01-001379.tif	Commons:WikiProject Aviation/recent uploads/2016 December 15/Overflow 1	Sémhur	2017-02-23T17:29:48Z
1465	ETH-BIB-Wetzikon-Inlandflüge-LBS_MH01-001388.tif	Commons:WikiProject Aviation/recent uploads/2016 December 15/Overflow 1	Sémhur	2017-02-23T17:29:48Z
1466	ETH-BIB-Rüti_v._S._W._aus_300_m-Inlandflüge-LBS_MH01-001383.tif	Commons:WikiProject Aviation/recent uploads/2016 December 15/Overflow 1	Sémhur	2017-02-23T17:29:48Z
1467	ETH-BIB-Uster_v._N._W._aus_300_m-Inlandflüge-LBS_MH01-001386.tif	Commons:WikiProject Aviation/recent uploads/2016 December 15/Overflow 1	Sémhur	2017-02-23T17:29:48Z
1468	ETH-BIB-Basel_mit_Gegend_nordöstlich_Basels_aus_400_m-Inlandflüge-LBS_MH01-001395.tif	Commons:WikiProject Aviation/recent uploads/2016 December 15/Overflow 1	Sémhur	2017-02-23T17:29:48Z
1469	ETH-BIB-Uster-Inlandflüge-LBS_MH01-001390.tif	Commons:WikiProject Aviation/recent uploads/2016 December 15/Overflow 1	Sémhur	2017-02-23T17:29:48Z
1470	ETH-BIB-Laupen,_Zürcher-Höhenklinik-Inlandflüge-LBS_MH01-001140.tif	Commons:WikiProject Aviation/recent uploads/2016 December 15/Overflow 1	Sémhur	2017-02-23T17:29:48Z
1471	ETH-BIB-Basel,_Übersicht,_Schwarzwald_aus_1000_m-Inlandflüge-LBS_MH01-001394.tif	Commons:WikiProject Aviation/recent uploads/2016 December 15/Overflow 1	Sémhur	2017-02-23T17:29:48Z
1472	ETH-BIB-Klein-Basel,_Weil,_Lörrach,_Badischer_Bahnhof_aus_800_m-Inlandflüge-LBS_MH01-001393.tif	Commons:WikiProject Aviation/recent uploads/2016 December 15/Overflow 1	Sémhur	2017-02-23T17:29:48Z
1473	ETH-BIB-Engelbergeralpen,_Trüebsee,_Graustock,_Eiger_v._N._O._aus_4000_m-Inlandflüge-LBS_MH01-001137.tif	Commons:WikiProject Aviation/recent uploads/2016 December 15/Overflow 1	Sémhur	2017-02-23T17:29:48Z
1474	ETH-BIB-Uster,_Bahnhofquartier_aus_300_m-Inlandflüge-LBS_MH01-001391.tif	Commons:WikiProject Aviation/recent uploads/2016 December 15/Overflow 1	Sémhur	2017-02-23T17:29:48Z
1475	ETH-BIB-Bühler,_Stasse_nach_Speicher_aus_1200_m-Inlandflüge-LBS_MH01-001145.tif	Commons:WikiProject Aviation/recent uploads/2016 December 15/Overflow 1	Sémhur	2017-02-23T17:29:48Z
1476	ETH-BIB-Hegnau-Inlandflüge-LBS_MH01-001392.tif	Commons:WikiProject Aviation/recent uploads/2016 December 15/Overflow 1	Sémhur	2017-02-23T17:29:48Z
1477	ETH-BIB-Hoher_Kasten,_Kamor_v._S._W._aus_3200_m-Inlandflüge-LBS_MH01-001150.tif	Commons:WikiProject Aviation/recent uploads/2016 December 15/Overflow 1	Sémhur	2017-02-23T17:29:48Z
1478	ETH-BIB-Basel,_Bell-Fabrik-Inlandflüge-LBS_MH01-001397.tif	Commons:WikiProject Aviation/recent uploads/2016 December 15/Overflow 1	Sémhur	2017-02-23T17:29:48Z
1479	ETH-BIB-Basel,_Birsfelden,_Birsmündung,_Badischer_Bahnhof_aus_200_m-Inlandflüge-LBS_MH01-001400.tif	Commons:WikiProject Aviation/recent uploads/2016 December 15/Overflow 1	Sémhur	2017-02-23T17:29:48Z
1480	ETH-BIB-Basel,_Rheinbogen,_Birsfelden,_Spannseile_im_Bild_aus_800_m-Inlandflüge-LBS_MH01-001399.tif	Commons:WikiProject Aviation/recent uploads/2016 December 15/Overflow 1	Sémhur	2017-02-23T17:29:48Z
1481	ETH-BIB-Basel-Gaswerk,_Kaserne_aus_300_m-Inlandflüge-LBS_MH01-001398.tif	Commons:WikiProject Aviation/recent uploads/2016 December 15/Overflow 1	Sémhur	2017-02-23T17:29:48Z
1482	ETH-BIB-Basel,_Altstadt,_Münster_und_Rheibrücken_aus_300_m-Inlandflüge-LBS_MH01-001405.tif	Commons:WikiProject Aviation/recent uploads/2016 December 15/Overflow 1	Sémhur	2017-02-23T17:29:48Z
1483	ETH-BIB-Säntisgipfel,_Öhrli_v._S._aus_3000_m-Inlandflüge-LBS_MH01-001151.tif	Commons:WikiProject Aviation/recent uploads/2016 December 15/Overflow 1	Sémhur	2017-02-23T17:29:48Z
1484	ETH-BIB-Basel,_Ostquartier,_Birsfelden_aus_500_m-Inlandflüge-LBS_MH01-001403.tif	Commons:WikiProject Aviation/recent uploads/2016 December 15/Overflow 1	Sémhur	2017-02-23T17:29:48Z
1485	ETH-BIB-Basel,_Tragfläche_im_Bild,_Rheinbogen,_Riehen_v._S._W._aus_900_m-Inlandflüge-LBS_MH01-001402.tif	Commons:WikiProject Aviation/recent uploads/2016 December 15/Overflow 1	Sémhur	2017-02-23T17:29:48Z
1486	ETH-BIB-Basel,_Übersicht_v._S._W._aus_700_m-Inlandflüge-LBS_MH01-001401.tif	Commons:WikiProject Aviation/recent uploads/2016 December 15/Overflow 1	Sémhur	2017-02-23T17:29:48Z
1487	ETH-BIB-Basel-Gaswerk,_Fabriken,_Wiese-Mündung_aus_200_m-Inlandflüge-LBS_MH01-001404.tif	Commons:WikiProject Aviation/recent uploads/2016 December 15/Overflow 1	Sémhur	2017-02-23T17:29:48Z
1488	ETH-BIB-Court,_Graitery,_Moutier,_Schelten,_Gänsbrunnertal_v._W._aus_2200_m-Inlandflüge-LBS_MH01-001409.tif	Commons:WikiProject Aviation/recent uploads/2016 December 15/Overflow 1	Sémhur	2017-02-23T17:29:48Z
1489	ETH-BIB-Basel,_Altstadt,_Münsterquartier,_Kleinbasel_aus_400_m-Inlandflüge-LBS_MH01-001406.tif	Commons:WikiProject Aviation/recent uploads/2016 December 15/Overflow 1	Sémhur	2017-02-23T17:29:48Z
1490	ETH-BIB-Moutier_v._N._O._aus_2000_m-Inlandflüge-LBS_MH01-001410.tif	Commons:WikiProject Aviation/recent uploads/2016 December 15/Overflow 1	Sémhur	2017-02-23T17:29:48Z
1491	ETH-BIB-Der_Kettenjura_bei_Court_und_Moutier,_Grenchenberg,_Mont_Raimeux_v._S._W._aus_2000_m-Inlandflüge-LBS_MH01-001408.tif	Commons:WikiProject Aviation/recent uploads/2016 December 15/Overflow 1	Sémhur	2017-02-23T17:29:48Z
1492	ETH-BIB-Mont_Raimeux,_Belprahon,_Grandval,_Trouée_de_Moutier,_Crémines,_La_Scheulte_v._W._aus_2000_m-Inlandflüge-LBS_MH01-001412.tif	Commons:WikiProject Aviation/recent uploads/2016 December 15/Overflow 1	Sémhur	2017-02-23T17:29:48Z
1493	ETH-BIB-Laufen,_Lochbrugg_v._S._W._aus_800_m-Inlandflüge-LBS_MH01-001415.tif	Commons:WikiProject Aviation/recent uploads/2016 December 15/Overflow 1	Sémhur	2017-02-23T17:29:48Z
1494	ETH-BIB-Court,_Graitery,_Moutier,_Le_Raimeux-Inlandflüge-LBS_MH01-001407.tif	Commons:WikiProject Aviation/recent uploads/2016 December 15/Overflow 1	Sémhur	2017-02-23T17:29:48Z
1495	ETH-BIB-Mer_de_Glace,_Grand_Jorasse,_Dent_du_Géant,_Col_du_Géant,_Aiguille_du_Tacul,_Aiguille_du_Chardonnet_v._N._aus_5000_m-Inlandflüge-LBS_MH01-001157.tif	Commons:WikiProject Aviation/recent uploads/2016 December 15/Overflow 1	Sémhur	2017-02-23T17:29:48Z
1496	ETH-BIB-Court,_Hasenmatt,_Gänsbrunnen,_Hauenstein_v._W._aus_2000_m-Inlandflüge-LBS_MH01-001413.tif	Commons:WikiProject Aviation/recent uploads/2016 December 15/Overflow 1	Sémhur	2017-02-23T17:29:48Z
1497	ETH-BIB-Rheinfall,_Neuhausen_v._W._aus_500_m-Inlandflüge-LBS_MH01-000929.tif	Commons:WikiProject Aviation/recent uploads/2016 December 15/Overflow 1	Sémhur	2017-02-23T17:29:48Z
1498	ETH-BIB-Moutier,_Belprahon,_Eschert,_Grandval,_Crémines_v._S._O._aus_2000_m-Inlandflüge-LBS_MH01-001411.tif	Commons:WikiProject Aviation/recent uploads/2016 December 15/Overflow 1	Sémhur	2017-02-23T17:29:48Z
1499	ETH-BIB-Trasadingen_aus_400_m-Inlandflüge-LBS_MH01-000938.tif	Commons:WikiProject Aviation/recent uploads/2016 December 15/Overflow 1	Sémhur	2017-02-23T17:29:48Z
1500	ETH-BIB-Laufen,_Lochbrugg_v._S._aus_600_m-Inlandflüge-LBS_MH01-001416.tif	Commons:WikiProject Aviation/recent uploads/2016 December 15/Overflow 1	Sémhur	2017-02-23T17:29:48Z
1501	ETH-BIB-Laufen_v._S._O._aus_500_m-Inlandflüge-LBS_MH01-001417.tif	Commons:WikiProject Aviation/recent uploads/2016 December 15/Overflow 1	Sémhur	2017-02-23T17:29:48Z
1502	ETH-BIB-Basel,_Gesamtansicht_v._S._W._aus_900_m-Inlandflüge-LBS_MH01-001419.tif	Commons:WikiProject Aviation/recent uploads/2016 December 15/Overflow 1	Sémhur	2017-02-23T17:29:48Z
1503	ETH-BIB-Rheinfelden,_E.W._Rheinfelden_aus_400_m-Inlandflüge-LBS_MH01-001418.tif	Commons:WikiProject Aviation/recent uploads/2016 December 15/Overflow 1	Sémhur	2017-02-23T17:29:48Z
1504	ETH-BIB-Basel,_Zentrum,_Westquartier_aus_500_m-Inlandflüge-LBS_MH01-001420.tif	Commons:WikiProject Aviation/recent uploads/2016 December 15/Overflow 1	Sémhur	2017-02-23T17:29:48Z
1505	ETH-BIB-Klein-Basel_v._S._O._aus_600_m-Inlandflüge-LBS_MH01-001421.tif	Commons:WikiProject Aviation/recent uploads/2016 December 15/Overflow 1	Sémhur	2017-02-23T17:29:48Z
1506	ETH-BIB-Basel,_Altstadt,_Zentrum,_Münster,_Kaserne_aus_500_m-Inlandflüge-LBS_MH01-001423.tif	Commons:WikiProject Aviation/recent uploads/2016 December 15/Overflow 1	Sémhur	2017-02-23T17:29:48Z
1507	ETH-BIB-Biel_v._S._aus_400_m-Inlandflüge-LBS_MH01-001424.tif	Commons:WikiProject Aviation/recent uploads/2016 December 15/Overflow 1	Sémhur	2017-02-23T17:29:48Z
1508	ETH-BIB-Biel,_Altstadt-Inlandflüge-LBS_MH01-001425.tif	Commons:WikiProject Aviation/recent uploads/2016 December 15/Overflow 1	Sémhur	2017-02-23T17:29:48Z
1509	ETH-BIB-Solothurn-Inlandflüge-LBS_MH01-001427.tif	Commons:WikiProject Aviation/recent uploads/2016 December 15/Overflow 1	Sémhur	2017-02-23T17:29:48Z
1510	ETH-BIB-Andelfingen,_Brücken_aus_300_m-Inlandflüge-LBS_MH01-000940.tif	Commons:WikiProject Aviation/recent uploads/2016 December 15/Overflow 1	Sémhur	2017-02-23T17:29:48Z
1511	ETH-BIB-Andelfingen,_Brücken-Inlandflüge-LBS_MH01-000942.tif	Commons:WikiProject Aviation/recent uploads/2016 December 15/Overflow 1	Sémhur	2017-02-23T17:29:48Z
1512	ETH-BIB-Solothurn_v._S._aus_300_m-Inlandflüge-LBS_MH01-001428.tif	Commons:WikiProject Aviation/recent uploads/2016 December 15/Overflow 1	Sémhur	2017-02-23T17:29:48Z
1513	ETH-BIB-Spitzmeilen,_Bündner_Alpen-Inlandflüge-LBS_MH01-001440.tif	Commons:WikiProject Aviation/recent uploads/2016 December 15/Overflow 1	Sémhur	2017-02-23T17:29:48Z
1514	ETH-BIB-Fägiswil,_Pilgerhof,_Pilgersteg_bei_Rüti-Inlandflüge-LBS_MH01-001435.tif	Commons:WikiProject Aviation/recent uploads/2016 December 15/Overflow 1	Sémhur	2017-02-23T17:29:48Z
1515	ETH-BIB-Rüti,_Teilansicht,_Seefeld,_Embru_Werke-Inlandflüge-LBS_MH01-001433.tif	Commons:WikiProject Aviation/recent uploads/2016 December 15/Overflow 1	Sémhur	2017-02-23T17:29:48Z
1516	ETH-BIB-Oberuster,_Uster_v._S._W._aus_400_m-Inlandflüge-LBS_MH01-001431.tif	Commons:WikiProject Aviation/recent uploads/2016 December 15/Overflow 1	Sémhur	2017-02-23T17:29:48Z
1517	ETH-BIB-Aathal_Seegräben_v._S._aus_300_m-Inlandflüge-LBS_MH01-001432.tif	Commons:WikiProject Aviation/recent uploads/2016 December 15/Overflow 1	Sémhur	2017-02-23T17:29:48Z
1518	ETH-BIB-Biel,_Altstadt_v._S._aus_400_m-Inlandflüge-LBS_MH01-001426.tif	Commons:WikiProject Aviation/recent uploads/2016 December 15/Overflow 1	Sémhur	2017-02-23T17:29:48Z
1519	ETH-BIB-Rüti,_Fabrik-Inlandflüge-LBS_MH01-001434.tif	Commons:WikiProject Aviation/recent uploads/2016 December 15/Overflow 1	Sémhur	2017-02-23T17:29:48Z
1520	ETH-BIB-Thun,_Zentrum_v._S._W._aus_200_m-Inlandflüge-LBS_MH01-001186.tif	Commons:WikiProject Aviation/recent uploads/2016 December 15/Overflow 1	Sémhur	2017-02-23T17:29:48Z
1521	ETH-BIB-Glarus,_Ennenda,_Netstal,_Glärnisch-Inlandflüge-LBS_MH01-001439.tif	Commons:WikiProject Aviation/recent uploads/2016 December 15/Overflow 1	Sémhur	2017-02-23T17:29:48Z
1522	ETH-BIB-Thun,_die_Altstadt_im_Schutze_des_Schlossberges_v._S._aus_300_m-Inlandflüge-LBS_MH01-001190.tif	Commons:WikiProject Aviation/recent uploads/2016 December 15/Overflow 1	Sémhur	2017-02-23T17:29:48Z
1523	ETH-BIB-Niesen-Kulm_aus_2400_m-Inlandflüge-LBS_MH01-001195-AL.tif	Commons:WikiProject Aviation/recent uploads/2016 December 15/Overflow 1	Sémhur	2017-02-23T17:29:48Z
1524	ETH-BIB-Gantrisch-Gebiet,_Simmental-Inlandflüge-LBS_MH01-001441.tif	Commons:WikiProject Aviation/recent uploads/2016 December 15/Overflow 1	Sémhur	2017-02-23T17:29:48Z
1525	ETH-BIB-Couvet,_Usine_-_Ed._Dubied_aus_300_m-Inlandflüge-LBS_MH01-001437.tif	Commons:WikiProject Aviation/recent uploads/2016 December 15/Overflow 1	Sémhur	2017-02-23T17:29:48Z
1526	ETH-BIB-Thalwil,_Erlenbach,_Zürichsee,_Albis,_Zugersee,_Pilatus,_Berneralpen-Inlandflüge-LBS_MH01-001436.tif	Commons:WikiProject Aviation/recent uploads/2016 December 15/Overflow 1	Sémhur	2017-02-23T17:29:48Z
1527	ETH-BIB-Thun,_Hotels_aus_200_m-Inlandflüge-LBS_MH01-001187.tif	Commons:WikiProject Aviation/recent uploads/2016 December 15/Overflow 1	Sémhur	2017-02-23T17:29:48Z
1528	ETH-BIB-Wasserflugzeug_über_Gufelstock,_Sernftal,_Schwanden_aus_4000_m-Inlandflüge-LBS_MH01-001442.tif	Commons:WikiProject Aviation/recent uploads/2016 December 15/Overflow 1	Sémhur	2017-02-23T17:29:48Z
1529	ETH-BIB-Zürich,_Dolder-Inlandflüge-LBS_MH01-000958.tif	Commons:WikiProject Aviation/recent uploads/2016 December 15/Overflow 1	Sémhur	2017-02-23T17:29:48Z
1530	ETH-BIB-Wasserflugzeug_über_Kerenzerberg,_Walensee,_Churfirstenkette,_Bündneralpen-Inlandflüge-LBS_MH01-001445.tif	Commons:WikiProject Aviation/recent uploads/2016 December 15/Overflow 1	Sémhur	2017-02-23T17:29:48Z
1531	ETH-BIB-Wasserflugzeug_über_Walensee_m._Speer,_Churfirsten_u._Säntis_v._S._W._aus_4000_m-Inlandflüge-LBS_MH01-001444.tif	Commons:WikiProject Aviation/recent uploads/2016 December 15/Overflow 1	Sémhur	2017-02-23T17:29:48Z
1532	ETH-BIB-Niesen,_Stockhorn,_Tragflächen_v._S._O._aus_2500_m-Inlandflüge-LBS_MH01-001199.tif	Commons:WikiProject Aviation/recent uploads/2016 December 15/Overflow 1	Sémhur	2017-02-23T17:29:48Z
1533	ETH-BIB-Dietikon_v._N._W._aus_600_m-Inlandflüge-LBS_MH01-000961.tif	Commons:WikiProject Aviation/recent uploads/2016 December 15/Overflow 1	Sémhur	2017-02-23T17:29:48Z
1534	ETH-BIB-Wasserflugzeug_über_Mürtschenstock_m._Churfirstenkette,_Spitzmeilen_aus_4000_m-Inlandflüge-LBS_MH01-001447.tif	Commons:WikiProject Aviation/recent uploads/2016 December 15/Overflow 1	Sémhur	2017-02-23T17:29:48Z
1535	ETH-BIB-Wasserflugzeug_über_Kerenzerberg,_Neuenkamm,_Scheienstockkette._Fronalpstock,_Churfirsten,_Walensee_aus_4000_m-Inlandflüge-LBS_MH01-001450.tif	Commons:WikiProject Aviation/recent uploads/2016 December 15/Overflow 1	Sémhur	2017-02-23T17:29:48Z
1536	ETH-BIB-Wasserflugzeug_über_Durnachtal_m._Kärpfstock,_Richetlipass,_Hausstock,_Sardonakette_aus_4000_m-Inlandflüge-LBS_MH01-001443.tif	Commons:WikiProject Aviation/recent uploads/2016 December 15/Overflow 1	Sémhur	2017-02-23T17:29:48Z
1537	ETH-BIB-Wasserflugzeug_über_Linthal_mit_Tödi,_Klausenpass_aus_4000_m-Inlandflüge-LBS_MH01-001448.tif	Commons:WikiProject Aviation/recent uploads/2016 December 15/Overflow 1	Sémhur	2017-02-23T17:29:48Z
1538	ETH-BIB-Hausstock,_Scheidstöckli,_Bündneralpen_v._N._W._aus_4000_m-Inlandflüge-LBS_MH01-001451.tif	Commons:WikiProject Aviation/recent uploads/2016 December 15/Overflow 1	Sémhur	2017-02-23T17:29:48Z
1539	ETH-BIB-Wissmilen,_Spitzmeilen,_Schilstal,_Seeztäler,_Rheintal,_Scesaplana_mit_Wasserflugzeug_v._W._aus_4000_m-Inlandflüge-LBS_MH01-001455.tif	Commons:WikiProject Aviation/recent uploads/2016 December 15/Overflow 1	Sémhur	2017-02-23T17:29:48Z
1540	ETH-BIB-Wasserflugzeug_über_Linthtal_mit_Tödi,_Urnerboden_und_Dorf_Lin-Inlandflüge-.tif	Commons:WikiProject Aviation/recent uploads/2016 December 15/Overflow 1	Sémhur	2017-02-23T17:29:48Z
1541	ETH-BIB-Eingang_ins_Simmental_mit_Flugzeug-Inlandflüge-LBS_MH01-001205-AL.tif	Commons:WikiProject Aviation/recent uploads/2016 December 15/Overflow 1	Sémhur	2017-02-23T17:29:48Z
1542	ETH-BIB-Wasserflugzeug_über_Kirchberg,_Chaiserstock,_Muotathal_v._O._aus_4000_m-Inlandflüge-LBS_MH01-001456.tif	Commons:WikiProject Aviation/recent uploads/2016 December 15/Overflow 1	Sémhur	2017-02-23T17:29:48Z
1543	ETH-BIB-Vrenelisgärtli,_Chöpfenberg,_Wiggis,_Zürcheroberland_v._S._aus_4000_m-Inlandflüge-LBS_MH01-001452.tif	Commons:WikiProject Aviation/recent uploads/2016 December 15/Overflow 1	Sémhur	2017-02-23T17:29:48Z
1544	ETH-BIB-Wasserflugzeug_über_Linthtal,_Tödi,_Klausenpass,_Urnerboden,_Dorf_Linthtal_v._N._aus_4000_m-Inlandflüge-LBS_MH01-001458.tif	Commons:WikiProject Aviation/recent uploads/2016 December 15/Overflow 1	Sémhur	2017-02-23T17:29:48Z
1545	ETH-BIB-Wasserflugzeug_über_Ortstock,_Pfannenstock,_Karrenalp,_Muotatal_aus_4000_m-Inlandflüge-LBS_MH01-001461.tif	Commons:WikiProject Aviation/recent uploads/2016 December 15/Overflow 1	Sémhur	2017-02-23T17:29:48Z
1546	ETH-BIB-Wasserflugzeug_über_Niederenalp_Kärpf,_Krauchtal,_Segnesgebiet_v._W._aus_4000_m-Inlandflüge-LBS_MH01-001453.tif	Commons:WikiProject Aviation/recent uploads/2016 December 15/Overflow 1	Sémhur	2017-02-23T17:29:48Z
1547	ETH-BIB-Wasserflugzeug_über_Mürtschenstock,_Murg,_Spitzmeilen_v._O._aus_4000_m-Inlandflüge-LBS_MH01-001465.tif	Commons:WikiProject Aviation/recent uploads/2016 December 15/Overflow 1	Sémhur	2017-02-23T17:29:48Z
1548	ETH-BIB-Wasserflugzeug_über_Niederenalp,_Chrauchtal,_Piz_Sardona_aus_4000_m-Inlandflüge-LBS_MH01-001463.tif	Commons:WikiProject Aviation/recent uploads/2016 December 15/Overflow 1	Sémhur	2017-02-23T17:29:48Z
1549	ETH-BIB-Wasserflugzeug_über_Karrenalp_Silberen,_Drusberg,_Mythen_v._S._O._aus_3800_m-Inlandflüge-LBS_MH01-001457.tif	Commons:WikiProject Aviation/recent uploads/2016 December 15/Overflow 1	Sémhur	2017-02-23T17:29:48Z
1550	ETH-BIB-Selbsanft,_Bifertenstock,_Tödi_aus_4000_m-Inlandflüge-LBS_MH01-001462.tif	Commons:WikiProject Aviation/recent uploads/2016 December 15/Overflow 1	Sémhur	2017-02-23T17:29:48Z
1551	ETH-BIB-Glärnisch,_Speer,_Zürcheroberland_v._S._O._aus_3900_m-Inlandflüge-LBS_MH01-001467.tif	Commons:WikiProject Aviation/recent uploads/2016 December 15/Overflow 1	Sémhur	2017-02-23T17:29:48Z
1552	ETH-BIB-Bös,_Fulen,_Silberen,_Fluebrig,_Zürichsee_aus_3800_m-Inlandflüge-LBS_MH01-001472.tif	Commons:WikiProject Aviation/recent uploads/2016 December 15/Overflow 1	Sémhur	2017-02-23T17:29:48Z
1553	ETH-BIB-Gemsfairenstock,_Tödi,_Bifertenstock_v._N._O._aus_4200_m-Inlandflüge-LBS_MH01-001470.tif	Commons:WikiProject Aviation/recent uploads/2016 December 15/Overflow 1	Sémhur	2017-02-23T17:29:48Z
1554	ETH-BIB-Wasserflugzeug_über_Ortstock,_Karrenalp_aus_4000_m-Inlandflüge-LBS_MH01-001471.tif	Commons:WikiProject Aviation/recent uploads/2016 December 15/Overflow 1	Sémhur	2017-02-23T17:29:48Z
1555	ETH-BIB-Wasserflugzeug_über_Linthal,_Glärnisch_v._O._aus_4000_m-Inlandflüge-LBS_MH01-001469.tif	Commons:WikiProject Aviation/recent uploads/2016 December 15/Overflow 1	Sémhur	2017-02-23T17:29:48Z
1556	ETH-BIB-Wasserflugzeug_CH_15_über_Zürich_aus_2000_m-Inlandflüge-LBS_MH01-001477.tif	Commons:WikiProject Aviation/recent uploads/2016 December 15/Overflow 1	Sémhur	2017-02-23T17:29:48Z
1557	ETH-BIB-Wasserflugzeug_über_Zürich_aus_2000_m-Inlandflüge-LBS_MH01-001475.tif	Commons:WikiProject Aviation/recent uploads/2016 December 15/Overflow 1	Sémhur	2017-02-23T17:29:48Z
1558	ETH-BIB-Wasserflugzeug_über_Zürich-Inlandflüge-LBS_MH01-001480.tif	Commons:WikiProject Aviation/recent uploads/2016 December 15/Overflow 1	Sémhur	2017-02-23T17:29:48Z
1559	ETH-BIB-Macchi_M.3,_CH-15_der_Ad_Astra_Aero_AG_im_Flug_über_dem_Greifensee-Inlandflüge-LBS_MH01-001473.tif	Commons:WikiProject Aviation/recent uploads/2016 December 15/Overflow 1	Sémhur	2017-02-23T17:29:48Z
1560	ETH-BIB-Wasserflugzeug_über_Linthal,_Urner_Boden,_Tödi,_Klausenpass_aus_4000_m-Inlandflüge-LBS_MH01-001481.tif	Commons:WikiProject Aviation/recent uploads/2016 December 15/Overflow 1	Sémhur	2017-02-23T17:29:48Z
1561	ETH-BIB-Wasserflugzeug_über_Mürtschenstock,_Schilsertal_aus_4000_m-Inlandflüge-LBS_MH01-001478.tif	Commons:WikiProject Aviation/recent uploads/2016 December 15/Overflow 1	Sémhur	2017-02-23T17:29:48Z
1562	ETH-BIB-Wasserflugzeug_über_Linthal,_Hätzingen,_Diesbach,_Oberblegisee-Inlandflüge-LBS_MH01-001483.tif	Commons:WikiProject Aviation/recent uploads/2016 December 15/Overflow 1	Sémhur	2017-02-23T17:29:48Z
1563	ETH-BIB-Wasserflugzeug_mit_Zürichberg-Inlandflüge-LBS_MH01-001474.tif	Commons:WikiProject Aviation/recent uploads/2016 December 15/Overflow 1	Sémhur	2017-02-23T17:29:48Z
1564	ETH-BIB-Wasserflugzeug_über_Linthal,_Schwanden,_Nidfurn,_Tödi,_Clariden_aus_4000_m-Inlandflüge-LBS_MH01-001484.tif	Commons:WikiProject Aviation/recent uploads/2016 December 15/Overflow 1	Sémhur	2017-02-23T17:29:48Z
1565	ETH-BIB-St._Moritz,_Dorf,_Gesamtansicht_vom_See_aus_400_m-Inlandflüge-LBS_MH01-001488.tif	Commons:WikiProject Aviation/recent uploads/2016 December 15/Overflow 1	Sémhur	2017-02-23T17:29:48Z
1566	ETH-BIB-Wasserflugzeug_über_Walensee,_Murg-Inlandflüge-LBS_MH01-001485.tif	Commons:WikiProject Aviation/recent uploads/2016 December 15/Overflow 1	Sémhur	2017-02-23T17:29:48Z
1567	ETH-BIB-Wasserflugzeug_über_Klöntal_v._O._aus_3500_m-Inlandflüge-LBS_MH01-001482.tif	Commons:WikiProject Aviation/recent uploads/2016 December 15/Overflow 1	Sémhur	2017-02-23T17:29:48Z
1568	ETH-BIB-St._Moritz,_Landebahn_auf_dem_Eis_aus_200_m-Inlandflüge-LBS_MH01-001492.tif	Commons:WikiProject Aviation/recent uploads/2016 December 15/Overflow 1	Sémhur	2017-02-23T17:29:48Z
1569	ETH-BIB-St._Moritz,_Landebahn_auf_dem_Eis,_Hangar_aus_30m_Höhe-Inlandflüge-LBS_MH01-001491.tif	Commons:WikiProject Aviation/recent uploads/2016 December 15/Overflow 1	Sémhur	2017-02-23T17:29:48Z
1570	ETH-BIB-Kiental,_Blüemlisalp,_Doldenhorn,_Balmhorn_v._N._aus_4500_m-Inlandflüge-LBS_MH01-001257.tif	Commons:WikiProject Aviation/recent uploads/2016 December 15/Overflow 1	Sémhur	2017-02-23T17:29:48Z
1571	ETH-BIB-St._Moritz,_Dorf,_Palace_Hotel_aus_300_m-Inlandflüge-LBS_MH01-001487.tif	Commons:WikiProject Aviation/recent uploads/2016 December 15/Overflow 1	Sémhur	2017-02-23T17:29:48Z
1572	ETH-BIB-St._Moritz,_Silsersee,_Maloya,_Leitwerk_im_Bild_aus_400_m-Inlandflüge-LBS_MH01-001490.tif	Commons:WikiProject Aviation/recent uploads/2016 December 15/Overflow 1	Sémhur	2017-02-23T17:29:48Z
1573	ETH-BIB-Oberengadin_m._Maloja_von_St._Moritz_aus_300_m-Inlandflüge-LBS_MH01-001494.tif	Commons:WikiProject Aviation/recent uploads/2016 December 15/Overflow 1	Sémhur	2017-02-23T17:29:48Z
1574	ETH-BIB-Suvretta-Haus_aus_300_m-Inlandflüge-LBS_MH01-001498.tif	Commons:WikiProject Aviation/recent uploads/2016 December 15/Overflow 1	Sémhur	2017-02-23T17:29:48Z
1575	ETH-BIB-St._Moritz-Bad_aus_300_m-Inlandflüge-LBS_MH01-001493.tif	Commons:WikiProject Aviation/recent uploads/2016 December 15/Overflow 1	Sémhur	2017-02-23T17:29:48Z
1576	ETH-BIB-Suvretta-Haus_aus_300_m-Inlandflüge-LBS_MH01-001499.tif	Commons:WikiProject Aviation/recent uploads/2016 December 15/Overflow 1	Sémhur	2017-02-23T17:29:48Z
1577	ETH-BIB-Champfèr,_Silvaplana,_Sils,_Maloja,_Bergelleralpen_aus_800_m-Inlandflüge-LBS_MH01-001497.tif	Commons:WikiProject Aviation/recent uploads/2016 December 15/Overflow 1	Sémhur	2017-02-23T17:29:48Z
1578	ETH-BIB-Champfèr,_Silvaplana,_Silsersee,_Silvaplanersee_aus_200_m-Inlandflüge-LBS_MH01-001495.tif	Commons:WikiProject Aviation/recent uploads/2016 December 15/Overflow 1	Sémhur	2017-02-23T17:29:48Z
1579	ETH-BIB-Silvaplanasee,_Silsersee,_Maloja,_Ansicht_von_St._Moritz_aus_1200_m-Inlandflüge-LBS_MH01-001496.tif	Commons:WikiProject Aviation/recent uploads/2016 December 15/Overflow 1	Sémhur	2017-02-23T17:29:48Z
1580	ETH-BIB-Samaden,_Unterengadin_aus_2000_m-Inlandflüge-LBS_MH01-001501.tif	Commons:WikiProject Aviation/recent uploads/2016 December 15/Overflow 1	Sémhur	2017-02-23T17:29:48Z
1581	ETH-BIB-St._Moritz,_Carlton-Hotel_aus_80_m-Inlandflüge-LBS_MH01-001503.tif	Commons:WikiProject Aviation/recent uploads/2016 December 15/Overflow 1	Sémhur	2017-02-23T17:29:48Z
1582	ETH-BIB-St._Moritz,_Bahnhof-Hotels_aus_200_m-Inlandflüge-LBS_MH01-001506.tif	Commons:WikiProject Aviation/recent uploads/2016 December 15/Overflow 1	Sémhur	2017-02-23T17:29:48Z
1583	ETH-BIB-Celerina,_Samaden,_Unterengadin_aus_2000_m-Inlandflüge-LBS_MH01-001500.tif	Commons:WikiProject Aviation/recent uploads/2016 December 15/Overflow 1	Sémhur	2017-02-23T17:29:48Z
1584	ETH-BIB-Piz_Morteratsch,_Berninapass,_Piz_Albris_v._N._aus_4000_m-Inlandflüge-LBS_MH01-001505.tif	Commons:WikiProject Aviation/recent uploads/2016 December 15/Overflow 1	Sémhur	2017-02-23T17:29:48Z
1585	ETH-BIB-Champfèr_aus_200_m-Inlandflüge-LBS_MH01-001504.tif	Commons:WikiProject Aviation/recent uploads/2016 December 15/Overflow 1	Sémhur	2017-02-23T17:29:48Z
1586	ETH-BIB-St._Moritz,_Bahnhof-Hotels_aus_100_m-Inlandflüge-LBS_MH01-001508.tif	Commons:WikiProject Aviation/recent uploads/2016 December 15/Overflow 1	Sémhur	2017-02-23T17:29:48Z
1587	ETH-BIB-Morteratschgletscher_und_Bernina,_Piz_Palü_v._N._O._aus_4200_m-Inlandflüge-LBS_MH01-001513.tif	Commons:WikiProject Aviation/recent uploads/2016 December 15/Overflow 1	Sémhur	2017-02-23T17:29:48Z
1588	ETH-BIB-St._Moritz_mit_See_aus_800_m-Inlandflüge-LBS_MH01-001511.tif	Commons:WikiProject Aviation/recent uploads/2016 December 15/Overflow 1	Sémhur	2017-02-23T17:29:48Z
1589	ETH-BIB-Piz_Bernina,_Morteratschgletscher,_Piz_Palü_v._N._O._aus_4200_m-Inlandflüge-LBS_MH01-001512.tif	Commons:WikiProject Aviation/recent uploads/2016 December 15/Overflow 1	Sémhur	2017-02-23T17:29:48Z
1590	ETH-BIB-Finsteraarhorn,_Grindelwalder_Fiescherhörner_v._N._aus_4500_m-Inlandflüge-LBS_MH01-001010.tif	Commons:WikiProject Aviation/recent uploads/2016 December 15/Overflow 1	Sémhur	2017-02-23T17:29:48Z
1591	ETH-BIB-Piz_Vadred,_Berge_des_Unterengadins,_Ofenpass_v._W._aus_4000_m-Inlandflüge-LBS_MH01-001515.tif	Commons:WikiProject Aviation/recent uploads/2016 December 15/Overflow 1	Sémhur	2017-02-23T17:29:48Z
1592	ETH-BIB-Calfeisental,_Vättis,_Kunkelpass,_Ringelspitz_v._N._O._3800_m-Inlandflüge-LBS_MH01-001516.tif	Commons:WikiProject Aviation/recent uploads/2016 December 15/Overflow 1	Sémhur	2017-02-23T17:29:48Z
1593	ETH-BIB-St._Moritz_mit_Unterengadin_aus_200_m-Inlandflüge-LBS_MH01-001509.tif	Commons:WikiProject Aviation/recent uploads/2016 December 15/Overflow 1	Sémhur	2017-02-23T17:29:48Z
1594	ETH-BIB-St._Moritz,_Übersicht_aus_600_m-Inlandflüge-LBS_MH01-001510.tif	Commons:WikiProject Aviation/recent uploads/2016 December 15/Overflow 1	Sémhur	2017-02-23T17:29:48Z
1595	ETH-BIB-Mürtschenstock,_Wiggis,_Glärnisch,_Klöntalersee_v._N._O._aus_3600_m-Inlandflüge-LBS_MH01-001522.tif	Commons:WikiProject Aviation/recent uploads/2016 December 15/Overflow 1	Sémhur	2017-02-23T17:29:48Z
1596	ETH-BIB-Siebnen,_Wägital,_Höhronen,_Mythen,_Glarnertal,_Urnertal_v._3500_m-Inlandflüge-LBS_MH01-001518.tif	Commons:WikiProject Aviation/recent uploads/2016 December 15/Overflow 1	Sémhur	2017-02-23T17:29:48Z
1597	ETH-BIB-Graue_Hörner,_Pizol,_Ringelspitz,_Sardona,_Hausstock_aus_3600_m-Inlandflüge-LBS_MH01-001519.tif	Commons:WikiProject Aviation/recent uploads/2016 December 15/Overflow 1	Sémhur	2017-02-23T17:29:48Z
1598	ETH-BIB-Otelfingen,_Boppelsen,_Lägern_v._S._W._aus_1200_m-Inlandflüge-LBS_MH01-001287.tif	Commons:WikiProject Aviation/recent uploads/2016 December 15/Overflow 1	Sémhur	2017-02-23T17:29:48Z
1599	ETH-BIB-Schanfigg_mit_Langwies,_Rheintal_und_Tödi-Inlandflüge-LBS_MH01-001528B.tif	Commons:WikiProject Aviation/recent uploads/2016 December 15/Overflow 1	Sémhur	2017-02-23T17:29:48Z
1600	ETH-BIB-Schilstal,_Spitzmeilen,_Tödi,_Klausenpass_v._N._O._aus_3600_m-Inlandflüge-LBS_MH01-001526.tif	Commons:WikiProject Aviation/recent uploads/2016 December 15/Overflow 1	Sémhur	2017-02-23T17:29:48Z
1601	ETH-BIB-Schanfigg,_Langwies,_Plessur,_Rheintal,_Tödi_v._O._aus_3800_m-Inlandflüge-LBS_MH01-001528A.tif	Commons:WikiProject Aviation/recent uploads/2016 December 15/Overflow 1	Sémhur	2017-02-23T17:29:48Z
1602	ETH-BIB-Calanda,_Calfeisental,_Ringelspitz,_Drachenberg_v._N._O._aus_3600_m-Inlandflüge-LBS_MH01-001520.tif	Commons:WikiProject Aviation/recent uploads/2016 December 15/Overflow 1	Sémhur	2017-02-23T17:29:48Z
1603	ETH-BIB-Berschis,_Sichelchamm,_Fulfirst,_Rheintal_v._S._W._aus_3600_m-Inlandflüge-LBS_MH01-001524.tif	Commons:WikiProject Aviation/recent uploads/2016 December 15/Overflow 1	Sémhur	2017-02-23T17:29:48Z
1604	ETH-BIB-Mürtschenstock,_Linthal,_Tödi_v._N._O._aus_3500_m-Inlandflüge-LBS_MH01-001521.tif	Commons:WikiProject Aviation/recent uploads/2016 December 15/Overflow 1	Sémhur	2017-02-23T17:29:48Z
1605	ETH-BIB-Churfirsten,_Toggenburg,_Säntis_v._S._W._3000_m-Inlandflüge-LBS_MH01-001523.tif	Commons:WikiProject Aviation/recent uploads/2016 December 15/Overflow 1	Sémhur	2017-02-23T17:29:48Z
1606	ETH-BIB-Weisstannertal,_Piz_Sardona_v._N._O._aus_3500_m-Inlandflüge-LBS_MH01-001527.tif	Commons:WikiProject Aviation/recent uploads/2016 December 15/Overflow 1	Sémhur	2017-02-23T17:29:48Z
1607	ETH-BIB-Landschaft_von_Arosa,_Welschtobel,_Schanfigg,_Piz_Beverin_v._O._aus_4000_m-Inlandflüge-LBS_MH01-001530.tif	Commons:WikiProject Aviation/recent uploads/2016 December 15/Overflow 1	Sémhur	2017-02-23T17:29:48Z
1608	ETH-BIB-Gruppe_der_Mischabelhörner,_Nadelgrat,_Feegletscher,_Breithornkette,_Basodino-Inlandflüge-LBS_MH01-001039.tif	Commons:WikiProject Aviation/recent uploads/2016 December 15/Overflow 1	Sémhur	2017-02-23T17:29:48Z
1609	ETH-BIB-Baden,_Industrie_und_Bahnhof_aus_600_m-Inlandflüge-LBS_MH01-001298.tif	Commons:WikiProject Aviation/recent uploads/2016 December 15/Overflow 1	Sémhur	2017-02-23T17:29:48Z
1610	ETH-BIB-Rheinfelden,_Stadtmauer_aus_300_m-Inlandflüge-LBS_MH01-001294.tif	Commons:WikiProject Aviation/recent uploads/2016 December 15/Overflow 1	Sémhur	2017-02-23T17:29:48Z
1611	ETH-BIB-Parsenn,_Weissfluh,_Prätigau_v._S._aus_4000_m-Inlandflüge-LBS_MH01-001531.tif	Commons:WikiProject Aviation/recent uploads/2016 December 15/Overflow 1	Sémhur	2017-02-23T17:29:48Z
1612	ETH-BIB-Piz_Kesch,_Val_Tuors_v._S._O._aus_4000_m-Inlandflüge-LBS_MH01-001529.tif	Commons:WikiProject Aviation/recent uploads/2016 December 15/Overflow 1	Sémhur	2017-02-23T17:29:48Z
1613	ETH-BIB-Piz_Prosonch,_Büelenhorn,_Lenzerhorn,_Stulsertal,_Val_Tuors,_Tiefenkastel_v._S._O._aus_4000_m-Inlandflüge-LBS_MH01-001533.tif	Commons:WikiProject Aviation/recent uploads/2016 December 15/Overflow 1	Sémhur	2017-02-23T17:29:48Z
1614	ETH-BIB-Schanfigg,_Arosa,_Graubündnerwestalpen_v._N._aus_4000_m-Inlandflüge-LBS_MH01-001532.tif	Commons:WikiProject Aviation/recent uploads/2016 December 15/Overflow 1	Sémhur	2017-02-23T17:29:48Z
1615	ETH-BIB-Sertigtal_und_Sertigpass_mit_Frauenkrich_bei_Davos,_Churfirsten_v._S._O._aus_4000_m-Inlandflüge-LBS_MH01-001536.tif	Commons:WikiProject Aviation/recent uploads/2016 December 15/Overflow 1	Sémhur	2017-02-23T17:29:48Z
1616	ETH-BIB-Monte_Rosa,_Grenzgletscher,_Lyskamm,_Gornergrat,_Gornergletscher_v._N._aus_5000_m-Inlandflüge-LBS_MH01-001047.tif	Commons:WikiProject Aviation/recent uploads/2016 December 15/Overflow 1	Sémhur	2017-02-23T17:29:48Z
1617	ETH-BIB-Schesaplana,_Drusenfluh,_Sulzfluh,_St._Antönien_v._S._aus_4000_m-Inlandflüge-LBS_MH01-001537.tif	Commons:WikiProject Aviation/recent uploads/2016 December 15/Overflow 1	Sémhur	2017-02-23T17:29:48Z
1618	ETH-BIB-Davos-Platz_und_Dorf-Inlandflüge-LBS_MH01-001542.tif	Commons:WikiProject Aviation/recent uploads/2016 December 15/Overflow 1	Sémhur	2017-02-23T17:29:48Z
1619	ETH-BIB-Amselflue,_Valbellahorn,_Aroser_Rothorn,_Bündneroberalp_v._O._aus_4000_m-Inlandflüge-LBS_MH01-001539.tif	Commons:WikiProject Aviation/recent uploads/2016 December 15/Overflow 1	Sémhur	2017-02-23T17:29:48Z
1620	ETH-BIB-Dischmatal_(Davos),_Flüela,_Schwarzhorn,_Weisshorn,_Piz_Linard,_Flüelapass_v._S._W._aus_4000_m-Inlandflüge-LBS_MH01-001535.tif	Commons:WikiProject Aviation/recent uploads/2016 December 15/Overflow 1	Sémhur	2017-02-23T17:29:48Z
1621	ETH-BIB-Amselflue,_Arosa,_Welschtobel,_Surselva,_Bündneroberland_v._S._O._aus_4000_m-Inlandflüge-LBS_MH01-001540.tif	Commons:WikiProject Aviation/recent uploads/2016 December 15/Overflow 1	Sémhur	2017-02-23T17:29:48Z
1622	ETH-BIB-Silvretta-Gruppe,_Piz_Buin,_Flüela,_Weisshorn_v._S._W._aus_4000_m-Inlandflüge-LBS_MH01-001534.tif	Commons:WikiProject Aviation/recent uploads/2016 December 15/Overflow 1	Sémhur	2017-02-23T17:29:48Z
1623	ETH-BIB-Alplihorn,_Tiefencastel,_Piz_Beverin_v._S._O._aus_4000_m-Inlandflüge-LBS_MH01-001538.tif	Commons:WikiProject Aviation/recent uploads/2016 December 15/Overflow 1	Sémhur	2017-02-23T17:29:48Z
1624	ETH-BIB-Piz_Kesch,_Allbulatal_v._S._O._aus_4200_m-Inlandflüge-LBS_MH01-001541.tif	Commons:WikiProject Aviation/recent uploads/2016 December 15/Overflow 1	Sémhur	2017-02-23T17:29:48Z
1625	ETH-BIB-Basel,_Übersicht_v._S._aus_800_m-Inlandflüge-LBS_MH01-001307.tif	Commons:WikiProject Aviation/recent uploads/2016 December 15/Overflow 1	Sémhur	2017-02-23T17:29:48Z
1626	ETH-BIB-Arosa,_Parpaner,_Weisshorn,_Gugernell,_Mädrigerfluh_v._S._O._aus_4000_m-Inlandflüge-LBS_MH01-001544.tif	Commons:WikiProject Aviation/recent uploads/2016 December 15/Overflow 1	Sémhur	2017-02-23T17:29:48Z
1627	ETH-BIB-Davos-Platz_aus_400_m-Inlandflüge-LBS_MH01-001545.tif	Commons:WikiProject Aviation/recent uploads/2016 December 15/Overflow 1	Sémhur	2017-02-23T17:29:48Z
1628	ETH-BIB-Davos,_Ausgang_des_Flüela-,_Dischma-_und_Sertigtales,_Strelapass_v._N._W._aus_4000_m-Inlandflüge-LBS_MH01-001543.tif	Commons:WikiProject Aviation/recent uploads/2016 December 15/Overflow 1	Sémhur	2017-02-23T17:29:48Z
1629	ETH-BIB-S-chanf_und_Zernez_im_Unterengadin,_Nationalpark,_Ofenpassroute_v._S._W._aus_4300_m-Inlandflüge-LBS_MH01-001553.tif	Commons:WikiProject Aviation/recent uploads/2016 December 15/Overflow 1	Sémhur	2017-02-23T17:29:48Z
1630	ETH-BIB-Prättigau,_Silvrettagletscher,_Piz_Linard_v._W._aus_4000_m-Inlandflüge-LBS_MH01-001547.tif	Commons:WikiProject Aviation/recent uploads/2016 December 15/Overflow 1	Sémhur	2017-02-23T17:29:48Z
1631	ETH-BIB-Beverstal,_Albula,_Tödi_v._S._O._aus_4000_m-Inlandflüge-LBS_MH01-001550.tif	Commons:WikiProject Aviation/recent uploads/2016 December 15/Overflow 1	Sémhur	2017-02-23T17:29:48Z
1632	ETH-BIB-Monte_Leone,_Wasenhorn_v._N._W._aus_4600_m-Inlandflüge-LBS_MH01-001051.tif	Commons:WikiProject Aviation/recent uploads/2016 December 15/Overflow 1	Sémhur	2017-02-23T17:29:48Z
1633	ETH-BIB-Davos,_Parsenn,_Wolfgang,_Strelapass,_Prättigau,_Sulzfluh,_Scesaplana_v._S._aus_4000_m-Inlandflüge-LBS_MH01-001548.tif	Commons:WikiProject Aviation/recent uploads/2016 December 15/Overflow 1	Sémhur	2017-02-23T17:29:48Z
1634	ETH-BIB-Piz_Languard,_Ortler,_Italien,_Königsspitze_v._W._aus_4000_m-Inlandflüge-LBS_MH01-001549.tif	Commons:WikiProject Aviation/recent uploads/2016 December 15/Overflow 1	Sémhur	2017-02-23T17:29:48Z
1635	ETH-BIB-Zuoz,_S-Chanf,_Zernez_v._S._aus_3800_m-Inlandflüge-LBS_MH01-001551.tif	Commons:WikiProject Aviation/recent uploads/2016 December 15/Overflow 1	Sémhur	2017-02-23T17:29:48Z
1636	ETH-BIB-Vadret_da_Roseg,_Piz_Roseg,_Piz_Tschierva,_Sella,_Monte_della_Disgrazia_aus_4000_m-Inlandflüge-LBS_MH01-001552.tif	Commons:WikiProject Aviation/recent uploads/2016 December 15/Overflow 1	Sémhur	2017-02-23T17:29:48Z
1637	ETH-BIB-St._Moritz,_Suvretta-Haus,_Piz_Güglia,_Piz_Julier_v._S._O._aus_2300_m-Inlandflüge-LBS_MH01-001559.tif	Commons:WikiProject Aviation/recent uploads/2016 December 15/Overflow 1	Sémhur	2017-02-23T17:29:48Z
1638	ETH-BIB-Beverstal,_Albulapass,_Crasta_Mora,_Tödi_v._S._O._aus_4000_m-Inlandflüge-LBS_MH01-001554.tif	Commons:WikiProject Aviation/recent uploads/2016 December 15/Overflow 1	Sémhur	2017-02-23T17:29:48Z
1639	ETH-BIB-St._Moritz,_Piz_Albana,_Piz_Güglia,_Piz_Julier_v._N._O._aus_2500_m-Inlandflüge-LBS_MH01-001564.tif	Commons:WikiProject Aviation/recent uploads/2016 December 15/Overflow 1	Sémhur	2017-02-23T17:29:48Z
1640	ETH-BIB-Lej_da_Statz-Statzersee_(St._Moritz),_vereister_Bergsee_mit_Gasthaus_v._W._aus_500_m-Inlandflüge-LBS_MH01-001566.tif	Commons:WikiProject Aviation/recent uploads/2016 December 15/Overflow 1	Sémhur	2017-02-23T17:29:48Z
1641	ETH-BIB-Pontresina_v._N._W._aus_300_m-Inlandflüge-LBS_MH01-001567.tif	Commons:WikiProject Aviation/recent uploads/2016 December 15/Overflow 1	Sémhur	2017-02-23T17:29:48Z
1642	ETH-BIB-Samedan,_Bevers_v._S._aus_1200_m-Inlandflüge-LBS_MH01-001565.tif	Commons:WikiProject Aviation/recent uploads/2016 December 15/Overflow 1	Sémhur	2017-02-23T17:29:48Z
1643	ETH-BIB-Pontresina-Oberdorf_aus_300_m-Inlandflüge-LBS_MH01-001568.tif	Commons:WikiProject Aviation/recent uploads/2016 December 15/Overflow 1	Sémhur	2017-02-23T17:29:48Z
1644	ETH-BIB-St._Moritz-Bad_mit_See_aus_800_m-Inlandflüge-LBS_MH01-001563.tif	Commons:WikiProject Aviation/recent uploads/2016 December 15/Overflow 1	Sémhur	2017-02-23T17:29:48Z
1645	ETH-BIB-St._Moritz,_Carlton-Hotel_aus_150_m-Inlandflüge-LBS_MH01-001577.tif	Commons:WikiProject Aviation/recent uploads/2016 December 15/Overflow 1	Sémhur	2017-02-23T17:29:48Z
1646	ETH-BIB-Val_Roseg,_Piz_Tschier,_Piz_Glüschaint,_Sellagruppe_v._N._O._aus_2600_m-Inlandflüge-LBS_MH01-001570.tif	Commons:WikiProject Aviation/recent uploads/2016 December 15/Overflow 1	Sémhur	2017-02-23T17:29:48Z
1647	ETH-BIB-St._Moritz,_Kurhaus-Chantarella_aus_200_m-Inlandflüge-LBS_MH01-001580.tif	Commons:WikiProject Aviation/recent uploads/2016 December 15/Overflow 1	Sémhur	2017-02-23T17:29:48Z
1648	ETH-BIB-Samedan,_Bevers,_La_Punt,_Oberengadin,_St._Gian,_Samedan_v._S._aus_2500_m-Inlandflüge-LBS_MH01-001573.tif	Commons:WikiProject Aviation/recent uploads/2016 December 15/Overflow 1	Sémhur	2017-02-23T17:29:48Z
1649	ETH-BIB-Celerina-Cresta-Palace_aus_200_m-Inlandflüge-LBS_MH01-001571.tif	Commons:WikiProject Aviation/recent uploads/2016 December 15/Overflow 1	Sémhur	2017-02-23T17:29:48Z
1650	ETH-BIB-St._Moritz,_Kurhaus_Chantarella_mit_Bähnlein_aus_200_m-Inlandflüge-LBS_MH01-001578.tif	Commons:WikiProject Aviation/recent uploads/2016 December 15/Overflow 1	Sémhur	2017-02-23T17:29:48Z
1651	ETH-BIB-St._Moritz,_Landebahn_auf_dem_Eis_aus_150_m-Inlandflüge-LBS_MH01-001575.tif	Commons:WikiProject Aviation/recent uploads/2016 December 15/Overflow 1	Sémhur	2017-02-23T17:29:48Z
1652	ETH-BIB-Silvaplana,_Silvaplanersee_,_Surlej,_Piz_della_Margna_aus_500_m-Inlandflüge-LBS_MH01-001576.tif	Commons:WikiProject Aviation/recent uploads/2016 December 15/Overflow 1	Sémhur	2017-02-23T17:29:48Z
1653	ETH-BIB-Zürich-Industrie_aus_300_m-Inlandflüge-LBS_MH01-001588.tif	Commons:WikiProject Aviation/recent uploads/2016 December 15/Overflow 1	Sémhur	2017-02-23T17:29:48Z
1654	ETH-BIB-Zürich-Altstetten_aus_500_m-Inlandflüge-LBS_MH01-001584.tif	Commons:WikiProject Aviation/recent uploads/2016 December 15/Overflow 1	Sémhur	2017-02-23T17:29:48Z
1655	ETH-BIB-St._Moritz,_Kurhaus_Chantarella_aus_200_m-Inlandflüge-LBS_MH01-001579.tif	Commons:WikiProject Aviation/recent uploads/2016 December 15/Overflow 1	Sémhur	2017-02-23T17:29:48Z
1656	ETH-BIB-Wangen_bei_Dübendorf_aus_200_m-Inlandflüge-LBS_MH01-001582.tif	Commons:WikiProject Aviation/recent uploads/2016 December 15/Overflow 1	Sémhur	2017-02-23T17:29:48Z
1657	ETH-BIB-Oerlikon,_Übersicht-Inlandflüge-LBS_MH01-001587.tif	Commons:WikiProject Aviation/recent uploads/2016 December 15/Overflow 1	Sémhur	2017-02-23T17:29:48Z
1658	ETH-BIB-Zürich,_Burghölzli,_Schweizerische_Anstalt_für_Epileptische_aus_300_m-Inlandflüge-LBS_MH01-001589.tif	Commons:WikiProject Aviation/recent uploads/2016 December 15/Overflow 1	Sémhur	2017-02-23T17:29:48Z
1659	ETH-BIB-Piz_Giuv,_Oberalpstock,_Tödi_v._S._W._aus_3500_m-Inlandflüge-LBS_MH01-001349.tif	Commons:WikiProject Aviation/recent uploads/2016 December 15/Overflow 1	Sémhur	2017-02-23T17:29:48Z
1660	ETH-BIB-Zürich-Altstetten_aus_200_m-Inlandflüge-LBS_MH01-001585.tif	Commons:WikiProject Aviation/recent uploads/2016 December 15/Overflow 1	Sémhur	2017-02-23T17:29:48Z
1661	ETH-BIB-Zürich,_Tiefenbrunnen_aus_200_m-Inlandflüge-LBS_MH01-001594.tif	Commons:WikiProject Aviation/recent uploads/2016 December 15/Overflow 1	Sémhur	2017-02-23T17:29:48Z
1662	ETH-BIB-Zürich-Wiedikon_aus_200_m-Inlandflüge-LBS_MH01-001591.tif	Commons:WikiProject Aviation/recent uploads/2016 December 15/Overflow 1	Sémhur	2017-02-23T17:29:48Z
1663	ETH-BIB-Zürich,_Sihlhölzli,_Manesseplatz,_Üetlibergstrassse_aus_200_m-Inlandflüge-LBS_MH01-001593.tif	Commons:WikiProject Aviation/recent uploads/2016 December 15/Overflow 1	Sémhur	2017-02-23T17:29:48Z
1664	ETH-BIB-Oberhofen_am_Thunersee_mit_Schloss_aus_150_m-Inlandflüge-LBS_MH01-001597.tif	Commons:WikiProject Aviation/recent uploads/2016 December 15/Overflow 1	Sémhur	2017-02-23T17:29:48Z
1665	ETH-BIB-Merligen,_Justistal_aus_200_m-Inlandflüge-LBS_MH01-001601.tif	Commons:WikiProject Aviation/recent uploads/2016 December 15/Overflow 1	Sémhur	2017-02-23T17:29:48Z
1666	ETH-BIB-Harderkulm-Interlaken,_Hardermannli-Inlandflüge-LBS_MH01-001599.tif	Commons:WikiProject Aviation/recent uploads/2016 December 15/Overflow 1	Sémhur	2017-02-23T17:29:48Z
1667	ETH-BIB-Oberhofen_am_Thunersee_aus_100_m-Inlandflüge-LBS_MH01-001602.tif	Commons:WikiProject Aviation/recent uploads/2016 December 15/Overflow 1	Sémhur	2017-02-23T17:29:48Z
1668	ETH-BIB-Vitznau-Inlandflüge-LBS_MH01-001604.tif	Commons:WikiProject Aviation/recent uploads/2016 December 15/Overflow 1	Sémhur	2017-02-23T17:29:48Z
1669	ETH-BIB-Hausen_am_Albis_aus_1500_m-Inlandflüge-LBS_MH01-001603.tif	Commons:WikiProject Aviation/recent uploads/2016 December 15/Overflow 1	Sémhur	2017-02-23T17:29:48Z
1670	ETH-BIB-Adliswil,_Kilchberg-Inlandflüge-LBS_MH01-001607.tif	Commons:WikiProject Aviation/recent uploads/2016 December 15/Overflow 1	Sémhur	2017-02-23T17:29:48Z
1671	ETH-BIB-Bürgenstock,_Bauenstock_v._N._W._aus_1900_m-Inlandflüge-LBS_MH01-001614.tif	Commons:WikiProject Aviation/recent uploads/2016 December 15/Overflow 1	Sémhur	2017-02-23T17:29:48Z
1672	ETH-BIB-Sarnen_v._S._aus_200_m-Inlandflüge-LBS_MH01-001606.tif	Commons:WikiProject Aviation/recent uploads/2016 December 15/Overflow 1	Sémhur	2017-02-23T17:29:48Z
1673	ETH-BIB-Schmocken,_Beatenberg_v._S._aus_1200_m-Inlandflüge-LBS_MH01-001616.tif	Commons:WikiProject Aviation/recent uploads/2016 December 15/Overflow 1	Sémhur	2017-02-23T17:29:48Z
1674	ETH-BIB-Rheintal_vom_Flimser_Bergsturz_bis_Chur,_Vorderrhein,_Reichenau,_Schanfigg_v._W._aus_3600_m-Inlandflüge-LBS_MH01-001375.tif	Commons:WikiProject Aviation/recent uploads/2016 December 15/Overflow 1	Sémhur	2017-02-23T17:29:48Z
1675	ETH-BIB-Sarnen_mit_See_v._S._aus_2500_m-Inlandflüge-LBS_MH01-001617.tif	Commons:WikiProject Aviation/recent uploads/2016 December 15/Overflow 1	Sémhur	2017-02-23T17:29:48Z
1676	ETH-BIB-Bürgenstock_Bahntracé_aus_1900_m-Inlandflüge-LBS_MH01-001615.tif	Commons:WikiProject Aviation/recent uploads/2016 December 15/Overflow 1	Sémhur	2017-02-23T17:29:48Z
1677	ETH-BIB-Rotzloch_bei_Stansstad,_Alpnachersee_aus_150_m-Inlandflüge-LBS_MH01-001621.tif	Commons:WikiProject Aviation/recent uploads/2016 December 15/Overflow 1	Sémhur	2017-02-23T17:29:48Z
1678	ETH-BIB-Gersau_aus_200_m-Inlandflüge-LBS_MH01-001624.tif	Commons:WikiProject Aviation/recent uploads/2016 December 15/Overflow 1	Sémhur	2017-02-23T17:29:48Z
1679	ETH-BIB-Sachseln_am_Sarnersee_aus_200_m-Inlandflüge-LBS_MH01-001620.tif	Commons:WikiProject Aviation/recent uploads/2016 December 15/Overflow 1	Sémhur	2017-02-23T17:29:48Z
1680	ETH-BIB-Zürich,_Limmat,_Grossmünster,_Predigerkirche,_Hirschengraben-Inlandflüge-LBS_MH01-001628.tif	Commons:WikiProject Aviation/recent uploads/2016 December 15/Overflow 1	Sémhur	2017-02-23T17:29:48Z
1681	ETH-BIB-Walchwil,_Zugersee-Inlandflüge-LBS_MH01-001625.tif	Commons:WikiProject Aviation/recent uploads/2016 December 15/Overflow 1	Sémhur	2017-02-23T17:29:48Z
1682	ETH-BIB-Zug_aus_500_m-Inlandflüge-LBS_MH01-001623.tif	Commons:WikiProject Aviation/recent uploads/2016 December 15/Overflow 1	Sémhur	2017-02-23T17:29:48Z
1683	ETH-BIB-Zürichhorn,_Zürich,_Hangar_für_Wasserfahrzeuge-Inlandflüge-LBS_MH01-001626.tif	Commons:WikiProject Aviation/recent uploads/2016 December 15/Overflow 1	Sémhur	2017-02-23T17:29:48Z
1684	ETH-BIB-Uetliberg,_Uto_Staffel,_Zürich_aus_900_m-Inlandflüge-LBS_MH01-001630.tif	Commons:WikiProject Aviation/recent uploads/2016 December 15/Overflow 1	Sémhur	2017-02-23T17:29:48Z
1685	ETH-BIB-Uetliberg,_Uto_Kulm,_Zürich-Inlandflüge-LBS_MH01-001635.tif	Commons:WikiProject Aviation/recent uploads/2016 December 15/Overflow 1	Sémhur	2017-02-23T17:29:48Z
1686	ETH-BIB-Küsnacht_am_Zürichsee_aus_200_m-Inlandflüge-LBS_MH01-001642.tif	Commons:WikiProject Aviation/recent uploads/2016 December 15/Overflow 1	Sémhur	2017-02-23T17:29:48Z
1687	ETH-BIB-Herisau,_Übersicht_v._N._O._aus_1800_m-Inlandflüge-LBS_MH01-001141.tif	Commons:WikiProject Aviation/recent uploads/2016 December 15/Overflow 1	Sémhur	2017-02-23T17:29:48Z
1688	ETH-BIB-Uetikon_am_See,_Männedorf-Inlandflüge-LBS_MH01-001647.tif	Commons:WikiProject Aviation/recent uploads/2016 December 15/Overflow 1	Sémhur	2017-02-23T17:29:48Z
1689	ETH-BIB-Tiefenbrunnen,_Zürich,_Zollikon-Inlandflüge-LBS_MH01-001638.tif	Commons:WikiProject Aviation/recent uploads/2016 December 15/Overflow 1	Sémhur	2017-02-23T17:29:48Z
1690	ETH-BIB-Erlenbach-Inlandflüge-LBS_MH01-001640.tif	Commons:WikiProject Aviation/recent uploads/2016 December 15/Overflow 1	Sémhur	2017-02-23T17:29:48Z
1691	ETH-BIB-Erlenbach,_Dachsberg-Inlandflüge-LBS_MH01-001645.tif	Commons:WikiProject Aviation/recent uploads/2016 December 15/Overflow 1	Sémhur	2017-02-23T17:29:48Z
1692	ETH-BIB-Stäfa-Inlandflüge-LBS_MH01-001652B.tif	Commons:WikiProject Aviation/recent uploads/2016 December 15/Overflow 1	Sémhur	2017-02-23T17:29:48Z
1693	ETH-BIB-Stäfa-Inlandflüge-LBS_MH01-001653.tif	Commons:WikiProject Aviation/recent uploads/2016 December 15/Overflow 1	Sémhur	2017-02-23T17:29:48Z
1694	ETH-BIB-Stäfa-Ausserfeld-Inlandflüge-LBS_MH01-001651.tif	Commons:WikiProject Aviation/recent uploads/2016 December 15/Overflow 1	Sémhur	2017-02-23T17:29:48Z
1695	ETH-BIB-Stäfa,_Kehlhof_aus_200_m-Inlandflüge-LBS_MH01-001657.tif	Commons:WikiProject Aviation/recent uploads/2016 December 15/Overflow 1	Sémhur	2017-02-23T17:29:48Z
1696	ETH-BIB-Stäfa,_Detail_aus_200_m-Inlandflüge-LBS_MH01-001655.tif	Commons:WikiProject Aviation/recent uploads/2016 December 15/Overflow 1	Sémhur	2017-02-23T17:29:48Z
1697	ETH-BIB-Meilen_aus_200_m-Inlandflüge-LBS_MH01-001658.tif	Commons:WikiProject Aviation/recent uploads/2016 December 15/Overflow 1	Sémhur	2017-02-23T17:29:48Z
1698	ETH-BIB-Aiguille_d'Argentière,_Pointe_d'Orny,_Aiguille_du_Chardonnet,_Plateau_du_Trient,_Aiguille_Verte-Inlandflüge-LBS_MH01-001156.tif	Commons:WikiProject Aviation/recent uploads/2016 December 15/Overflow 1	Sémhur	2017-02-23T17:29:48Z
1699	ETH-BIB-Meilen,_Obermeilen_aus_200_m-Inlandflüge-LBS_MH01-001661.tif	Commons:WikiProject Aviation/recent uploads/2016 December 15/Overflow 1	Sémhur	2017-02-23T17:29:48Z
1700	ETH-BIB-Herrliberg,_Unterdorf_aus_200_m-Inlandflüge-LBS_MH01-001662.tif	Commons:WikiProject Aviation/recent uploads/2016 December 15/Overflow 1	Sémhur	2017-02-23T17:29:48Z
1701	ETH-BIB-Rapperswil-Jona,_Hafen,_Bahnhof-Inlandflüge-LBS_MH01-001668.tif	Commons:WikiProject Aviation/recent uploads/2016 December 15/Overflow 1	Sémhur	2017-02-23T17:29:48Z
1702	ETH-BIB-Rapperswil-Jona_aus_200_m-Inlandflüge-LBS_MH01-001667.tif	Commons:WikiProject Aviation/recent uploads/2016 December 15/Overflow 1	Sémhur	2017-02-23T17:29:48Z
1703	ETH-BIB-Feldmeilen,_Meilen_v._N._W._aus_200_m-Inlandflüge-LBS_MH01-001665.tif	Commons:WikiProject Aviation/recent uploads/2016 December 15/Overflow 1	Sémhur	2017-02-23T17:29:48Z
1704	ETH-BIB-Lachen,_westlicher_Teil,_Obersee_aus_200_m-Inlandflüge-LBS_MH01-001674.tif	Commons:WikiProject Aviation/recent uploads/2016 December 15/Overflow 1	Sémhur	2017-02-23T17:29:48Z
1705	ETH-BIB-Kloster_Wurmsbach-Inlandflüge-LBS_MH01-001669.tif	Commons:WikiProject Aviation/recent uploads/2016 December 15/Overflow 1	Sémhur	2017-02-23T17:29:48Z
1706	ETH-BIB-Lachen-Inlandflüge-LBS_MH01-001675.tif	Commons:WikiProject Aviation/recent uploads/2016 December 15/Overflow 1	Sémhur	2017-02-23T17:29:48Z
1707	ETH-BIB-Schmerikon_mit_Bachtel_v._S._aus_200_m-Inlandflüge-LBS_MH01-001672.tif	Commons:WikiProject Aviation/recent uploads/2016 December 15/Overflow 1	Sémhur	2017-02-23T17:29:48Z
1708	ETH-BIB-Freienbach_am_Zürichsee_aus_300_m-Inlandflüge-LBS_MH01-001680.tif	Commons:WikiProject Aviation/recent uploads/2016 December 15/Overflow 1	Sémhur	2017-02-23T17:29:48Z
1709	ETH-BIB-Bäch,_Zürichsee_aus_300_m-Inlandflüge-LBS_MH01-001681.tif	Commons:WikiProject Aviation/recent uploads/2016 December 15/Overflow 1	Sémhur	2017-02-23T17:29:48Z
1710	ETH-BIB-Thalwil_aus_300_m-Inlandflüge-LBS_MH01-001688.tif	Commons:WikiProject Aviation/recent uploads/2016 December 15/Overflow 1	Sémhur	2017-02-23T17:29:48Z
1711	ETH-BIB-Thalwil,_Detail_aus_200_m-Inlandflüge-LBS_MH01-001693.tif	Commons:WikiProject Aviation/recent uploads/2016 December 15/Overflow 1	Sémhur	2017-02-23T17:29:48Z
1712	ETH-BIB-Kilchberg,_Schooren,_Böndler-Inlandflüge-LBS_MH01-001694.tif	Commons:WikiProject Aviation/recent uploads/2016 December 15/Overflow 1	Sémhur	2017-02-23T17:29:48Z
1713	ETH-BIB-Thalwil-Inlandflüge-LBS_MH01-001690-AL.tif	Commons:WikiProject Aviation/recent uploads/2016 December 15/Overflow 1	Sémhur	2017-02-23T17:29:48Z
1714	ETH-BIB-Thalwil,_katholische_Kirche-Inlandflüge-LBS_MH01-001691.tif	Commons:WikiProject Aviation/recent uploads/2016 December 15/Overflow 1	Sémhur	2017-02-23T17:29:48Z
1715	ETH-BIB-Rüschlikon_aus_150_m-Inlandflüge-LBS_MH01-001695.tif	Commons:WikiProject Aviation/recent uploads/2016 December 15/Overflow 1	Sémhur	2017-02-23T17:29:48Z
1716	ETH-BIB-Richterswil_v._W._aus_400_m-Inlandflüge-LBS_MH01-001698.tif	Commons:WikiProject Aviation/recent uploads/2016 December 15/Overflow 1	Sémhur	2017-02-23T17:29:48Z
1717	ETH-BIB-Richterswil_v._S._aus_300_m-Inlandflüge-LBS_MH01-001702.tif	Commons:WikiProject Aviation/recent uploads/2016 December 15/Overflow 1	Sémhur	2017-02-23T17:29:48Z
1718	ETH-BIB-Wädenswil_aus_200_m-Inlandflüge-LBS_MH01-001703.tif	Commons:WikiProject Aviation/recent uploads/2016 December 15/Overflow 1	Sémhur	2017-02-23T17:29:48Z
1719	ETH-BIB-Wädenswil_v._N._W.-Inlandflüge-LBS_MH01-001704.tif	Commons:WikiProject Aviation/recent uploads/2016 December 15/Overflow 1	Sémhur	2017-02-23T17:29:48Z
1720	ETH-BIB-Wädenswil,_Fabrik-Pfeninger_aus_200_m-Inlandflüge-LBS_MH01-001701.tif	Commons:WikiProject Aviation/recent uploads/2016 December 15/Overflow 1	Sémhur	2017-02-23T17:29:48Z
1721	ETH-BIB-Wädenswil_aus_200_m-Inlandflüge-LBS_MH01-001706.tif	Commons:WikiProject Aviation/recent uploads/2016 December 15/Overflow 1	Sémhur	2017-02-23T17:29:48Z
1722	ETH-BIB-Stäfa,_Kehlhof_aus_200_m-Inlandflüge-LBS_MH01-001707.tif	Commons:WikiProject Aviation/recent uploads/2016 December 15/Overflow 1	Sémhur	2017-02-23T17:29:48Z
1723	ETH-BIB-Wädenswil-Inlandflüge-LBS_MH01-001705.tif	Commons:WikiProject Aviation/recent uploads/2016 December 15/Overflow 1	Sémhur	2017-02-23T17:29:48Z
1724	ETH-BIB-Rapperswil-Jona,_Rüti_u._Bachtel_v._S.-Inlandflüge-LBS_MH01-001709.tif	Commons:WikiProject Aviation/recent uploads/2016 December 15/Overflow 1	Sémhur	2017-02-23T17:29:48Z
1725	ETH-BIB-Bollingen,_Obersee_aus_400_m-Inlandflüge-LBS_MH01-001712.tif	Commons:WikiProject Aviation/recent uploads/2016 December 15/Overflow 1	Sémhur	2017-02-23T17:29:48Z
1726	ETH-BIB-Uznach_v._S._aus_400_m-Inlandflüge-LBS_MH01-001714.tif	Commons:WikiProject Aviation/recent uploads/2016 December 15/Overflow 1	Sémhur	2017-02-23T17:29:48Z
1727	ETH-BIB-Rapperswil_(Bahnhof)_mit_Jona_v._S.-Inlandflüge-LBS_MH01-001710.tif	Commons:WikiProject Aviation/recent uploads/2016 December 15/Overflow 1	Sémhur	2017-02-23T17:29:48Z
1728	ETH-BIB-Thun-Inlandflüge-LBS_MH01-001711.tif	Commons:WikiProject Aviation/recent uploads/2016 December 15/Overflow 1	Sémhur	2017-02-23T17:29:48Z
1729	ETH-BIB-Obermeilen,_Meilen_aus_200_m-Inlandflüge-LBS_MH01-001708.tif	Commons:WikiProject Aviation/recent uploads/2016 December 15/Overflow 1	Sémhur	2017-02-23T17:29:48Z
1730	ETH-BIB-Zürichhorn,_Zürich,_Hangar_für_Wasserfahrzeuge_aus_200_m-Inlandflüge-LBS_MH01-001716.tif	Commons:WikiProject Aviation/recent uploads/2016 December 15/Overflow 1	Sémhur	2017-02-23T17:29:48Z
1731	ETH-BIB-Zürich-Münchhaldenschulhaus_aus_50_m-Inlandflüge-LBS_MH01-001718.tif	Commons:WikiProject Aviation/recent uploads/2016 December 15/Overflow 1	Sémhur	2017-02-23T17:29:48Z
1732	ETH-BIB-Adliswil_v._S._aus_600_m-Inlandflüge-LBS_MH01-001715.tif	Commons:WikiProject Aviation/recent uploads/2016 December 15/Overflow 1	Sémhur	2017-02-23T17:29:48Z
1733	ETH-BIB-Zollikon_aus_100_m-Inlandflüge-LBS_MH01-001719.tif	Commons:WikiProject Aviation/recent uploads/2016 December 15/Overflow 1	Sémhur	2017-02-23T17:29:48Z
1734	ETH-BIB-Rigi_Staffel,_Rigi_Kulm-Inlandflüge-LBS_MH01-001723.tif	Commons:WikiProject Aviation/recent uploads/2016 December 15/Overflow 1	Sémhur	2017-02-23T17:29:48Z
1735	ETH-BIB-Rigi,_Rigi_Kulm,_Berneralpen,_Sarnersee_v._N._O.-Inlandflüge-LBS_MH01-001721.tif	Commons:WikiProject Aviation/recent uploads/2016 December 15/Overflow 1	Sémhur	2017-02-23T17:29:48Z
1736	ETH-BIB-Rigi_Scheidegg,_Pilatus,_Stanserhorn_v._N._O._aus_1800_m-Inlandflüge-LBS_MH01-001722.tif	Commons:WikiProject Aviation/recent uploads/2016 December 15/Overflow 1	Sémhur	2017-02-23T17:29:48Z
1737	ETH-BIB-Rigi,_Rigi_Kulm,_Rotstockhorn,_Känzeli,_Buochserhorn_v._N.-Inlandflüge-LBS_MH01-001720.tif	Commons:WikiProject Aviation/recent uploads/2016 December 15/Overflow 1	Sémhur	2017-02-23T17:29:48Z
1738	ETH-BIB-Rigi,_Rigi_Kulm_aus_50_m-Inlandflüge-LBS_MH01-001727.tif	Commons:WikiProject Aviation/recent uploads/2016 December 15/Overflow 1	Sémhur	2017-02-23T17:29:48Z
1739	ETH-BIB-Rigi_Scheidegg,_Rigi-Kulm_v._O._aus_1800_m-Inlandflüge-LBS_MH01-001729.tif	Commons:WikiProject Aviation/recent uploads/2016 December 15/Overflow 1	Sémhur	2017-02-23T17:29:48Z
1740	ETH-BIB-Rigi_Kaltbad,_Rigi_Staffel,_Rigi_Kulm-Inlandflüge-LBS_MH01-001724.tif	Commons:WikiProject Aviation/recent uploads/2016 December 15/Overflow 1	Sémhur	2017-02-23T17:29:48Z
1741	ETH-BIB-Rigi,_Rigi_Kulm,_Rigi_Staffel-Inlandflüge-LBS_MH01-001728.tif	Commons:WikiProject Aviation/recent uploads/2016 December 15/Overflow 1	Sémhur	2017-02-23T17:29:48Z
1742	ETH-BIB-Rigi_Scheidegg,_Pilatus_v._O._aus_1800_m-Inlandflüge-LBS_MH01-001731.tif	Commons:WikiProject Aviation/recent uploads/2016 December 15/Overflow 1	Sémhur	2017-02-23T17:29:48Z
1743	ETH-BIB-Rossberg,_Bergsturzgebiet_v._S._W.-Inlandflüge-LBS_MH01-001734.tif	Commons:WikiProject Aviation/recent uploads/2016 December 15/Overflow 1	Sémhur	2017-02-23T17:29:48Z
1744	ETH-BIB-Rigi,_Rigi_Kaltbad,_Rigi_Kulm,_Rigi_Staffel,_Klösterli_v._S._W._aus_1800_m-Inlandflüge-LBS_MH01-001725.tif	Commons:WikiProject Aviation/recent uploads/2016 December 15/Overflow 1	Sémhur	2017-02-23T17:29:48Z
1745	ETH-BIB-Luzern,_Übersicht-Inlandflüge-LBS_MH01-001732.tif	Commons:WikiProject Aviation/recent uploads/2016 December 15/Overflow 1	Sémhur	2017-02-23T17:29:48Z
1746	ETH-BIB-Oberwil_bei_Zug_aus_300_m-Inlandflüge-LBS_MH01-001737.tif	Commons:WikiProject Aviation/recent uploads/2016 December 15/Overflow 1	Sémhur	2017-02-23T17:29:48Z
1747	ETH-BIB-Kehrsiten,_Vierwaldstättersee,_Bürgenstock,_Lopper,_Berneralpen,_Alpnachersee,_Stanserhorn-Inlandflüge-LBS_MH01-001733.tif	Commons:WikiProject Aviation/recent uploads/2016 December 15/Overflow 1	Sémhur	2017-02-23T17:29:48Z
1748	ETH-BIB-Rigi,_Rigi_Kulm_v._N._aus_1600_m-Inlandflüge-LBS_MH01-001735.tif	Commons:WikiProject Aviation/recent uploads/2016 December 15/Overflow 1	Sémhur	2017-02-23T17:29:48Z
1749	ETH-BIB-Rigi,_Rigikaltbad,_Zugersee-Inlandflüge-LBS_MH01-001730.tif	Commons:WikiProject Aviation/recent uploads/2016 December 15/Overflow 1	Sémhur	2017-02-23T17:29:48Z
1750	ETH-BIB-Arth-Goldau_aus_1200_m-Inlandflüge-LBS_MH01-001736.tif	Commons:WikiProject Aviation/recent uploads/2016 December 15/Overflow 1	Sémhur	2017-02-23T17:29:48Z
1751	ETH-BIB-Weggis,_Hotel_Strandbad-Weggis-Inlandflüge-LBS_MH01-001743.tif	Commons:WikiProject Aviation/recent uploads/2016 December 15/Overflow 1	Sémhur	2017-02-23T17:29:48Z
1752	ETH-BIB-Zug,_Übersicht_v._S._O.-Inlandflüge-LBS_MH01-001739.tif	Commons:WikiProject Aviation/recent uploads/2016 December 15/Overflow 1	Sémhur	2017-02-23T17:29:48Z
1753	ETH-BIB-Küssnacht_am_Rigi_v._O._aus_800_m-Inlandflüge-LBS_MH01-001742.tif	Commons:WikiProject Aviation/recent uploads/2016 December 15/Overflow 1	Sémhur	2017-02-23T17:29:48Z
1754	ETH-BIB-Weggis,_Hotel_Weggis-Inlandflüge-LBS_MH01-001747.tif	Commons:WikiProject Aviation/recent uploads/2016 December 15/Overflow 1	Sémhur	2017-02-23T17:29:48Z
1755	ETH-BIB-Zug,_senkrechte_Aufnahme_aus_500_m-Inlandflüge-LBS_MH01-001740.tif	Commons:WikiProject Aviation/recent uploads/2016 December 15/Overflow 1	Sémhur	2017-02-23T17:29:48Z
1756	ETH-BIB-Küssnacht_am_Rigi_v._O._aus_800_m-Inlandflüge-LBS_MH01-001741.tif	Commons:WikiProject Aviation/recent uploads/2016 December 15/Overflow 1	Sémhur	2017-02-23T17:29:48Z
1757	ETH-BIB-Weggis,_Schiffssteg-Inlandflüge-LBS_MH01-001744.tif	Commons:WikiProject Aviation/recent uploads/2016 December 15/Overflow 1	Sémhur	2017-02-23T17:29:48Z
1758	ETH-BIB-Luzern,_Gütsch-Inlandflüge-LBS_MH01-001748.tif	Commons:WikiProject Aviation/recent uploads/2016 December 15/Overflow 1	Sémhur	2017-02-23T17:29:48Z
1759	ETH-BIB-Pontresina,_Stazersee_(gefrohren)_Lej_da_Staz,_Piz_Languard_aus_4000_m-Inlandflüge-LBS_MH01-001502.tif	Commons:WikiProject Aviation/recent uploads/2016 December 15/Overflow 1	Sémhur	2017-02-23T17:29:48Z
1760	ETH-BIB-Luzern,_Hafen,_Werft,_Dampfschiffe-Inlandflüge-LBS_MH01-001754.tif	Commons:WikiProject Aviation/recent uploads/2016 December 15/Overflow 1	Sémhur	2017-02-23T17:29:48Z
1761	ETH-BIB-Luzern,_Dorenbach,_St._Anna,_Gerlisberg_aus_100_m-Inlandflüge-LBS_MH01-001752.tif	Commons:WikiProject Aviation/recent uploads/2016 December 15/Overflow 1	Sémhur	2017-02-23T17:29:48Z
1762	ETH-BIB-Luzern,_Detail-Inlandflüge-LBS_MH01-001751.tif	Commons:WikiProject Aviation/recent uploads/2016 December 15/Overflow 1	Sémhur	2017-02-23T17:29:48Z
1763	ETH-BIB-Weggis-Inlandflüge-LBS_MH01-001745.tif	Commons:WikiProject Aviation/recent uploads/2016 December 15/Overflow 1	Sémhur	2017-02-23T17:29:48Z
1764	ETH-BIB-Luzern,_Kapellbrücke,_Bahnhof,_Festhalle_aus_100_m-Inlandflüge-LBS_MH01-001753.tif	Commons:WikiProject Aviation/recent uploads/2016 December 15/Overflow 1	Sémhur	2017-02-23T17:29:48Z
1765	ETH-BIB-Luzern,_Hotel_Tivoli,_Hotel_Europe-Inlandflüge-LBS_MH01-001759.tif	Commons:WikiProject Aviation/recent uploads/2016 December 15/Overflow 1	Sémhur	2017-02-23T17:29:48Z
1766	ETH-BIB-Tödi,_Glärnisch,_Wiggis,_Näfels,_Mollis,_Netstal,_Rautispitz_aus_3500_m-Inlandflüge-LBS_MH01-001517.tif	Commons:WikiProject Aviation/recent uploads/2016 December 15/Overflow 1	Sémhur	2017-02-23T17:29:48Z
1767	ETH-BIB-Luzern,_Nationalquai,_Kursaal-Inlandflüge-LBS_MH01-001758.tif	Commons:WikiProject Aviation/recent uploads/2016 December 15/Overflow 1	Sémhur	2017-02-23T17:29:48Z
1768	ETH-BIB-Brunnen_v._S._aus_1000_m-Inlandflüge-LBS_MH01-001761.tif	Commons:WikiProject Aviation/recent uploads/2016 December 15/Overflow 1	Sémhur	2017-02-23T17:29:48Z
1769	ETH-BIB-Urnersee_mit_Alpen_und_Reuss,_Flüelen-Inlandflüge-LBS_MH01-001764.tif	Commons:WikiProject Aviation/recent uploads/2016 December 15/Overflow 1	Sémhur	2017-02-23T17:29:48Z
1770	ETH-BIB-Limmat_und_Aare_bei_Turgi,_Untersiggenthal_v._S._O._aus_1000_m-Inlandflüge-LBS_MH01-001286.tif	Commons:WikiProject Aviation/recent uploads/2016 December 15/Overflow 1	Sémhur	2017-02-23T17:29:48Z
1771	ETH-BIB-Morschach,_Brunnen,_Schwyz,_Sewen,_Axenstein-Inlandflüge-LBS_MH01-001763.tif	Commons:WikiProject Aviation/recent uploads/2016 December 15/Overflow 1	Sémhur	2017-02-23T17:29:48Z
1772	ETH-BIB-Brunnen,_Schwyz,_Mythen_v._W._aus_1200_m-Inlandflüge-LBS_MH01-001769.tif	Commons:WikiProject Aviation/recent uploads/2016 December 15/Overflow 1	Sémhur	2017-02-23T17:29:48Z
1773	ETH-BIB-Seelisberg_mit_Bürgenstock-Inlandflüge-LBS_MH01-001765.tif	Commons:WikiProject Aviation/recent uploads/2016 December 15/Overflow 1	Sémhur	2017-02-23T17:29:48Z
1774	ETH-BIB-Seelisberg,_Rophaien,_Bristen,_Urnersee-Inlandflüge-LBS_MH01-001768.tif	Commons:WikiProject Aviation/recent uploads/2016 December 15/Overflow 1	Sémhur	2017-02-23T17:29:48Z
1775	ETH-BIB-Morschach,_Brunnen,_Schwyz,_Sewen-Inlandflüge-LBS_MH01-001762.tif	Commons:WikiProject Aviation/recent uploads/2016 December 15/Overflow 1	Sémhur	2017-02-23T17:29:48Z
1776	ETH-BIB-Seelisberg,_Niederbauenstock,_Seelisbergsee_aus_1000_m-Inlandflüge-LBS_MH01-001766.tif	Commons:WikiProject Aviation/recent uploads/2016 December 15/Overflow 1	Sémhur	2017-02-23T17:29:48Z
1777	ETH-BIB-Zug_mit_Zugersee,_Rigi,_Vierwaldstättersee_v._N._aus_1000_m-Inlandflüge-LBS_MH01-001773.tif	Commons:WikiProject Aviation/recent uploads/2016 December 15/Overflow 1	Sémhur	2017-02-23T17:29:48Z
1778	ETH-BIB-Fribourg,_Grand,_Pérolles-Viadukt-Inlandflüge-LBS_MH01-001774.tif	Commons:WikiProject Aviation/recent uploads/2016 December 15/Overflow 1	Sémhur	2017-02-23T17:29:48Z
1779	ETH-BIB-Pilatus_mit_Vierwaldstättersee_v._N._O._aus_1200_m-Inlandflüge-LBS_MH01-001772.tif	Commons:WikiProject Aviation/recent uploads/2016 December 15/Overflow 1	Sémhur	2017-02-23T17:29:48Z
1780	ETH-BIB-Brunnen,_Schwyz,_Mythen_v._S._W._aus_800_m-Inlandflüge-LBS_MH01-001770.tif	Commons:WikiProject Aviation/recent uploads/2016 December 15/Overflow 1	Sémhur	2017-02-23T17:29:48Z
1781	ETH-BIB-Zugersee,_Immensee,_Chiemen-Inlandflüge-LBS_MH01-001771.tif	Commons:WikiProject Aviation/recent uploads/2016 December 15/Overflow 1	Sémhur	2017-02-23T17:29:48Z
1782	ETH-BIB-Seelisberg,_Niederbauenstock,_Oberbauenstock_v._N._O._aus_1200_m-Inlandflüge-LBS_MH01-001767.tif	Commons:WikiProject Aviation/recent uploads/2016 December 15/Overflow 1	Sémhur	2017-02-23T17:29:48Z
1783	ETH-BIB-Rossberg,_Bergsturzgebiet_v._N._W._aus_1000_m-Inlandflüge-LBS_MH01-001777.tif	Commons:WikiProject Aviation/recent uploads/2016 December 15/Overflow 1	Sémhur	2017-02-23T17:29:48Z
1784	ETH-BIB-Arth-Goldau,_Rigi_Kulm_aus_1000_m-Inlandflüge-LBS_MH01-001779.tif	Commons:WikiProject Aviation/recent uploads/2016 December 15/Overflow 1	Sémhur	2017-02-23T17:29:48Z
1785	ETH-BIB-Rossberg,_Bergsturzgebiet,_Zugersee_v._S._O._aus_1000_m-Inlandflüge-LBS_MH01-001776.tif	Commons:WikiProject Aviation/recent uploads/2016 December 15/Overflow 1	Sémhur	2017-02-23T17:29:48Z
1786	ETH-BIB-Rigi,_Zugersee_v._N._O._aus_1500_m-Inlandflüge-LBS_MH01-001775.tif	Commons:WikiProject Aviation/recent uploads/2016 December 15/Overflow 1	Sémhur	2017-02-23T17:29:48Z
1787	ETH-BIB-Arth-Goldau_v._S._O._aus_1000_m-Inlandflüge-LBS_MH01-001778.tif	Commons:WikiProject Aviation/recent uploads/2016 December 15/Overflow 1	Sémhur	2017-02-23T17:29:48Z
1788	ETH-BIB-Immensee,_Küssnacht,_Pilatus,_Zugersee,_Seeboden,_Vierwaldstättersee-Inlandflüge-LBS_MH01-001780.tif	Commons:WikiProject Aviation/recent uploads/2016 December 15/Overflow 1	Sémhur	2017-02-23T17:29:48Z
1789	ETH-BIB-Sihltal,_Baar,_Zugersee,_Zugerberg_v._N._aus_2000_m-Inlandflüge-LBS_MH01-001782.tif	Commons:WikiProject Aviation/recent uploads/2016 December 15/Overflow 1	Sémhur	2017-02-23T17:29:48Z
1790	ETH-BIB-Uf_Ibrig,_Muotathal,_Pfannenstock_aus_1200_m-Inlandflüge-LBS_MH01-001781.tif	Commons:WikiProject Aviation/recent uploads/2016 December 15/Overflow 1	Sémhur	2017-02-23T17:29:48Z
1791	ETH-BIB-Arth_am_Zugersee_aus_600_m-Inlandflüge-LBS_MH01-001784.tif	Commons:WikiProject Aviation/recent uploads/2016 December 15/Overflow 1	Sémhur	2017-02-23T17:29:48Z
1792	ETH-BIB-Arth_am_Zugersee_aus_600_m-Inlandflüge-LBS_MH01-001783.tif	Commons:WikiProject Aviation/recent uploads/2016 December 15/Overflow 1	Sémhur	2017-02-23T17:29:48Z
1793	ETH-BIB-Horgen,_Oberrieden,_Thalwil_v._S._O._aus_1000_m-Inlandflüge-LBS_MH01-001786.tif	Commons:WikiProject Aviation/recent uploads/2016 December 15/Overflow 1	Sémhur	2017-02-23T17:29:48Z
1794	ETH-BIB-Hausen_am_Albis,_Türlersee,_Reppischtal_aus_2000_m-Inlandflüge-LBS_MH01-001785.tif	Commons:WikiProject Aviation/recent uploads/2016 December 15/Overflow 1	Sémhur	2017-02-23T17:29:48Z
1795	ETH-BIB-Serneuser,_Schwendi,_Klosters,_Schlappintal,_Silvrettagruppe_v._S._aus_4000_m-Inlandflüge-LBS_MH01-001546.tif	Commons:WikiProject Aviation/recent uploads/2016 December 15/Overflow 1	Sémhur	2017-02-23T17:29:48Z
1796	ETH-BIB-Horgen_aus_800_m-Inlandflüge-LBS_MH01-001788.tif	Commons:WikiProject Aviation/recent uploads/2016 December 15/Overflow 1	Sémhur	2017-02-23T17:29:48Z
1797	ETH-BIB-Thalwil,_Detail,_Langnau-Inlandflüge-LBS_MH01-001787.tif	Commons:WikiProject Aviation/recent uploads/2016 December 15/Overflow 1	Sémhur	2017-02-23T17:29:48Z
1798	ETH-BIB-Rüschlikon-Inlandflüge-LBS_MH01-001789.tif	Commons:WikiProject Aviation/recent uploads/2016 December 15/Overflow 1	Sémhur	2017-02-23T17:29:48Z
1799	ETH-BIB-Pontresina,_Piz_Muragl,_Piz_Languard_v._N._W._aus_2200_m-Inlandflüge-LBS_MH01-001558.tif	Commons:WikiProject Aviation/recent uploads/2016 December 15/Overflow 1	Sémhur	2017-02-23T17:29:48Z
1800	ETH-BIB-Vitznau-Inlandflüge-LBS_MH01-001791.tif	Commons:WikiProject Aviation/recent uploads/2016 December 15/Overflow 1	Sémhur	2017-02-23T17:29:48Z
1801	ETH-BIB-Zürich,_Neumünster,_Hirslanden-Inlandflüge-LBS_MH01-001797.tif	Commons:WikiProject Aviation/recent uploads/2016 December 15/Overflow 1	Sémhur	2017-02-23T17:29:48Z
1802	ETH-BIB-St._Moritz,_Eisfeld-Kurverein_aus_500_m-Inlandflüge-LBS_MH01-001560.tif	Commons:WikiProject Aviation/recent uploads/2016 December 15/Overflow 1	Sémhur	2017-02-23T17:29:48Z
1803	ETH-BIB-Zürich-Wollishofen_aus_400_m-Inlandflüge-LBS_MH01-001799.tif	Commons:WikiProject Aviation/recent uploads/2016 December 15/Overflow 1	Sémhur	2017-02-23T17:29:48Z
1804	ETH-BIB-Zürich,_Hauptbahnhof,_Sihl_aus_100_m-Inlandflüge-LBS_MH01-001792.tif	Commons:WikiProject Aviation/recent uploads/2016 December 15/Overflow 1	Sémhur	2017-02-23T17:29:48Z
1805	ETH-BIB-Zürich,_Hauptbahnhof,_Landesmuseum,_Limmat_aus_100_m-Inlandflüge-LBS_MH01-001793.tif	Commons:WikiProject Aviation/recent uploads/2016 December 15/Overflow 1	Sémhur	2017-02-23T17:29:48Z
1806	ETH-BIB-Zürich,_Paradeplatz,_Münsterplatz-Inlandflüge-LBS_MH01-001794.tif	Commons:WikiProject Aviation/recent uploads/2016 December 15/Overflow 1	Sémhur	2017-02-23T17:29:48Z
1807	ETH-BIB-Zürich,_Uraniastrasse,_Sihl,_Sternwarte,_Amtshäuser-Inlandflüge-LBS_MH01-001795.tif	Commons:WikiProject Aviation/recent uploads/2016 December 15/Overflow 1	Sémhur	2017-02-23T17:29:48Z
1808	ETH-BIB-Horgen,_Käpfnach,_Meilibach,_Halbinsel_Au_aus_600_m-Inlandflüge-LBS_MH01-001802.tif	Commons:WikiProject Aviation/recent uploads/2016 December 15/Overflow 1	Sémhur	2017-02-23T17:29:48Z
1809	ETH-BIB-Kilchberg,_Detail,_Böndlerstrasse_150_m-Inlandflüge-LBS_MH01-001801.tif	Commons:WikiProject Aviation/recent uploads/2016 December 15/Overflow 1	Sémhur	2017-02-23T17:29:48Z
1810	ETH-BIB-Zürich,_Stadthausquai,_Bahnhofstrasse_aus_50_m-Inlandflüge-LBS_MH01-001800.tif	Commons:WikiProject Aviation/recent uploads/2016 December 15/Overflow 1	Sémhur	2017-02-23T17:29:48Z
1811	ETH-BIB-Horgen,_Albiskette_aus_500_m-Inlandflüge-LBS_MH01-001803.tif	Commons:WikiProject Aviation/recent uploads/2016 December 15/Overflow 1	Sémhur	2017-02-23T17:29:48Z
1812	ETH-BIB-Rüschlikon,_Hotel_Belvoir-Inlandflüge-LBS_MH01-001805.tif	Commons:WikiProject Aviation/recent uploads/2016 December 15/Overflow 1	Sémhur	2017-02-23T17:29:48Z
1813	ETH-BIB-Celerina_aus_200_m-Inlandflüge-LBS_MH01-001572-AL.tif	Commons:WikiProject Aviation/recent uploads/2016 December 15/Overflow 1	Sémhur	2017-02-23T17:29:48Z
1814	ETH-BIB-Zürich,_Seefeldstrasse,_Neumünsterquartier-Inlandflüge-LBS_MH01-001809.tif	Commons:WikiProject Aviation/recent uploads/2016 December 15/Overflow 1	Sémhur	2017-02-23T17:29:48Z
1815	ETH-BIB-Zürich,_Universität,_ETH_Zürich,_Hauptbahnhof-Inlandflüge-LBS_MH01-001806.tif	Commons:WikiProject Aviation/recent uploads/2016 December 15/Overflow 1	Sémhur	2017-02-23T17:29:48Z
1816	ETH-BIB-Horgen_v._S._aus_200_m-Inlandflüge-LBS_MH01-001813.tif	Commons:WikiProject Aviation/recent uploads/2016 December 15/Overflow 1	Sémhur	2017-02-23T17:29:48Z
1817	ETH-BIB-Meilen,_Übersicht_v._S._aus_200_m-Inlandflüge-LBS_MH01-001819.tif	Commons:WikiProject Aviation/recent uploads/2016 December 15/Overflow 1	Sémhur	2017-02-23T17:29:48Z
1818	ETH-BIB-Horgen,_Seerose_v._N._W._aus_300_m-Inlandflüge-LBS_MH01-001811.tif	Commons:WikiProject Aviation/recent uploads/2016 December 15/Overflow 1	Sémhur	2017-02-23T17:29:48Z
1819	ETH-BIB-Thalwil_v._S._aus_200_m-Inlandflüge-LBS_MH01-001814.tif	Commons:WikiProject Aviation/recent uploads/2016 December 15/Overflow 1	Sémhur	2017-02-23T17:29:48Z
1820	ETH-BIB-Männedorf-Inlandflüge-LBS_MH01-001818.tif	Commons:WikiProject Aviation/recent uploads/2016 December 15/Overflow 1	Sémhur	2017-02-23T17:29:48Z
1821	ETH-BIB-Unterengstringen-Inlandflüge-LBS_MH01-001586.tif	Commons:WikiProject Aviation/recent uploads/2016 December 15/Overflow 1	Sémhur	2017-02-23T17:29:48Z
1822	ETH-BIB-Rorbas_an_der_Töss_aus_1000_m-Inlandflüge-LBS_MH01-001822.tif	Commons:WikiProject Aviation/recent uploads/2016 December 15/Overflow 1	Sémhur	2017-02-23T17:29:48Z
1823	ETH-BIB-Thalwil,_Uetliberg_aus_200_m-Inlandflüge-LBS_MH01-001815.tif	Commons:WikiProject Aviation/recent uploads/2016 December 15/Overflow 1	Sémhur	2017-02-23T17:29:48Z
1824	ETH-BIB-Männedorf,_Hafen-Inlandflüge-LBS_MH01-001817.tif	Commons:WikiProject Aviation/recent uploads/2016 December 15/Overflow 1	Sémhur	2017-02-23T17:29:48Z
1825	ETH-BIB-Dachsen_bei_Schaffhausen-Inlandflüge-LBS_MH01-001824.tif	Commons:WikiProject Aviation/recent uploads/2016 December 15/Overflow 1	Sémhur	2017-02-23T17:29:48Z
1826	ETH-BIB-Zürich-Enge-Inlandflüge-LBS_MH01-001592.tif	Commons:WikiProject Aviation/recent uploads/2016 December 15/Overflow 1	Sémhur	2017-02-23T17:29:48Z
1827	ETH-BIB-Zürich-Burghölzli,_Forchstrasse,_Lenggstrasse_zum_Burghölzli_aus_300_m-Inlandflüge-LBS_MH01-001590.tif	Commons:WikiProject Aviation/recent uploads/2016 December 15/Overflow 1	Sémhur	2017-02-23T17:29:48Z
1828	ETH-BIB-Meilen_v._O._aus_1500_m-Inlandflüge-LBS_MH01-001821.tif	Commons:WikiProject Aviation/recent uploads/2016 December 15/Overflow 1	Sémhur	2017-02-23T17:29:48Z
1829	ETH-BIB-Buchberg,_Rheinlauf,_Eglisau-Inlandflüge-LBS_MH01-001823.tif	Commons:WikiProject Aviation/recent uploads/2016 December 15/Overflow 1	Sémhur	2017-02-23T17:29:48Z
1830	ETH-BIB-Rheinau,_Neurheinau_v._S._aus_300_m-Inlandflüge-LBS_MH01-001833.tif	Commons:WikiProject Aviation/recent uploads/2016 December 15/Overflow 1	Sémhur	2017-02-23T17:29:48Z
1831	ETH-BIB-Buchberg_bei_Eglisau_aus_200_m-Inlandflüge-LBS_MH01-001830.tif	Commons:WikiProject Aviation/recent uploads/2016 December 15/Overflow 1	Sémhur	2017-02-23T17:29:48Z
1832	ETH-BIB-Buchberg-Kirche,_Rebberge_aus_200_m-Inlandflüge-LBS_MH01-001831.tif	Commons:WikiProject Aviation/recent uploads/2016 December 15/Overflow 1	Sémhur	2017-02-23T17:29:48Z
1833	ETH-BIB-Stein_am_Rhein,_Burg_Hohenklingen,_Wolkensteinerberg-Inlandflüge-LBS_MH01-001839.tif	Commons:WikiProject Aviation/recent uploads/2016 December 15/Overflow 1	Sémhur	2017-02-23T17:29:48Z
1834	ETH-BIB-Stein_am_Rhein,_Detail_aus_200_m-Inlandflüge-LBS_MH01-001842.tif	Commons:WikiProject Aviation/recent uploads/2016 December 15/Overflow 1	Sémhur	2017-02-23T17:29:48Z
1835	ETH-BIB-Stein_am_Rhein,_Detail-Inlandflüge-LBS_MH01-001841.tif	Commons:WikiProject Aviation/recent uploads/2016 December 15/Overflow 1	Sémhur	2017-02-23T17:29:48Z
1836	ETH-BIB-Weggis_aus_100_m-Inlandflüge-LBS_MH01-001618.tif	Commons:WikiProject Aviation/recent uploads/2016 December 15/Overflow 1	Sémhur	2017-02-23T17:29:48Z
1837	ETH-BIB-Schaffhausen,_Munot,_Bahnhof_v._S._aus_200_m-Inlandflüge-LBS_MH01-001854.tif	Commons:WikiProject Aviation/recent uploads/2016 December 15/Overflow 1	Sémhur	2017-02-23T17:29:48Z
1838	ETH-BIB-Vitznau-Inlandflüge-LBS_MH01-001622.tif	Commons:WikiProject Aviation/recent uploads/2016 December 15/Overflow 1	Sémhur	2017-02-23T17:29:48Z
1839	ETH-BIB-Neuhausen,_Detail,_Fabrik-Inlandflüge-LBS_MH01-001855.tif	Commons:WikiProject Aviation/recent uploads/2016 December 15/Overflow 1	Sémhur	2017-02-23T17:29:48Z
1840	ETH-BIB-Weggis,_Strandbad_aus_100_m-Inlandflüge-LBS_MH01-001619.tif	Commons:WikiProject Aviation/recent uploads/2016 December 15/Overflow 1	Sémhur	2017-02-23T17:29:48Z
1841	ETH-BIB-Rheinfall,_Schloss_Laufen_aus_200_m-Inlandflüge-LBS_MH01-001859.tif	Commons:WikiProject Aviation/recent uploads/2016 December 15/Overflow 1	Sémhur	2017-02-23T17:29:48Z
1842	ETH-BIB-Uetliberg,_Uetliberg-Station-Inlandflüge-LBS_MH01-001631.tif	Commons:WikiProject Aviation/recent uploads/2016 December 15/Overflow 1	Sémhur	2017-02-23T17:29:48Z
1843	ETH-BIB-Rheinau,_Kloster_Rheinau-Inlandflüge-LBS_MH01-001863.tif	Commons:WikiProject Aviation/recent uploads/2016 December 15/Overflow 1	Sémhur	2017-02-23T17:29:48Z
1844	ETH-BIB-Zollikon_am_Zürichsee_aus_200_m-Inlandflüge-LBS_MH01-001637.tif	Commons:WikiProject Aviation/recent uploads/2016 December 15/Overflow 1	Sémhur	2017-02-23T17:29:48Z
1845	ETH-BIB-Küsnacht,_Goldbach_aus_300_m-Inlandflüge-LBS_MH01-001639.tif	Commons:WikiProject Aviation/recent uploads/2016 December 15/Overflow 1	Sémhur	2017-02-23T17:29:48Z
1846	ETH-BIB-Männedorf,_Weihern-Inlandflüge-LBS_MH01-001646.tif	Commons:WikiProject Aviation/recent uploads/2016 December 15/Overflow 1	Sémhur	2017-02-23T17:29:48Z
1847	ETH-BIB-Stäfa,_Kehlhof_aus_200_m-Inlandflüge-LBS_MH01-001656.tif	Commons:WikiProject Aviation/recent uploads/2016 December 15/Overflow 1	Sémhur	2017-02-23T17:29:48Z
1848	ETH-BIB-Hinwil_aus_100_m-Inlandflüge-LBS_MH01-001895.tif	Commons:WikiProject Aviation/recent uploads/2016 December 15/Overflow 1	Sémhur	2017-02-23T17:29:48Z
1849	ETH-BIB-Wetzikon,_Robenhausen_v._S._aus_200_m-Inlandflüge-LBS_MH01-001896.tif	Commons:WikiProject Aviation/recent uploads/2016 December 15/Overflow 1	Sémhur	2017-02-23T17:29:48Z
1850	ETH-BIB-Hinwil,_Bachtel-Inlandflüge-LBS_MH01-001897.tif	Commons:WikiProject Aviation/recent uploads/2016 December 15/Overflow 1	Sémhur	2017-02-23T17:29:48Z
1851	ETH-BIB-Ebnat-Kappel_v._N._W._aus_300_m-Inlandflüge-LBS_MH01-001901.tif	Commons:WikiProject Aviation/recent uploads/2016 December 15/Overflow 1	Sémhur	2017-02-23T17:29:48Z
1852	ETH-BIB-Rapperswil-Jona,_Zürichsee,_Buchberg-Inlandflüge-LBS_MH01-001666.tif	Commons:WikiProject Aviation/recent uploads/2016 December 15/Overflow 1	Sémhur	2017-02-23T17:29:48Z
1853	ETH-BIB-Uznach,_Gommiswald_aus_300_m-Inlandflüge-LBS_MH01-001673.tif	Commons:WikiProject Aviation/recent uploads/2016 December 15/Overflow 1	Sémhur	2017-02-23T17:29:48Z
1854	ETH-BIB-Kappel_und_Ebnat_im_mittleren_Toggenburg,_v._N._W.-Inlandflüge-LBS_MH01-001903.tif	Commons:WikiProject Aviation/recent uploads/2016 December 15/Overflow 1	Sémhur	2017-02-23T17:29:48Z
1855	ETH-BIB-Obertoggenburg,_Stein-Inlandflüge-LBS_MH01-001905.tif	Commons:WikiProject Aviation/recent uploads/2016 December 15/Overflow 1	Sémhur	2017-02-23T17:29:48Z
1856	ETH-BIB-Lachen_v._W._aus_300_m-Inlandflüge-LBS_MH01-001678.tif	Commons:WikiProject Aviation/recent uploads/2016 December 15/Overflow 1	Sémhur	2017-02-23T17:29:48Z
1857	ETH-BIB-Rüti,_östlicher_Teil_aus_300_m-Inlandflüge-LBS_MH01-001898.tif	Commons:WikiProject Aviation/recent uploads/2016 December 15/Overflow 1	Sémhur	2017-02-23T17:29:48Z
1858	ETH-BIB-Horgen_v._S._O._aus_300_m-Inlandflüge-LBS_MH01-001684.tif	Commons:WikiProject Aviation/recent uploads/2016 December 15/Overflow 1	Sémhur	2017-02-23T17:29:48Z
1859	ETH-BIB-Au,_Halbinsel_Au_aus_250_m-Inlandflüge-LBS_MH01-001683.tif	Commons:WikiProject Aviation/recent uploads/2016 December 15/Overflow 1	Sémhur	2017-02-23T17:29:48Z
1860	ETH-BIB-Thalwil-Inlandflüge-LBS_MH01-001689.tif	Commons:WikiProject Aviation/recent uploads/2016 December 15/Overflow 1	Sémhur	2017-02-23T17:29:48Z
1861	ETH-BIB-Neu_St._Johann,_Nesslau_v._N._W._aus_200_m-Inlandflüge-LBS_MH01-001909.tif	Commons:WikiProject Aviation/recent uploads/2016 December 15/Overflow 1	Sémhur	2017-02-23T17:29:48Z
1862	ETH-BIB-Ennetbühl,_Luterental,_Hübschholz_aus_1000_m-Inlandflüge-LBS_MH01-001907.tif	Commons:WikiProject Aviation/recent uploads/2016 December 15/Overflow 1	Sémhur	2017-02-23T17:29:48Z
1863	ETH-BIB-Stein,_Toggenburg,_Obertoggenburg,_Churfirsten-Inlandflüge-LBS_MH01-001906.tif	Commons:WikiProject Aviation/recent uploads/2016 December 15/Overflow 1	Sémhur	2017-02-23T17:29:48Z
1864	ETH-BIB-Ennetbühl,_Stockberg,_Rietbad,_Säntis_aus_1000_m-Inlandflüge-LBS_MH01-001910.tif	Commons:WikiProject Aviation/recent uploads/2016 December 15/Overflow 1	Sémhur	2017-02-23T17:29:48Z
1865	ETH-BIB-Krummenau,_Neu_St._Johann,_Nesslau,_Stockberg,_Säntiskette,_Churfirsten-Inlandflüge-LBS_MH01-001913.tif	Commons:WikiProject Aviation/recent uploads/2016 December 15/Overflow 1	Sémhur	2017-02-23T17:29:48Z
1866	ETH-BIB-Wattwil,_Obertoggenburg_u._Churfristen_v._N._W.-Inlandflüge-LBS_MH01-001917.tif	Commons:WikiProject Aviation/recent uploads/2016 December 15/Overflow 1	Sémhur	2017-02-23T17:29:48Z
1867	ETH-BIB-Lichtensteig_v._W._300_m-Inlandflüge-LBS_MH01-001920.tif	Commons:WikiProject Aviation/recent uploads/2016 December 15/Overflow 1	Sémhur	2017-02-23T17:29:48Z
1868	ETH-BIB-Wädenswil_aus_200_m-Inlandflüge-LBS_MH01-001696.tif	Commons:WikiProject Aviation/recent uploads/2016 December 15/Overflow 1	Sémhur	2017-02-23T17:29:48Z
1869	ETH-BIB-Wil_(SG),_Altstadt_aus_150_m-Inlandflüge-LBS_MH01-001925.tif	Commons:WikiProject Aviation/recent uploads/2016 December 15/Overflow 1	Sémhur	2017-02-23T17:29:48Z
1870	ETH-BIB-Lichtensteig_v._W._aus_300_m-Inlandflüge-LBS_MH01-001921.tif	Commons:WikiProject Aviation/recent uploads/2016 December 15/Overflow 1	Sémhur	2017-02-23T17:29:48Z
1871	ETH-BIB-Elgg_v._N._W._aus_500_m-Inlandflüge-LBS_MH01-001934.tif	Commons:WikiProject Aviation/recent uploads/2016 December 15/Overflow 1	Sémhur	2017-02-23T17:29:48Z
1872	ETH-BIB-Wil_(SG),_Bahnhof-Inlandflüge-LBS_MH01-001928-AL.tif	Commons:WikiProject Aviation/recent uploads/2016 December 15/Overflow 1	Sémhur	2017-02-23T17:29:48Z
1873	ETH-BIB-Uznach_v._S._aus_400_m-Inlandflüge-LBS_MH01-001713.tif	Commons:WikiProject Aviation/recent uploads/2016 December 15/Overflow 1	Sémhur	2017-02-23T17:29:48Z
1874	ETH-BIB-Zürich,_Seefeldquai,_Grossmünster_aus_50_m-Inlandflüge-LBS_MH01-001717.tif	Commons:WikiProject Aviation/recent uploads/2016 December 15/Overflow 1	Sémhur	2017-02-23T17:29:48Z
1875	ETH-BIB-Elgg,_Schloss_v._N._W._aus_600_m-Inlandflüge-LBS_MH01-001935.tif	Commons:WikiProject Aviation/recent uploads/2016 December 15/Overflow 1	Sémhur	2017-02-23T17:29:48Z
1876	ETH-BIB-San_Salvatore,_Lugano-Inlandflüge-LBS_MH01-001940.tif	Commons:WikiProject Aviation/recent uploads/2016 December 15/Overflow 1	Sémhur	2017-02-23T17:29:48Z
1877	ETH-BIB-Winterthur,_Altstadt-Inlandflüge-LBS_MH01-001936.tif	Commons:WikiProject Aviation/recent uploads/2016 December 15/Overflow 1	Sémhur	2017-02-23T17:29:48Z
1878	ETH-BIB-Maroggia,_Val_Mara-Inlandflüge-LBS_MH01-001947.tif	Commons:WikiProject Aviation/recent uploads/2016 December 15/Overflow 1	Sémhur	2017-02-23T17:29:48Z
1879	ETH-BIB-Lugano,_Bahnhof-Inlandflüge-LBS_MH01-001944.tif	Commons:WikiProject Aviation/recent uploads/2016 December 15/Overflow 1	Sémhur	2017-02-23T17:29:48Z
1880	ETH-BIB-Lugano,_Collège_aus_100_m-Inlandflüge-LBS_MH01-001943.tif	Commons:WikiProject Aviation/recent uploads/2016 December 15/Overflow 1	Sémhur	2017-02-23T17:29:48Z
1881	ETH-BIB-Gandria_am_Luganersee_v._S._aus_200_m-Inlandflüge-LBS_MH01-001948.tif	Commons:WikiProject Aviation/recent uploads/2016 December 15/Overflow 1	Sémhur	2017-02-23T17:29:48Z
1882	ETH-BIB-Lugano,_Muzzanosee,_Agno-Inlandflüge-LBS_MH01-001951.tif	Commons:WikiProject Aviation/recent uploads/2016 December 15/Overflow 1	Sémhur	2017-02-23T17:29:48Z
1883	ETH-BIB-Castagnola,_Ruvigliana_v._O.-Inlandflüge-LBS_MH01-001950.tif	Commons:WikiProject Aviation/recent uploads/2016 December 15/Overflow 1	Sémhur	2017-02-23T17:29:48Z
1884	ETH-BIB-Castangola,_Ruvigliana_v._S._aus_300_m-Inlandflüge-LBS_MH01-001949.tif	Commons:WikiProject Aviation/recent uploads/2016 December 15/Overflow 1	Sémhur	2017-02-23T17:29:48Z
1885	ETH-BIB-Agra,_Lavena,_Monte_Caslano,_Caslano,_Colina_d'oro,_Ponte_Tresa-Inlandflüge-LBS_MH01-001946.tif	Commons:WikiProject Aviation/recent uploads/2016 December 15/Overflow 1	Sémhur	2017-02-23T17:29:48Z
1886	ETH-BIB-Paradiso,_Lugano_aus_400_m-Inlandflüge-LBS_MH01-001953.tif	Commons:WikiProject Aviation/recent uploads/2016 December 15/Overflow 1	Sémhur	2017-02-23T17:29:48Z
1887	ETH-BIB-Ponte_Tresa-Inlandflüge-LBS_MH01-001955.tif	Commons:WikiProject Aviation/recent uploads/2016 December 15/Overflow 1	Sémhur	2017-02-23T17:29:48Z
1888	ETH-BIB-Lugano_v._S._aus_300_m-Inlandflüge-LBS_MH01-001952.tif	Commons:WikiProject Aviation/recent uploads/2016 December 15/Overflow 1	Sémhur	2017-02-23T17:29:48Z
1889	ETH-BIB-Agra,_Collina_d'Oro-Inlandflüge-LBS_MH01-001961.tif	Commons:WikiProject Aviation/recent uploads/2016 December 15/Overflow 1	Sémhur	2017-02-23T17:29:48Z
1890	ETH-BIB-Caslano,_Ponte_Tresa-Inlandflüge-LBS_MH01-001958.tif	Commons:WikiProject Aviation/recent uploads/2016 December 15/Overflow 1	Sémhur	2017-02-23T17:29:48Z
1891	ETH-BIB-Agra,_Collina_d'Oro,_Lugano-Inlandflüge-LBS_MH01-001962.tif	Commons:WikiProject Aviation/recent uploads/2016 December 15/Overflow 1	Sémhur	2017-02-23T17:29:48Z
1892	ETH-BIB-Caslano,_Pura,_Monte_Mondini,_Maghliaso,_Malcantone-Inlandflüge-LBS_MH01-001959.tif	Commons:WikiProject Aviation/recent uploads/2016 December 15/Overflow 1	Sémhur	2017-02-23T17:29:48Z
1893	ETH-BIB-Monte_Caslano,_Ponte_Tresa,_Lago_di_Lugano,_Magliaso_v._N._O._aus_1500_m-Inlandflüge-LBS_MH01-001956.tif	Commons:WikiProject Aviation/recent uploads/2016 December 15/Overflow 1	Sémhur	2017-02-23T17:29:48Z
1894	ETH-BIB-Brusimpiano,_Monte_Caslano-Inlandflüge-LBS_MH01-001957.tif	Commons:WikiProject Aviation/recent uploads/2016 December 15/Overflow 1	Sémhur	2017-02-23T17:29:48Z
1895	ETH-BIB-Magadinoebene,_Piano_di_Magadino,_Val_d'Agno-Inlandflüge-LBS_MH01-001960.tif	Commons:WikiProject Aviation/recent uploads/2016 December 15/Overflow 1	Sémhur	2017-02-23T17:29:48Z
1896	ETH-BIB-Ponte_Tresa,_Magliasina-Inlandflüge-LBS_MH01-001963.tif	Commons:WikiProject Aviation/recent uploads/2016 December 15/Overflow 1	Sémhur	2017-02-23T17:29:48Z
1897	ETH-BIB-Morcote-Inlandflüge-LBS_MH01-001967.tif	Commons:WikiProject Aviation/recent uploads/2016 December 15/Overflow 1	Sémhur	2017-02-23T17:29:48Z
1898	ETH-BIB-Monte_Bré,_Tegna,_Casarate_v._O._aus_1000_m-Inlandflüge-LBS_MH01-001970.tif	Commons:WikiProject Aviation/recent uploads/2016 December 15/Overflow 1	Sémhur	2017-02-23T17:29:48Z
1899	ETH-BIB-Monte_Brè,_Lugano_aus_1000_m-Inlandflüge-LBS_MH01-001975.tif	Commons:WikiProject Aviation/recent uploads/2016 December 15/Overflow 1	Sémhur	2017-02-23T17:29:48Z
1900	ETH-BIB-Vico_Morcote_v._S.-Inlandflüge-LBS_MH01-001968.tif	Commons:WikiProject Aviation/recent uploads/2016 December 15/Overflow 1	Sémhur	2017-02-23T17:29:48Z
1901	ETH-BIB-Carona,_Agra,_Malcantone-Inlandflüge-LBS_MH01-001969.tif	Commons:WikiProject Aviation/recent uploads/2016 December 15/Overflow 1	Sémhur	2017-02-23T17:29:48Z
1902	ETH-BIB-Morcote,_Kirche-Inlandflüge-LBS_MH01-001971.tif	Commons:WikiProject Aviation/recent uploads/2016 December 15/Overflow 1	Sémhur	2017-02-23T17:29:48Z
1903	ETH-BIB-Castagnola,_Hangar,_Lugano-Inlandflüge-LBS_MH01-001980.tif	Commons:WikiProject Aviation/recent uploads/2016 December 15/Overflow 1	Sémhur	2017-02-23T17:29:48Z
1904	ETH-BIB-San_Salvatore_mit_Aussichtsturm_aus_900_m-Inlandflüge-LBS_MH01-001979.tif	Commons:WikiProject Aviation/recent uploads/2016 December 15/Overflow 1	Sémhur	2017-02-23T17:29:48Z
1905	ETH-BIB-Monte_Brè,_Ruvigliano,_Lugano_aus_1000_m-Inlandflüge-LBS_MH01-001978.tif	Commons:WikiProject Aviation/recent uploads/2016 December 15/Overflow 1	Sémhur	2017-02-23T17:29:48Z
1906	ETH-BIB-San_Salvatore_mit_Aussichtsturm-Inlandflüge-LBS_MH01-001976.tif	Commons:WikiProject Aviation/recent uploads/2016 December 15/Overflow 1	Sémhur	2017-02-23T17:29:48Z
1907	ETH-BIB-Lugano,_Bahnhof-Inlandflüge-LBS_MH01-001984.tif	Commons:WikiProject Aviation/recent uploads/2016 December 15/Overflow 1	Sémhur	2017-02-23T17:29:48Z
1908	ETH-BIB-Lugano,_Quai_mit_Hotels_aus_50_m-Inlandflüge-LBS_MH01-001988.tif	Commons:WikiProject Aviation/recent uploads/2016 December 15/Overflow 1	Sémhur	2017-02-23T17:29:48Z
1909	ETH-BIB-Luzern,_Altstadt,_Wasserturm,_Kapellbrücke-Inlandflüge-LBS_MH01-001755.tif	Commons:WikiProject Aviation/recent uploads/2016 December 15/Overflow 1	Sémhur	2017-02-23T17:29:48Z
1910	ETH-BIB-Lugano_aus_800_m-Inlandflüge-LBS_MH01-001986.tif	Commons:WikiProject Aviation/recent uploads/2016 December 15/Overflow 1	Sémhur	2017-02-23T17:29:48Z
1911	ETH-BIB-Caslano,_Magliaso,_Pura,_Neggio,_Tamoro-Inlandflüge-LBS_MH01-001992.tif	Commons:WikiProject Aviation/recent uploads/2016 December 15/Overflow 1	Sémhur	2017-02-23T17:29:48Z
1912	ETH-BIB-Brunnen_v._S._aus_1000_m-Inlandflüge-LBS_MH01-001760.tif	Commons:WikiProject Aviation/recent uploads/2016 December 15/Overflow 1	Sémhur	2017-02-23T17:29:48Z
1913	ETH-BIB-Mont_Brè,_Monte_Boglia_v._S._aus_1100_m-Inlandflüge-LBS_MH01-001994.tif	Commons:WikiProject Aviation/recent uploads/2016 December 15/Overflow 1	Sémhur	2017-02-23T17:29:48Z
1914	ETH-BIB-Bissone,_Melide,_Agra,_Ponte_Tresa_v._O._aus_1800_m-Inlandflüge-LBS_MH01-002002.tif	Commons:WikiProject Aviation/recent uploads/2016 December 15/Overflow 1	Sémhur	2017-02-23T17:29:48Z
1915	ETH-BIB-Monte_San_Giorgio,_Morcote-Inlandflüge-LBS_MH01-001998.tif	Commons:WikiProject Aviation/recent uploads/2016 December 15/Overflow 1	Sémhur	2017-02-23T17:29:48Z
1916	ETH-BIB-Zermatt,_Weisshorn,_Äschhorn,_Mettelhorn_v._S._aus_5000_m-Inlandflüge-LBS_MH01-002003.tif	Commons:WikiProject Aviation/recent uploads/2016 December 15/Overflow 1	Sémhur	2017-02-23T17:29:48Z
1917	ETH-BIB-Pura,_Magliasina,_Neggio,_Curio,_Novagio-Inlandflüge-LBS_MH01-002001.tif	Commons:WikiProject Aviation/recent uploads/2016 December 15/Overflow 1	Sémhur	2017-02-23T17:29:48Z
1918	ETH-BIB-Ormont-Dessous,_Mont_d'Or-Inlandflüge-LBS_MH01-002010.tif	Commons:WikiProject Aviation/recent uploads/2016 December 15/Overflow 1	Sémhur	2017-02-23T17:29:48Z
1919	ETH-BIB-Dent_d'Hérens,_Val_Vallpeline_v._S._O._aus_5000_m-Inlandflüge-LBS_MH01-002006.tif	Commons:WikiProject Aviation/recent uploads/2016 December 15/Overflow 1	Sémhur	2017-02-23T17:29:48Z
1920	ETH-BIB-Matterhorn,_Val_de_Challant_v._N._W._aus_5000_m-Inlandflüge-LBS_MH01-002009.tif	Commons:WikiProject Aviation/recent uploads/2016 December 15/Overflow 1	Sémhur	2017-02-23T17:29:48Z
1921	ETH-BIB-Mont_Collon,_Haut,_Glacier_de_l'Arolla,_Matterhorn_v._N._W._aus_5000_m-Inlandflüge-LBS_MH01-002012.tif	Commons:WikiProject Aviation/recent uploads/2016 December 15/Overflow 1	Sémhur	2017-02-23T17:29:48Z
1922	ETH-BIB-Zermatter_Breithorn,_Breithorngletscher_v._N._aus_4900_m-Inlandflüge-LBS_MH01-002013.tif	Commons:WikiProject Aviation/recent uploads/2016 December 15/Overflow 1	Sémhur	2017-02-23T17:29:48Z
1923	ETH-BIB-Matterhorngipfel_v._N._O._aus_5000_m-Inlandflüge-LBS_MH01-002017.tif	Commons:WikiProject Aviation/recent uploads/2016 December 15/Overflow 1	Sémhur	2017-02-23T17:29:48Z
1924	ETH-BIB-Matterhorngipfel,_Dent_d'Hérens_v._O._aus_4900_m-Inlandflüge-LBS_MH01-002020.tif	Commons:WikiProject Aviation/recent uploads/2016 December 15/Overflow 1	Sémhur	2017-02-23T17:29:48Z
1925	ETH-BIB-Leysin,_Tour_d'Aï,_Tour_de_Mayen_v._S._aus_3000_m-Inlandflüge-LBS_MH01-002021.tif	Commons:WikiProject Aviation/recent uploads/2016 December 15/Overflow 1	Sémhur	2017-02-23T17:29:48Z
1926	ETH-BIB-Ausgang_des_Val_d'Entremont_und_der_Strasse_vom_Grossen_St._Bernhard_beim_Städtlein_Sembrancher,_darüber_der_Mt._Catogne_v._N._O._aus_4500_m-Inlandflüge-LBS_MH01-002019.tif	Commons:WikiProject Aviation/recent uploads/2016 December 15/Overflow 1	Sémhur	2017-02-23T17:29:48Z
1927	ETH-BIB-Monte_Rosa,_Ostwand-Inlandflüge-LBS_MH01-002018.tif	Commons:WikiProject Aviation/recent uploads/2016 December 15/Overflow 1	Sémhur	2017-02-23T17:29:48Z
1928	ETH-BIB-Leysin,_Kolonie_von_Sanatorien_am_Fusse_der_Tour_d'Aï,_Tour_de_Mayen_v._S._aus_3000_m-Inlandflüge-LBS_MH01-002024.tif	Commons:WikiProject Aviation/recent uploads/2016 December 15/Overflow 1	Sémhur	2017-02-23T17:29:48Z
1929	ETH-BIB-Matterhorngipfel_v._N._W._aus_5000_m-Inlandflüge-LBS_MH01-002025.tif	Commons:WikiProject Aviation/recent uploads/2016 December 15/Overflow 1	Sémhur	2017-02-23T17:29:48Z
1930	ETH-BIB-Mont_Blanc_de_Cheilon,_Pigne_d'Arolla_v._N._aus_5000_m-Inlandflüge-LBS_MH01-002026.tif	Commons:WikiProject Aviation/recent uploads/2016 December 15/Overflow 1	Sémhur	2017-02-23T17:29:48Z
1931	ETH-BIB-Leysin,_Tour_d'Aï-Inlandflüge-LBS_MH01-002027.tif	Commons:WikiProject Aviation/recent uploads/2016 December 15/Overflow 1	Sémhur	2017-02-23T17:29:48Z
1932	ETH-BIB-Matterhorngipfel_v._N._aus_5000_m-Inlandflüge-LBS_MH01-002030.tif	Commons:WikiProject Aviation/recent uploads/2016 December 15/Overflow 1	Sémhur	2017-02-23T17:29:48Z
1933	ETH-BIB-Dent_Blanche,_Point_de_Zinal,_Val_d'Anniviers_v._O._aus_5000_m-Inlandflüge-LBS_MH01-002033.tif	Commons:WikiProject Aviation/recent uploads/2016 December 15/Overflow 1	Sémhur	2017-02-23T17:29:48Z
1934	ETH-BIB-Mont_Blanc_de_Cheilon,_Grand_Combin,_Mont_Blanc-Inlandflüge-LBS_MH01-002032.tif	Commons:WikiProject Aviation/recent uploads/2016 December 15/Overflow 1	Sémhur	2017-02-23T17:29:48Z
1935	ETH-BIB-Mont_Collon,_Glacier_d'Otemma_v._N._aus_4500_m-Inlandflüge-LBS_MH01-002040.tif	Commons:WikiProject Aviation/recent uploads/2016 December 15/Overflow 1	Sémhur	2017-02-23T17:29:48Z
1936	ETH-BIB-Pigne_d'Arolla,_Glacier_du_Brenau,_Grand_Combin,_Glacier_d'Otemma_v._N._O._aus_5000_m-Inlandflüge-LBS_MH01-002037.tif	Commons:WikiProject Aviation/recent uploads/2016 December 15/Overflow 1	Sémhur	2017-02-23T17:29:48Z
1937	ETH-BIB-Walliseralpen_am_Simplon,_Weissmies,_Vallée_d'Antrona,_Berneralpen,_Monte_Leone_aus_4300_m-Inlandflüge-LBS_MH01-002038.tif	Commons:WikiProject Aviation/recent uploads/2016 December 15/Overflow 1	Sémhur	2017-02-23T17:29:48Z
1938	ETH-BIB-Monte_Rosa,_Ostwand,_Belvedere,_Macugnagagletscher_v._O._aus_5000_m-Inlandflüge-LBS_MH01-002036.tif	Commons:WikiProject Aviation/recent uploads/2016 December 15/Overflow 1	Sémhur	2017-02-23T17:29:48Z
1939	ETH-BIB-Zürich-Fluntern,_Zürichberg,_Akloholfreies_Restaurant-Inlandflüge-LBS_MH01-001807.tif	Commons:WikiProject Aviation/recent uploads/2016 December 15/Overflow 1	Sémhur	2017-02-23T17:29:48Z
1940	ETH-BIB-Matterhorn,_Liskamm_v._W._aus_5000_m-Inlandflüge-LBS_MH01-002039.tif	Commons:WikiProject Aviation/recent uploads/2016 December 15/Overflow 1	Sémhur	2017-02-23T17:29:48Z
1941	ETH-BIB-Strahlhorn,_Mischabel,_Berneralpen-Inlandflüge-LBS_MH01-002045.tif	Commons:WikiProject Aviation/recent uploads/2016 December 15/Overflow 1	Sémhur	2017-02-23T17:29:48Z
1942	ETH-BIB-Monte_Moro,_Mischabelhörner_v._S._aus_4300_m-Inlandflüge-LBS_MH01-002043.tif	Commons:WikiProject Aviation/recent uploads/2016 December 15/Overflow 1	Sémhur	2017-02-23T17:29:48Z
1943	ETH-BIB-Macugnaga,_Pizzo_Bianco,_Monte_Rosa,_Matterhorn-Inlandflüge-LBS_MH01-002042.tif	Commons:WikiProject Aviation/recent uploads/2016 December 15/Overflow 1	Sémhur	2017-02-23T17:29:48Z
1944	ETH-BIB-Nebelmeer_über_Val_d'Aosta,_Matterhorn,_Mischalbelhörner,_Weissmies_v._S._aus_4000_m-Inlandflüge-LBS_MH01-002041.tif	Commons:WikiProject Aviation/recent uploads/2016 December 15/Overflow 1	Sémhur	2017-02-23T17:29:48Z
1945	ETH-BIB-Horgen,_Zentrum_aus_200_m-Inlandflüge-LBS_MH01-001812.tif	Commons:WikiProject Aviation/recent uploads/2016 December 15/Overflow 1	Sémhur	2017-02-23T17:29:48Z
1946	ETH-BIB-Genf_=_Genève,_Gare_de_Cornavin_aus_200_m-Inlandflüge-LBS_MH01-002051.tif	Commons:WikiProject Aviation/recent uploads/2016 December 15/Overflow 1	Sémhur	2017-02-23T17:29:48Z
1947	ETH-BIB-Berneralpen_von_Pallanza_aus,_Wolkenmeer_aus_3500_m-Inlandflüge-LBS_MH01-002044.tif	Commons:WikiProject Aviation/recent uploads/2016 December 15/Overflow 1	Sémhur	2017-02-23T17:29:48Z
1948	ETH-BIB-Nebelmeer_mit_Weissmies,_Simplon,_Monte_Leone_v._S._aus_3500_m-Inlandflüge-LBS_MH01-002048.tif	Commons:WikiProject Aviation/recent uploads/2016 December 15/Overflow 1	Sémhur	2017-02-23T17:29:48Z
1949	ETH-BIB-Monte_Rosa,_Ostwand_v._N._O._aus_4300_m-Inlandflüge-LBS_MH01-002046.tif	Commons:WikiProject Aviation/recent uploads/2016 December 15/Overflow 1	Sémhur	2017-02-23T17:29:48Z
1950	ETH-BIB-Mendrisiotto,_Chiasso,_Como_v._N._aus_2000_m-Inlandflüge-LBS_MH01-002061.tif	Commons:WikiProject Aviation/recent uploads/2016 December 15/Overflow 1	Sémhur	2017-02-23T17:29:48Z
1951	ETH-BIB-Morges,_Übersicht_aus_200_m-Inlandflüge-LBS_MH01-002055.tif	Commons:WikiProject Aviation/recent uploads/2016 December 15/Overflow 1	Sémhur	2017-02-23T17:29:48Z
1952	ETH-BIB-Lutry_v._S._aus_100_m-Inlandflüge-LBS_MH01-002057.tif	Commons:WikiProject Aviation/recent uploads/2016 December 15/Overflow 1	Sémhur	2017-02-23T17:29:48Z
1953	ETH-BIB-Vevey_v._S._O._aus_200_m-Inlandflüge-LBS_MH01-002058.tif	Commons:WikiProject Aviation/recent uploads/2016 December 15/Overflow 1	Sémhur	2017-02-23T17:29:48Z
1954	ETH-BIB-Monte_Generoso,_Arogno,_Lugano,_Gotthard_v._S._aus_2000_m-Inlandflüge-LBS_MH01-002066.tif	Commons:WikiProject Aviation/recent uploads/2016 December 15/Overflow 1	Sémhur	2017-02-23T17:29:48Z
1955	ETH-BIB-Rüdlingen_am_Rhein_v._O._aus_300_m-Inlandflüge-LBS_MH01-001832.tif	Commons:WikiProject Aviation/recent uploads/2016 December 15/Overflow 1	Sémhur	2017-02-23T17:29:48Z
1956	ETH-BIB-Morges,_nördlicher_Teil_v._S._aus_100_m-Inlandflüge-LBS_MH01-002059.tif	Commons:WikiProject Aviation/recent uploads/2016 December 15/Overflow 1	Sémhur	2017-02-23T17:29:48Z
1957	ETH-BIB-Nyon_v._S._aus_200_m-Inlandflüge-LBS_MH01-002069.tif	Commons:WikiProject Aviation/recent uploads/2016 December 15/Overflow 1	Sémhur	2017-02-23T17:29:48Z
1958	ETH-BIB-Monte_Generoso,_Monte_Boglia_v._S._aus_2000_m-Inlandflüge-LBS_MH01-002065.tif	Commons:WikiProject Aviation/recent uploads/2016 December 15/Overflow 1	Sémhur	2017-02-23T17:29:48Z
1959	ETH-BIB-Spiez,_Bahnhof_aus_200_m-Inlandflüge-LBS_MH01-001595.tif	Commons:WikiProject Aviation/recent uploads/2016 December 15/Overflow 1	Sémhur	2017-02-23T17:29:48Z
1960	ETH-BIB-Nyon,_Zentrum_aus_200_m-Inlandflüge-LBS_MH01-002070.tif	Commons:WikiProject Aviation/recent uploads/2016 December 15/Overflow 1	Sémhur	2017-02-23T17:29:48Z
1961	ETH-BIB-Genf_=_Genève,_St._Léger,_Malombré,_Quartier_Champel_aus_200_m-Inlandflüge-LBS_MH01-002071.tif	Commons:WikiProject Aviation/recent uploads/2016 December 15/Overflow 1	Sémhur	2017-02-23T17:29:48Z
1962	ETH-BIB-Monte_Generoso,_Lanzo,_Graubündneralpen_v._S._aus_2000_m-Inlandflüge-LBS_MH01-002067.tif	Commons:WikiProject Aviation/recent uploads/2016 December 15/Overflow 1	Sémhur	2017-02-23T17:29:48Z
1963	ETH-BIB-Monte_Generoso,_Lago_di_Como-Inlandflüge-LBS_MH01-002068.tif	Commons:WikiProject Aviation/recent uploads/2016 December 15/Overflow 1	Sémhur	2017-02-23T17:29:48Z
1964	ETH-BIB-Genf_=_Genève,_Place_Neuve,_Grand_Théâtre_aus_200_m-Inlandflüge-LBS_MH01-002075.tif	Commons:WikiProject Aviation/recent uploads/2016 December 15/Overflow 1	Sémhur	2017-02-23T17:29:48Z
1965	ETH-BIB-Spiez,_Schloss_aus_200_m-Inlandflüge-LBS_MH01-001605.tif	Commons:WikiProject Aviation/recent uploads/2016 December 15/Overflow 1	Sémhur	2017-02-23T17:29:48Z
1966	ETH-BIB-Genf_=_Genève,_Les_Eaux-Vives_plage,_Strandbad_aus_30_m-Inlandflüge-LBS_MH01-002079.tif	Commons:WikiProject Aviation/recent uploads/2016 December 15/Overflow 1	Sémhur	2017-02-23T17:29:48Z
1967	ETH-BIB-Genf_=_Genève,_Les_Vollandes,_Les_Eaux-Vives_aus_200_m-Inlandflüge-LBS_MH01-002076.tif	Commons:WikiProject Aviation/recent uploads/2016 December 15/Overflow 1	Sémhur	2017-02-23T17:29:48Z
1968	ETH-BIB-Genf_=_Genève,_Pont_de_la_Machine,_Ile_Rousseau,_E._W.-Inlandflüge-LBS_MH01-002074.tif	Commons:WikiProject Aviation/recent uploads/2016 December 15/Overflow 1	Sémhur	2017-02-23T17:29:48Z
1969	ETH-BIB-Genf_=_Genève,_Universität,_Grand_Thèâtre,_Place_Neuve_aus_100_m-Inlandflüge-LBS_MH01-002077.tif	Commons:WikiProject Aviation/recent uploads/2016 December 15/Overflow 1	Sémhur	2017-02-23T17:29:48Z
1970	ETH-BIB-Weesen_mit_Strandbad-Inlandflüge-LBS_MH01-002082.tif	Commons:WikiProject Aviation/recent uploads/2016 December 15/Overflow 1	Sémhur	2017-02-23T17:29:48Z
1971	ETH-BIB-Stansstad_mit_Brücke_gegen_den_Lopperberg-Inlandflüge-LBS_MH01-001613.tif	Commons:WikiProject Aviation/recent uploads/2016 December 15/Overflow 1	Sémhur	2017-02-23T17:29:48Z
1972	ETH-BIB-Weesen_aus_100_m-Inlandflüge-LBS_MH01-002086.tif	Commons:WikiProject Aviation/recent uploads/2016 December 15/Overflow 1	Sémhur	2017-02-23T17:29:48Z
1973	ETH-BIB-Genf_=_Genève,_Les_Eaux-Vives_plage,_Strandbad_aus_100_m-Inlandflüge-LBS_MH01-002078.tif	Commons:WikiProject Aviation/recent uploads/2016 December 15/Overflow 1	Sémhur	2017-02-23T17:29:48Z
1974	ETH-BIB-Weesen,_östlicher_Teil_aus_200_m-Inlandflüge-LBS_MH01-002084.tif	Commons:WikiProject Aviation/recent uploads/2016 December 15/Overflow 1	Sémhur	2017-02-23T17:29:48Z
1975	ETH-BIB-Weesen_mit_Linthkanal,_Niederurnen-Inlandflüge-LBS_MH01-002085.tif	Commons:WikiProject Aviation/recent uploads/2016 December 15/Overflow 1	Sémhur	2017-02-23T17:29:48Z
1976	ETH-BIB-Obstalden_mit_Mürtschenstock_aus_1100_m-Inlandflüge-LBS_MH01-002089.tif	Commons:WikiProject Aviation/recent uploads/2016 December 15/Overflow 1	Sémhur	2017-02-23T17:29:48Z
1977	ETH-BIB-Unterterzen,_Zementfabrik_v._W._aus_200_m-Inlandflüge-LBS_MH01-002093.tif	Commons:WikiProject Aviation/recent uploads/2016 December 15/Overflow 1	Sémhur	2017-02-23T17:29:48Z
1978	ETH-BIB-Walenstadt,_Detail_v._S._aus_100_m-Inlandflüge-LBS_MH01-002097.tif	Commons:WikiProject Aviation/recent uploads/2016 December 15/Overflow 1	Sémhur	2017-02-23T17:29:48Z
1979	ETH-BIB-Amden_v._S._2000_m-Inlandflüge-LBS_MH01-002106.tif	Commons:WikiProject Aviation/recent uploads/2016 December 15/Overflow 1	Sémhur	2017-02-23T17:29:48Z
1980	ETH-BIB-Walenstadt-Kaserne_am_See_aus_50_m-Inlandflüge-LBS_MH01-002103.tif	Commons:WikiProject Aviation/recent uploads/2016 December 15/Overflow 1	Sémhur	2017-02-23T17:29:48Z
1981	ETH-BIB-Freienbach_am_Zürichsee_aus_50_m-Inlandflüge-LBS_MH01-002108.tif	Commons:WikiProject Aviation/recent uploads/2016 December 15/Overflow 1	Sémhur	2017-02-23T17:29:48Z
1982	ETH-BIB-Unterterzen,_Quarten_v._N._O._aus_300_m-Inlandflüge-LBS_MH01-002104.tif	Commons:WikiProject Aviation/recent uploads/2016 December 15/Overflow 1	Sémhur	2017-02-23T17:29:48Z
1983	ETH-BIB-Wädenswil,_Giessen-Inlandflüge-LBS_MH01-002109.tif	Commons:WikiProject Aviation/recent uploads/2016 December 15/Overflow 1	Sémhur	2017-02-23T17:29:48Z
1984	ETH-BIB-Ziegelbrücke_v._S._O._aus_800_m-Inlandflüge-LBS_MH01-002111.tif	Commons:WikiProject Aviation/recent uploads/2016 December 15/Overflow 1	Sémhur	2017-02-23T17:29:48Z
1985	ETH-BIB-Erlenbach,_Zürichsee-Inlandflüge-LBS_MH01-001641.tif	Commons:WikiProject Aviation/recent uploads/2016 December 15/Overflow 1	Sémhur	2017-02-23T17:29:48Z
1986	ETH-BIB-Oberurnen_v._N._O._aus_800_m-Inlandflüge-LBS_MH01-002112.tif	Commons:WikiProject Aviation/recent uploads/2016 December 15/Overflow 1	Sémhur	2017-02-23T17:29:48Z
1987	ETH-BIB-Kilchberg,_Mönchhof_v._S._aus_200_m-Inlandflüge-LBS_MH01-002115.tif	Commons:WikiProject Aviation/recent uploads/2016 December 15/Overflow 1	Sémhur	2017-02-23T17:29:48Z
1988	ETH-BIB-Männedorf_aus_100_m-Inlandflüge-LBS_MH01-001650.tif	Commons:WikiProject Aviation/recent uploads/2016 December 15/Overflow 1	Sémhur	2017-02-23T17:29:48Z
1989	ETH-BIB-Mont_Blanc_de_Cheilon,_Grand_Combin,_Mont_Blanc_v._O._aus_4300_m-Inlandflüge-LBS_MH01-002122.tif	Commons:WikiProject Aviation/recent uploads/2016 December 15/Overflow 1	Sémhur	2017-02-23T17:29:48Z
1990	ETH-BIB-Dom,_Täschhorn,_Alphubel,_Mischabel_v._W._aus_5000_m-Inlandflüge-LBS_MH01-002119.tif	Commons:WikiProject Aviation/recent uploads/2016 December 15/Overflow 1	Sémhur	2017-02-23T17:29:48Z
1991	ETH-BIB-Dent_Blanche_im_Wolkenmeer_v._S._aus_4500_m-Inlandflüge-LBS_MH01-002126.tif	Commons:WikiProject Aviation/recent uploads/2016 December 15/Overflow 1	Sémhur	2017-02-23T17:29:48Z
1992	ETH-BIB-Le_Pleureur,_Grand_Combin,_Mont_Blanc_v._O._aus_4300_m-Inlandflüge-LBS_MH01-002123.tif	Commons:WikiProject Aviation/recent uploads/2016 December 15/Overflow 1	Sémhur	2017-02-23T17:29:48Z
1993	ETH-BIB-Rapperswil-Jona_mit_Bahnhof_v._O._aus_200_m-Inlandflüge-LBS_MH01-001887.tif	Commons:WikiProject Aviation/recent uploads/2016 December 15/Overflow 1	Sémhur	2017-02-23T17:29:48Z
1994	ETH-BIB-Bietschhorn_mit_Walliseralpen_v._N._aus_4800_m-Inlandflüge-LBS_MH01-002127.tif	Commons:WikiProject Aviation/recent uploads/2016 December 15/Overflow 1	Sémhur	2017-02-23T17:29:48Z
1995	ETH-BIB-Herrliberg,_Oberdorf_aus_150_m-Inlandflüge-LBS_MH01-001663.tif	Commons:WikiProject Aviation/recent uploads/2016 December 15/Overflow 1	Sémhur	2017-02-23T17:29:48Z
1996	ETH-BIB-Weisshorn,_Matterhorn,_Grand_Combin,_Mont_Blanc_v._N._O._aus_5000_m-Inlandflüge-LBS_MH01-002129.tif	Commons:WikiProject Aviation/recent uploads/2016 December 15/Overflow 1	Sémhur	2017-02-23T17:29:48Z
1997	ETH-BIB-Matterhorn,_Grand_Combin,_Mont_Blanc_v._O._aus_4500_m-Inlandflüge-LBS_MH01-002130.tif	Commons:WikiProject Aviation/recent uploads/2016 December 15/Overflow 1	Sémhur	2017-02-23T17:29:48Z
1998	ETH-BIB-Rapperswil-Jona,_Seedamm,_Ufenau,_Lützelau,_Etzel-Inlandflüge-LBS_MH01-001889.tif	Commons:WikiProject Aviation/recent uploads/2016 December 15/Overflow 1	Sémhur	2017-02-23T17:29:48Z
1999	ETH-BIB-Lötschental_mit_Finsteraarhorn,_Aletschhorn_v._W._aus_4500_m-Inlandflüge-LBS_MH01-002128.tif	Commons:WikiProject Aviation/recent uploads/2016 December 15/Overflow 1	Sémhur	2017-02-23T17:29:48Z
2000	ETH-BIB-Wetzikon,_Bahnhof-Inlandflüge-LBS_MH01-001891.tif	Commons:WikiProject Aviation/recent uploads/2016 December 15/Overflow 1	Sémhur	2017-02-23T17:29:48Z
2001	ETH-BIB-Matterhorn,_am_Horizont_der_Mont_Blanc,_Zmuttgletscher,_Grand_Combin_v._N._aus_4500_m-Inlandflüge-LBS_MH01-002132.tif	Commons:WikiProject Aviation/recent uploads/2016 December 15/Overflow 1	Sémhur	2017-02-23T17:29:48Z
2002	ETH-BIB-Lötschentaler,_Breithorn,_Nesthorn_v._N._W._aus_4500_m-Inlandflüge-LBS_MH01-002134.tif	Commons:WikiProject Aviation/recent uploads/2016 December 15/Overflow 1	Sémhur	2017-02-23T17:29:48Z
2003	ETH-BIB-Feldmeilen_aus_200_m-Inlandflüge-LBS_MH01-001664.tif	Commons:WikiProject Aviation/recent uploads/2016 December 15/Overflow 1	Sémhur	2017-02-23T17:29:48Z
2004	ETH-BIB-Montana,_Wildstrubelgruppe_v._S._W._aus_2000_m-Inlandflüge-LBS_MH01-002137.tif	Commons:WikiProject Aviation/recent uploads/2016 December 15/Overflow 1	Sémhur	2017-02-23T17:29:48Z
2005	ETH-BIB-Lütisburg,_Necker-Thur-Mündung-Inlandflüge-LBS_MH01-001904.tif	Commons:WikiProject Aviation/recent uploads/2016 December 15/Overflow 1	Sémhur	2017-02-23T17:29:48Z
2006	ETH-BIB-Neu_St.Johann,_Nesslau_v._N._W._aus_200_m-Inlandflüge-LBS_MH01-001908.tif	Commons:WikiProject Aviation/recent uploads/2016 December 15/Overflow 1	Sémhur	2017-02-23T17:29:48Z
2007	ETH-BIB-Paradiso,_Lugano_aus_200_m-Inlandflüge-LBS_MH01-001941.tif	Commons:WikiProject Aviation/recent uploads/2016 December 15/Overflow 1	Sémhur	2017-02-23T17:29:48Z
2008	ETH-BIB-Carona,_San_Salvatore,_Agnotal_v._S._aus_1200_m-Inlandflüge-LBS_MH01-001945.tif	Commons:WikiProject Aviation/recent uploads/2016 December 15/Overflow 1	Sémhur	2017-02-23T17:29:48Z
2009	ETH-BIB-Melide_v._S._aus_200_m-Inlandflüge-LBS_MH01-001964.tif	Commons:WikiProject Aviation/recent uploads/2016 December 15/Overflow 1	Sémhur	2017-02-23T17:29:48Z
2010	ETH-BIB-San_Salvatore,_Lugano_aus_800_m-Inlandflüge-LBS_MH01-001977.tif	Commons:WikiProject Aviation/recent uploads/2016 December 15/Overflow 1	Sémhur	2017-02-23T17:29:48Z
2011	ETH-BIB-Carona,_Agra,_Ponte_Tresa_v._O.-Inlandflüge-LBS_MH01-001973.tif	Commons:WikiProject Aviation/recent uploads/2016 December 15/Overflow 1	Sémhur	2017-02-23T17:29:48Z
2012	ETH-BIB-Morcote_mit_Kirche-Inlandflüge-LBS_MH01-001972.tif	Commons:WikiProject Aviation/recent uploads/2016 December 15/Overflow 1	Sémhur	2017-02-23T17:29:48Z
2013	ETH-BIB-Lugano,_Hotels-Inlandflüge-LBS_MH01-001985-AL.tif	Commons:WikiProject Aviation/recent uploads/2016 December 15/Overflow 1	Sémhur	2017-02-23T17:29:48Z
2014	ETH-BIB-Monte_Brè,_Monte_Brè_Bahn,_Lugano,_Cassarate_aus_1000_m-Inlandflüge-LBS_MH01-001993.tif	Commons:WikiProject Aviation/recent uploads/2016 December 15/Overflow 1	Sémhur	2017-02-23T17:29:48Z
2015	ETH-BIB-Morcote,_Schloss_Morcote_aus_100_m-Inlandflüge-LBS_MH01-001990.tif	Commons:WikiProject Aviation/recent uploads/2016 December 15/Overflow 1	Sémhur	2017-02-23T17:29:48Z
2016	ETH-BIB-Lugano,_Muzzanosee,_Agno-Inlandflüge-LBS_MH01-001987.tif	Commons:WikiProject Aviation/recent uploads/2016 December 15/Overflow 1	Sémhur	2017-02-23T17:29:48Z
2017	ETH-BIB-Monte_Brè_bei_Lugano,_Monte_Brè_Bahn_v._W._aus_1000_m-Inlandflüge-LBS_MH01-001995.tif	Commons:WikiProject Aviation/recent uploads/2016 December 15/Overflow 1	Sémhur	2017-02-23T17:29:48Z
2018	ETH-BIB-Melide,_San_Salvatore,_Lavena,_Walliseralpen,_Ponte_Tresa_v._O._aus_1800_m-Inlandflüge-LBS_MH01-001996.tif	Commons:WikiProject Aviation/recent uploads/2016 December 15/Overflow 1	Sémhur	2017-02-23T17:29:48Z
2019	ETH-BIB-Brusino-Arisizio,_Morcote,_Vico,_Morcote,_Monte,_Luganersee,_Porte_Ceresio,_Monte_Piantello-Inlandflüge-LBS_MH01-001997.tif	Commons:WikiProject Aviation/recent uploads/2016 December 15/Overflow 1	Sémhur	2017-02-23T17:29:48Z
2020	ETH-BIB-San_Salvatore,_Melide_v._N._aus_900_m-Inlandflüge-LBS_MH01-001999.tif	Commons:WikiProject Aviation/recent uploads/2016 December 15/Overflow 1	Sémhur	2017-02-23T17:29:48Z
2021	ETH-BIB-Lorengo,_Muzzanosee,_Magliaso-Inlandflüge-LBS_MH01-002000.tif	Commons:WikiProject Aviation/recent uploads/2016 December 15/Overflow 1	Sémhur	2017-02-23T17:29:48Z
2022	ETH-BIB-Matterhorn,_Lyskamm_v._N._W._aus_5000_m-Inlandflüge-LBS_MH01-002007.tif	Commons:WikiProject Aviation/recent uploads/2016 December 15/Overflow 1	Sémhur	2017-02-23T17:29:48Z
2023	ETH-BIB-Dent_d'Hérens,_Val_Tournanche_v._W._aus_5000_m-Inlandflüge-LBS_MH01-002005.tif	Commons:WikiProject Aviation/recent uploads/2016 December 15/Overflow 1	Sémhur	2017-02-23T17:29:48Z
2024	ETH-BIB-Matterhorn,_Val_de_Challant_v._N._W._aus_5000_m-Inlandflüge-LBS_MH01-002008.tif	Commons:WikiProject Aviation/recent uploads/2016 December 15/Overflow 1	Sémhur	2017-02-23T17:29:48Z
2025	ETH-BIB-Matterhorn,_Zermatt,_Italienischer_Grat,_Val_de_Challant_v._N._W._aus_5000_m-Inlandflüge-LBS_MH01-002016.tif	Commons:WikiProject Aviation/recent uploads/2016 December 15/Overflow 1	Sémhur	2017-02-23T17:29:48Z
2026	ETH-BIB-Obergabelhorn_l._und_Zinalrothorn_r.,_Triftgletscher_v._N._O._aus_4900_m-Inlandflüge-LBS_MH01-002014.tif	Commons:WikiProject Aviation/recent uploads/2016 December 15/Overflow 1	Sémhur	2017-02-23T17:29:48Z
2027	ETH-BIB-Monte_Rosa,_Ostwand,_Macugnagagletscher_v._O._aus_4600_m-Inlandflüge-LBS_MH01-002035.tif	Commons:WikiProject Aviation/recent uploads/2016 December 15/Overflow 1	Sémhur	2017-02-23T17:29:48Z
2028	ETH-BIB-Ober_Gabelhorn,_Zinalrothorn,_Weisshorn,_Val_d'Aniviers-Inlandflüge-LBS_MH01-002031.tif	Commons:WikiProject Aviation/recent uploads/2016 December 15/Overflow 1	Sémhur	2017-02-23T17:29:48Z
2029	ETH-BIB-Zürich,_Grand_Hotel_Dolder_aus_800_m-Inlandflüge-LBS_MH01-001808.tif	Commons:WikiProject Aviation/recent uploads/2016 December 15/Overflow 1	Sémhur	2017-02-23T17:29:48Z
2030	ETH-BIB-Oberrieden-Inlandflüge-LBS_MH01-001816.tif	Commons:WikiProject Aviation/recent uploads/2016 December 15/Overflow 1	Sémhur	2017-02-23T17:29:48Z
2031	ETH-BIB-Vevey_v._S._aus_200_m-Inlandflüge-LBS_MH01-002056.tif	Commons:WikiProject Aviation/recent uploads/2016 December 15/Overflow 1	Sémhur	2017-02-23T17:29:48Z
2032	ETH-BIB-Meilen_v._O._aus_200_m-Inlandflüge-LBS_MH01-001820.tif	Commons:WikiProject Aviation/recent uploads/2016 December 15/Overflow 1	Sémhur	2017-02-23T17:29:48Z
2033	ETH-BIB-San_Salvatore,_Damm_von_Melide,_Lugano,_Gotthard_v._S._aus_2000_m-Inlandflüge-LBS_MH01-002060.tif	Commons:WikiProject Aviation/recent uploads/2016 December 15/Overflow 1	Sémhur	2017-02-23T17:29:48Z
2034	ETH-BIB-Melano,_Monte_Generoso_v._W._aus_2000_m-Inlandflüge-LBS_MH01-002064.tif	Commons:WikiProject Aviation/recent uploads/2016 December 15/Overflow 1	Sémhur	2017-02-23T17:29:48Z
2035	ETH-BIB-Kilchberg-Schooren_aus_600_m-Inlandflüge-LBS_MH01-001825.tif	Commons:WikiProject Aviation/recent uploads/2016 December 15/Overflow 1	Sémhur	2017-02-23T17:29:48Z
2036	ETH-BIB-Rheinau,_Kloster_Rheinau,_Psychiatrische_Anstalt-Inlandflüge-LBS_MH01-001834.tif	Commons:WikiProject Aviation/recent uploads/2016 December 15/Overflow 1	Sémhur	2017-02-23T17:29:48Z
2037	ETH-BIB-Monte_Generoso,_Melano,_Morconte,_Melide,_Ponte_Tresa,_Monte_Rosa_aus_2000_m-Inlandflüge-LBS_MH01-002063.tif	Commons:WikiProject Aviation/recent uploads/2016 December 15/Overflow 1	Sémhur	2017-02-23T17:29:48Z
2038	ETH-BIB-Monte_Generoso,_San_Salvatore,_Lugano,_Monte_Tamaro,_Berneralpen,_Urneralpen_v._S._aus_2000_m-Inlandflüge-LBS_MH01-002062.tif	Commons:WikiProject Aviation/recent uploads/2016 December 15/Overflow 1	Sémhur	2017-02-23T17:29:48Z
2039	ETH-BIB-Genf_=_Genève,_St._Pierre_aus_200_m-Inlandflüge-LBS_MH01-002072.tif	Commons:WikiProject Aviation/recent uploads/2016 December 15/Overflow 1	Sémhur	2017-02-23T17:29:48Z
2040	ETH-BIB-Genf_=_Genève,_St._Pierre_aus_200_m-Inlandflüge-LBS_MH01-002073.tif	Commons:WikiProject Aviation/recent uploads/2016 December 15/Overflow 1	Sémhur	2017-02-23T17:29:48Z
2041	ETH-BIB-Stein_am_Rhein-Inlandflüge-LBS_MH01-001840.tif	Commons:WikiProject Aviation/recent uploads/2016 December 15/Overflow 1	Sémhur	2017-02-23T17:29:48Z
2042	ETH-BIB-Weesen_v._S._aus_200_m-Inlandflüge-LBS_MH01-002080.tif	Commons:WikiProject Aviation/recent uploads/2016 December 15/Overflow 1	Sémhur	2017-02-23T17:29:48Z
2043	ETH-BIB-Murg_v._N._aus_200_m-Inlandflüge-LBS_MH01-002091.tif	Commons:WikiProject Aviation/recent uploads/2016 December 15/Overflow 1	Sémhur	2017-02-23T17:29:48Z
2044	ETH-BIB-Schaffhausen,_Ostquartier_mit_Feuertalen_aus_300_m-Inlandflüge-LBS_MH01-001853.tif	Commons:WikiProject Aviation/recent uploads/2016 December 15/Overflow 1	Sémhur	2017-02-23T17:29:48Z
2045	ETH-BIB-Weesen,_Detail_aus_100_m-Inlandflüge-LBS_MH01-002087.tif	Commons:WikiProject Aviation/recent uploads/2016 December 15/Overflow 1	Sémhur	2017-02-23T17:29:48Z
2046	ETH-BIB-Weesen,_Zentrum_aus_100_m-Inlandflüge-LBS_MH01-002088.tif	Commons:WikiProject Aviation/recent uploads/2016 December 15/Overflow 1	Sémhur	2017-02-23T17:29:48Z
2047	ETH-BIB-Mühlehorn_v._N._aus_300_m-Inlandflüge-LBS_MH01-002090.tif	Commons:WikiProject Aviation/recent uploads/2016 December 15/Overflow 1	Sémhur	2017-02-23T17:29:48Z
2048	ETH-BIB-Richterswil-Inlandflüge-LBS_MH01-002107.tif	Commons:WikiProject Aviation/recent uploads/2016 December 15/Overflow 1	Sémhur	2017-02-23T17:29:48Z
2049	ETH-BIB-Ziegelbrücke_aus_800_m-Inlandflüge-LBS_MH01-002110.tif	Commons:WikiProject Aviation/recent uploads/2016 December 15/Overflow 1	Sémhur	2017-02-23T17:29:48Z
2050	ETH-BIB-Horgen_v._S._O._aus_100_m-Inlandflüge-LBS_MH01-002117.tif	Commons:WikiProject Aviation/recent uploads/2016 December 15/Overflow 1	Sémhur	2017-02-23T17:29:48Z
2051	ETH-BIB-Wädenswil,_Zentrum-Inlandflüge-LBS_MH01-002113.tif	Commons:WikiProject Aviation/recent uploads/2016 December 15/Overflow 1	Sémhur	2017-02-23T17:29:48Z
2052	ETH-BIB-Monte_Leone,_Simplonstasse_v._W._aus_5000_m-Inlandflüge-LBS_MH01-002121.tif	Commons:WikiProject Aviation/recent uploads/2016 December 15/Overflow 1	Sémhur	2017-02-23T17:29:48Z
2053	ETH-BIB-Hinwil,_Pfäffikersee_v._S._aus_200_m-Inlandflüge-LBS_MH01-001893.tif	Commons:WikiProject Aviation/recent uploads/2016 December 15/Overflow 1	Sémhur	2017-02-23T17:29:48Z
2054	ETH-BIB-Dent_d'Hérens,_Tête_de_Valpelline_v._N._aus_4500_m-Inlandflüge-LBS_MH01-002133.tif	Commons:WikiProject Aviation/recent uploads/2016 December 15/Overflow 1	Sémhur	2017-02-23T17:29:48Z
2055	ETH-BIB-Rosablanche,_Grand_Combin,_Mont_Blanc_v._N._W._aus_4200_m-Inlandflüge-LBS_MH01-002118.tif	Commons:WikiProject Aviation/recent uploads/2016 December 15/Overflow 1	Sémhur	2017-02-23T17:29:48Z
2056	ETH-BIB-Weisshorn,_Matterhorn,_Grand_Combin,_Mont_Blanc_v._N._O._aus_5000_m-Inlandflüge-LBS_MH01-002120.tif	Commons:WikiProject Aviation/recent uploads/2016 December 15/Overflow 1	Sémhur	2017-02-23T17:29:48Z
2057	ETH-BIB-Val_de_Dix,_Glacier_de_Cheillon,_Mont_Blanc_de_Cheillon,_Pigne_d'Arolla,_Glacuer_de_Durant-Inlandflüge-LBS_MH01-002135.tif	Commons:WikiProject Aviation/recent uploads/2016 December 15/Overflow 1	Sémhur	2017-02-23T17:29:48Z
2058	ETH-BIB-Aletschgletscher,_Grünhornlücke_(zum_Fiescherfirn),_Finsteraarhorn,_Grüneggfirn,_Grünegghorn_v._W._aus_4500_m-Inlandflüge-LBS_MH01-001007.tif	Commons:WikiProject Aviation/recent uploads/2016 December 15/Overflow 1	Sémhur	2017-02-23T17:29:48Z
2059	ETH-BIB-Pfäffikon_am_Zürichsee_aus_300_m-Inlandflüge-LBS_MH01-001679.tif	Commons:WikiProject Aviation/recent uploads/2016 December 15/Overflow 1	Sémhur	2017-02-23T17:29:48Z
2060	ETH-BIB-Rheinau,_Kloster_Rheinau,_Psychiatrische_Anstalt-Inlandflüge-LBS_MH01-001862.tif	Commons:WikiProject Aviation/recent uploads/2016 December 15/Overflow 1	Sémhur	2017-02-23T17:29:48Z
2061	ETH-BIB-Richterswil_aus_200_m-Inlandflüge-LBS_MH01-001700.tif	Commons:WikiProject Aviation/recent uploads/2016 December 15/Overflow 1	Sémhur	2017-02-23T17:29:48Z
2062	ETH-BIB-Rigi,_Rigi_Kulm_aus_50_m-Inlandflüge-LBS_MH01-001726.tif	Commons:WikiProject Aviation/recent uploads/2016 December 15/Overflow 1	Sémhur	2017-02-23T17:29:48Z
2063	ETH-BIB-Rüschlikon_v._O._aus_100_m-Inlandflüge-LBS_MH01-002116.tif	Commons:WikiProject Aviation/recent uploads/2016 December 15/Overflow 1	Sémhur	2017-02-23T17:29:48Z
2064	ETH-BIB-Samedan_aus_200_m-Inlandflüge-LBS_MH01-000858.tif	Commons:WikiProject Aviation/recent uploads/2016 December 15/Overflow 1	Sémhur	2017-02-23T17:29:48Z
2065	ETH-BIB-Sarnen_v._S._O._aus_150_m-Inlandflüge-LBS_MH01-001609.tif	Commons:WikiProject Aviation/recent uploads/2016 December 15/Overflow 1	Sémhur	2017-02-23T17:29:48Z
2066	ETH-BIB-Schaffhausen,_Detail_aus_200_m-Inlandflüge-LBS_MH01-001857.tif	Commons:WikiProject Aviation/recent uploads/2016 December 15/Overflow 1	Sémhur	2017-02-23T17:29:48Z
2067	ETH-BIB-Schmerikon_v._S._aus_150_m-Inlandflüge-LBS_MH01-001671.tif	Commons:WikiProject Aviation/recent uploads/2016 December 15/Overflow 1	Sémhur	2017-02-23T17:29:48Z
2068	ETH-BIB-Schwamendingen,_Zürichberg-Inlandflüge-LBS_MH01-000617-AL.tif	Commons:WikiProject Aviation/recent uploads/2016 December 15	Jasonanaggie	2017-01-08T14:15:24Z
2069	ETH-BIB-Sempach,_Schlachtkapelle_v._W.-Inlandflüge-LBS_MH01-000533.tif	Commons:WikiProject Aviation/recent uploads/2016 December 15	Jasonanaggie	2017-01-08T14:15:24Z
2070	ETH-BIB-Solothurn_v._S._W._aus_300_m-Inlandflüge-LBS_MH01-001429.tif	Commons:WikiProject Aviation/recent uploads/2016 December 15/Overflow 1	Sémhur	2017-02-23T17:29:48Z
2071	ETH-BIB-Spiez,_Schloss_aus_200_m-Inlandflüge-LBS_MH01-001596.tif	Commons:WikiProject Aviation/recent uploads/2016 December 15/Overflow 1	Sémhur	2017-02-23T17:29:48Z
2072	ETH-BIB-St._Moritz_mit_Kirche_und_Dorf_aus_100_m-Inlandflüge-LBS_MH01-001486.tif	Commons:WikiProject Aviation/recent uploads/2016 December 15/Overflow 1	Sémhur	2017-02-23T17:29:48Z
2073	ETH-BIB-St._Moritz,_Detail_aus_80_m-Inlandflüge-LBS_MH01-001489.tif	Commons:WikiProject Aviation/recent uploads/2016 December 15/Overflow 1	Sémhur	2017-02-23T17:29:48Z
2074	ETH-BIB-St._Moritz,_Grand_Hotel_Kulmhotel_aus_200_m-Inlandflüge-LBS_MH01-001561.tif	Commons:WikiProject Aviation/recent uploads/2016 December 15/Overflow 1	Sémhur	2017-02-23T17:29:48Z
2075	ETH-BIB-Stäfa,_Zentrum_aus_150_m-Inlandflüge-LBS_MH01-001654.tif	Commons:WikiProject Aviation/recent uploads/2016 December 15/Overflow 1	Sémhur	2017-02-23T17:29:48Z
2076	ETH-BIB-Stansstad_v._S._aus_100_m-Inlandflüge-LBS_MH01-001611.tif	Commons:WikiProject Aviation/recent uploads/2016 December 15/Overflow 1	Sémhur	2017-02-23T17:29:48Z
2077	ETH-BIB-Staufen,_Lenzburg_v._S._aus_800_m-Inlandflüge-LBS_MH01-000821.tif	Commons:WikiProject Aviation/recent uploads/2016 December 15	Jasonanaggie	2017-01-08T14:15:24Z
2078	ETH-BIB-Stein_am_Rhein_aus_100_m-Inlandflüge-LBS_MH01-001850.tif	Commons:WikiProject Aviation/recent uploads/2016 December 15/Overflow 1	Sémhur	2017-02-23T17:29:48Z
2079	ETH-BIB-Suhr,_Buchs,_Aarau_v._S._aus_1000_m-Inlandflüge-LBS_MH01-000822.tif	Commons:WikiProject Aviation/recent uploads/2016 December 15	Jasonanaggie	2017-01-08T14:15:24Z
2080	ETH-BIB-Sursee_v._S._W._aus_600_m-Inlandflüge-LBS_MH01-000520.tif	Commons:WikiProject Aviation/recent uploads/2016 December 15	Jasonanaggie	2017-01-08T14:15:24Z
2081	ETH-BIB-Sursee_v._S._aus_500_m-Inlandflüge-LBS_MH01-000521.tif	Commons:WikiProject Aviation/recent uploads/2016 December 15	Jasonanaggie	2017-01-08T14:15:24Z
2082	ETH-BIB-St._Moritz,_Suvretta-Haus_aus_100_m-Inlandflüge-LBS_MH01-001507.tif	Commons:WikiProject Aviation/recent uploads/2016 December 15/Overflow 1	Sémhur	2017-02-23T17:29:48Z
2083	ETH-BIB-Thun_v._S._aus_300_m-Inlandflüge-LBS_MH01-001182.tif	Commons:WikiProject Aviation/recent uploads/2016 December 15/Overflow 1	Sémhur	2017-02-23T17:29:48Z
2084	ETH-BIB-Trasadingen_aus_250_m-Inlandflüge-LBS_MH01-000937.tif	Commons:WikiProject Aviation/recent uploads/2016 December 15/Overflow 1	Sémhur	2017-02-23T17:29:48Z
2085	ETH-BIB-Uster,_Schloss_Uster_und_Wirtschaft_mit_Gemüsegarten-Inlandflüge-LBS_MH01-001884.tif	Commons:WikiProject Aviation/recent uploads/2016 December 15/Overflow 1	Sémhur	2017-02-23T17:29:48Z
2086	ETH-BIB-Uster,_Schloss_Uster_und_Wirtschaft_mit_Gemüsegarten-Inlandflüge-LBS_MH01-001884.tif	Category:Media contributed by the ETH-Bibliothek/Reports/wikimedia usage	Faebot	2017-04-24T05:09:06Z
2087	ETH-BIB-Weggis_aus_100_m-Inlandflüge-LBS_MH01-001746.tif	Commons:WikiProject Aviation/recent uploads/2016 December 15/Overflow 1	Sémhur	2017-02-23T17:29:48Z
2088	ETH-BIB-Weiningen,_Katzensee_aus_600_m-Inlandflüge-LBS_MH01-000964.tif	Commons:WikiProject Aviation/recent uploads/2016 December 15/Overflow 1	Sémhur	2017-02-23T17:29:48Z
2089	ETH-BIB-Weisshorngruppe,_Matterhorn_v._N._O._aus_4000_m-Inlandflüge-LBS_MH01-000396.tif	Commons:WikiProject Aviation/recent uploads/2016 December 15	Jasonanaggie	2017-01-08T14:15:24Z
2090	ETH-BIB-Weisshorngruppe_mit_Monte_Rosa_Kette,_Matterhorn_v.N._aus_5000_m-Inlandflüge-LBS_MH01-001101.tif	Commons:WikiProject Aviation/recent uploads/2016 December 15/Overflow 1	Sémhur	2017-02-23T17:29:48Z
2091	ETH-BIB-Wetzikon,_Pfäffikersee_v._S.-Inlandflüge-LBS_MH01-001892.tif	Commons:WikiProject Aviation/recent uploads/2016 December 15/Overflow 1	Sémhur	2017-02-23T17:29:48Z
2092	ETH-BIB-Altstadt_von_Wil_aus_150_m-Inlandflüge-LBS_MH01-001926.tif	Commons:WikiProject Aviation/recent uploads/2016 December 15/Overflow 1	Sémhur	2017-02-23T17:29:48Z
2093	ETH-BIB-Fliehende_Zebras_in_der_Serengeti_aus_20_m_Höhe-Kilimanjaroflug_1929-30-LBS_MH02-07-0058.tif	User:DrTrigon/logs/eth-bib	DrTrigon	2016-08-05T01:39:38Z
2094	ETH-BIB-Fliehende_Zebras_in_der_Serengeti_aus_20_m_Höhe-Kilimanjaroflug_1929-30-LBS_MH02-07-0058.tif	Commons:WikiProject Aviation/recent uploads/2016 June 21	Uli Elch	2017-03-16T12:36:04Z
2095	ETH-BIB-Fliehende_Zebraherde_aus_50_m_Höhe-Kilimanjaroflug_1929-30-LBS_MH02-07-0062.tif	User:DrTrigon/logs/eth-bib	DrTrigon	2016-08-05T01:39:38Z
2096	ETH-BIB-Fliehende_Zebraherde_aus_50_m_Höhe-Kilimanjaroflug_1929-30-LBS_MH02-07-0062.tif	Commons:WikiProject Aviation/recent uploads/2016 June 21	Uli Elch	2017-03-16T12:36:04Z
2097	ETH-BIB-Fliehende_Zebras-Kilimanjaroflug_1929-30-LBS_MH02-07-0347.tif	User:DrTrigon/logs/eth-bib	DrTrigon	2016-08-05T01:39:38Z
2098	ETH-BIB-Fliehende_Zebras-Kilimanjaroflug_1929-30-LBS_MH02-07-0347.tif	Commons:WikiProject Aviation/recent uploads/2016 June 21	Uli Elch	2017-03-16T12:36:04Z
2099	ETH-BIB-Fliehende_Zebras-Kilimanjaroflug_1929-30-LBS_MH02-07-0343.tif	Commons:WikiProject Aviation/recent uploads/2016 June 21	Uli Elch	2017-03-16T12:36:04Z
2100	ETH-BIB--Kilimanjaroflug_1929-30-.tif	User:DrTrigon/logs/ETH-Bib/01	DrTrigon	2016-07-08T19:32:12Z
2101	ETH-BIB--Kilimanjaroflug_1929-30-.tif	User:DrTrigon/logs/eth-bib	DrTrigon	2016-08-05T01:39:38Z
2102	ETH-BIB--Kilimanjaroflug_1929-30-.tif	Commons:WikiProject Aviation/recent uploads/2016 June 21	Uli Elch	2017-03-16T12:36:04Z
2103	ETH-BIB-Kratersee_Lago_Albano_bei_Rom-Kilimanjaroflug_1929-30-LBS_MH02-07-0394.tif	User:DrTrigon/logs/eth-bib	DrTrigon	2016-08-05T01:39:38Z
2104	ETH-BIB-Kratersee_Lago_Albano_bei_Rom-Kilimanjaroflug_1929-30-LBS_MH02-07-0394.tif	Commons:WikiProject Aviation/recent uploads/2016 June 21	Uli Elch	2017-03-16T12:36:04Z
2105	ETH-BIB-Kratersee_Lago_Albano_bei_Rom-Kilimanjaroflug_1929-30-LBS_MH02-07-0395.tif	User:DrTrigon/logs/eth-bib	DrTrigon	2016-08-05T01:39:38Z
2106	ETH-BIB-Kratersee_Lago_Albano_bei_Rom-Kilimanjaroflug_1929-30-LBS_MH02-07-0395.tif	Commons:WikiProject Aviation/recent uploads/2016 June 21	Uli Elch	2017-03-16T12:36:04Z
2107	ETH-BIB-Zitadelle_von_Kairo-Kilimanjaroflug_1929-30-LBS_MH02-07-0011.tif	User:DrTrigon/logs/eth-bib	DrTrigon	2016-08-05T01:39:38Z
2108	ETH-BIB-Zitadelle_von_Kairo-Kilimanjaroflug_1929-30-LBS_MH02-07-0011.tif	Commons:WikiProject Aviation/recent uploads/2016 June 21	Uli Elch	2017-03-16T12:36:04Z
2109	ETH-BIB-Marmorbrüche_von_Carrara_von_S.W._aus_1800_m_Höhe-Kilimanjaroflug_1929-30-LBS_MH02-07-0001.tif	User:DrTrigon/logs/eth-bib	DrTrigon	2016-08-05T01:39:38Z
2110	ETH-BIB-Marmorbrüche_von_Carrara_von_S.W._aus_1800_m_Höhe-Kilimanjaroflug_1929-30-LBS_MH02-07-0001.tif	Commons:WikiProject Aviation/recent uploads/2016 June 21	Uli Elch	2017-03-16T12:36:04Z
2111	ETH-BIB-Marmorbrüche_von_Carrara_von_S.W._aus_1800_m_Höhe-Kilimanjaroflug_1929-30-LBS_MH02-07-0392.tif	User:DrTrigon/logs/eth-bib	DrTrigon	2016-08-05T01:39:38Z
2112	ETH-BIB-Marmorbrüche_von_Carrara_von_S.W._aus_1800_m_Höhe-Kilimanjaroflug_1929-30-LBS_MH02-07-0392.tif	Commons:WikiProject Aviation/recent uploads/2016 June 21	Uli Elch	2017-03-16T12:36:04Z
2113	ETH-BIB-Genzano_mit_Lago_di_Nemi_(künstlich_abgesenkt)-Kilimanjaroflug_1929-30-LBS_MH02-07-0002.tif	User:DrTrigon/logs/eth-bib	DrTrigon	2016-08-05T01:39:38Z
2114	ETH-BIB-Genzano_mit_Lago_di_Nemi_(künstlich_abgesenkt)-Kilimanjaroflug_1929-30-LBS_MH02-07-0002.tif	Commons:WikiProject Aviation/recent uploads/2016 June 21	Uli Elch	2017-03-16T12:36:04Z
2115	ETH-BIB-Genzano_mit_Lago_di_Nemi_(künstlich_abgesenkt)-Kilimanjaroflug_1929-30-LBS_MH02-07-0002.tif	Category:Media contributed by the ETH-Bibliothek/Reports/wikimedia usage	Faebot	2017-04-24T05:09:06Z
2116	ETH-BIB-Lago_di_Nemi_-Nemisee--Kilimanjaroflug_1929-30-LBS_MH02-07-0396.tif	User:DrTrigon/logs/eth-bib	DrTrigon	2016-08-05T01:39:38Z
2117	ETH-BIB-Lago_di_Nemi_-Nemisee--Kilimanjaroflug_1929-30-LBS_MH02-07-0396.tif	Commons:WikiProject Aviation/recent uploads/2016 June 21	Uli Elch	2017-03-16T12:36:04Z
2118	ETH-BIB-Kratersee_Lago_di_Nemi_südlich_von_Rom-Kilimanjaroflug_1929-30-LBS_MH02-07-0397.tif	User:DrTrigon/logs/eth-bib	DrTrigon	2016-08-05T01:39:38Z
2119	ETH-BIB-Kratersee_Lago_di_Nemi_südlich_von_Rom-Kilimanjaroflug_1929-30-LBS_MH02-07-0397.tif	Commons:WikiProject Aviation/recent uploads/2016 June 21	Uli Elch	2017-03-16T12:36:04Z
2120	ETH-BIB-Pyramiden_von_Gizeh_aus_400_m_Höhe-Kilimanjaroflug_1929-30-LBS_MH02-07-0154.tif	User:DrTrigon/logs/eth-bib	DrTrigon	2016-08-05T01:39:38Z
2121	ETH-BIB-Pyramiden_von_Gizeh_aus_400_m_Höhe-Kilimanjaroflug_1929-30-LBS_MH02-07-0154.tif	Commons:WikiProject Aviation/recent uploads/2016 June 21	Uli Elch	2017-03-16T12:36:04Z
2122	ETH-BIB-Pyramiden_von_Gizeh_aus_Osten-Kilimanjaroflug_1929-30-LBS_MH02-07-0162.tif	User:DrTrigon/logs/eth-bib	DrTrigon	2016-08-05T01:39:38Z
2123	ETH-BIB-Pyramiden_von_Gizeh_aus_Osten-Kilimanjaroflug_1929-30-LBS_MH02-07-0162.tif	Commons:WikiProject Aviation/recent uploads/2016 June 21	Uli Elch	2017-03-16T12:36:04Z
2124	ETH-BIB-Pyramiden_von_Gizeh-Kilimanjaroflug_1929-30-LBS_MH02-07-0418.tif	Commons:WikiProject Aviation/recent uploads/2016 June 21	Uli Elch	2017-03-16T12:36:04Z
2125	ETH-BIB-Pyramiden_von_Gizeh-Kilimanjaroflug_1929-30-LBS_MH02-07-0417.tif	User:DrTrigon/logs/eth-bib	DrTrigon	2016-08-05T01:39:38Z
2126	ETH-BIB-Pyramiden_von_Gizeh-Kilimanjaroflug_1929-30-LBS_MH02-07-0417.tif	Commons:WikiProject Aviation/recent uploads/2016 June 21	Uli Elch	2017-03-16T12:36:04Z
2127	ETH-BIB-Pyramiden_von_Gizeh-Kilimanjaroflug_1929-30-LBS_MH02-07-0421.tif	Commons:WikiProject Aviation/recent uploads/2016 June 21	Uli Elch	2017-03-16T12:36:04Z
2128	ETH-BIB-Pyramiden_von_Gizeh-Kilimanjaroflug_1929-30-LBS_MH02-07-0420.tif	User:DrTrigon/logs/eth-bib	DrTrigon	2016-08-05T01:39:38Z
2129	ETH-BIB-Pyramiden_von_Gizeh-Kilimanjaroflug_1929-30-LBS_MH02-07-0420.tif	Commons:WikiProject Aviation/recent uploads/2016 June 21	Uli Elch	2017-03-16T12:36:04Z
2130	ETH-BIB-Pyramiden_von_Gizeh-Kilimanjaroflug_1929-30-LBS_MH02-07-0419.tif	User:DrTrigon/logs/eth-bib	DrTrigon	2016-08-05T01:39:38Z
2131	ETH-BIB-Pyramiden_von_Gizeh-Kilimanjaroflug_1929-30-LBS_MH02-07-0419.tif	Commons:WikiProject Aviation/recent uploads/2016 June 21	Uli Elch	2017-03-16T12:36:04Z
2132	ETH-BIB-Pyramide_von_Gizeh-Kilimanjaroflug_1929-30-LBS_MH02-07-0416.tif	User:DrTrigon/logs/eth-bib	DrTrigon	2016-08-05T01:39:38Z
2133	ETH-BIB-Pyramide_von_Gizeh-Kilimanjaroflug_1929-30-LBS_MH02-07-0416.tif	Commons:WikiProject Aviation/recent uploads/2016 June 21	Uli Elch	2017-03-16T12:36:04Z
2134	ETH-BIB-Pyramiden_von_Gizeh-Kilimanjaroflug_1929-30-LBS_MH02-07-0422.tif	User:DrTrigon/logs/eth-bib	DrTrigon	2016-08-05T01:39:38Z
2135	ETH-BIB-Pyramiden_von_Gizeh-Kilimanjaroflug_1929-30-LBS_MH02-07-0422.tif	Commons:WikiProject Aviation/recent uploads/2016 June 21	Uli Elch	2017-03-16T12:36:04Z
2136	ETH-BIB-Pyramiden_von_Gizeh-Kilimanjaroflug_1929-30-LBS_MH02-07-0190.tif	User:DrTrigon/logs/eth-bib	DrTrigon	2016-08-05T01:39:38Z
2137	ETH-BIB-Pyramiden_von_Gizeh-Kilimanjaroflug_1929-30-LBS_MH02-07-0190.tif	Commons:WikiProject Aviation/recent uploads/2016 June 21	Uli Elch	2017-03-16T12:36:04Z
2138	ETH-BIB-Bracciano_am_Lago_di_Bracciano,_Ansicht_von_Süden-Kilimanjaroflug_1929-30-LBS_MH02-07-0398.tif	User:DrTrigon/logs/eth-bib	DrTrigon	2016-08-05T01:39:38Z
2139	ETH-BIB-Bracciano_am_Lago_di_Bracciano,_Ansicht_von_Süden-Kilimanjaroflug_1929-30-LBS_MH02-07-0398.tif	Commons:WikiProject Aviation/recent uploads/2016 June 21	Uli Elch	2017-03-16T12:36:04Z
2140	ETH-BIB-Südliches_Ufer_des_Lago_di_Bracciano,_nördlich_von_Rom-Kilimanjaroflug_1929-30-LBS_MH02-07-0400.tif	User:DrTrigon/logs/eth-bib	DrTrigon	2016-08-05T01:39:38Z
2141	ETH-BIB-Südliches_Ufer_des_Lago_di_Bracciano,_nördlich_von_Rom-Kilimanjaroflug_1929-30-LBS_MH02-07-0400.tif	Commons:WikiProject Aviation/recent uploads/2016 June 21	Uli Elch	2017-03-16T12:36:04Z
2142	ETH-BIB-Hafen_von_Messina-Kilimanjaroflug_1929-30-LBS_MH02-07-0572.tif	User:DrTrigon/logs/eth-bib	DrTrigon	2016-08-05T01:39:38Z
2143	ETH-BIB-Hafen_von_Messina-Kilimanjaroflug_1929-30-LBS_MH02-07-0572.tif	Commons:WikiProject Aviation/recent uploads/2016 June 21	Uli Elch	2017-03-16T12:36:04Z
2144	ETH-BIB-Hafen_von_Messina-Kilimanjaroflug_1929-30-LBS_MH02-07-0584.tif	Commons:WikiProject Aviation/recent uploads/2016 June 21	Uli Elch	2017-03-16T12:36:04Z
2145	ETH-BIB-Aetna_von_N._aus_3200_m_Höhe-Kilimanjaroflug_1929-30-LBS_MH02-07-0005.tif	User:DrTrigon/logs/eth-bib	DrTrigon	2016-08-05T01:39:38Z
2146	ETH-BIB-Aetna_von_N._aus_3200_m_Höhe-Kilimanjaroflug_1929-30-LBS_MH02-07-0005.tif	Commons:WikiProject Aviation/recent uploads/2016 June 21	Uli Elch	2017-03-16T12:36:04Z
2147	ETH-BIB-Rom-Kilimanjaroflug_1929-30-LBS_MH02-07-0408.tif	User:DrTrigon/logs/eth-bib	DrTrigon	2016-08-05T01:39:38Z
2148	ETH-BIB-Rom-Kilimanjaroflug_1929-30-LBS_MH02-07-0408.tif	Commons:WikiProject Aviation/recent uploads/2016 June 21	Uli Elch	2017-03-16T12:36:04Z
2149	ETH-BIB-Rom-Kilimanjaroflug_1929-30-LBS_MH02-07-0406.tif	User:DrTrigon/logs/eth-bib	DrTrigon	2016-08-05T01:39:38Z
2150	ETH-BIB-Rom-Kilimanjaroflug_1929-30-LBS_MH02-07-0406.tif	Commons:WikiProject Aviation/recent uploads/2016 June 21	Uli Elch	2017-03-16T12:36:04Z
2151	ETH-BIB-Rom-Kilimanjaroflug_1929-30-LBS_MH02-07-0407.tif	User:DrTrigon/logs/eth-bib	DrTrigon	2016-08-05T01:39:38Z
2152	ETH-BIB-Rom-Kilimanjaroflug_1929-30-LBS_MH02-07-0407.tif	Commons:WikiProject Aviation/recent uploads/2016 June 21	Uli Elch	2017-03-16T12:36:04Z
2153	ETH-BIB-Rom-Kilimanjaroflug_1929-30-LBS_MH02-07-0446.tif	User:DrTrigon/logs/eth-bib	DrTrigon	2016-08-05T01:39:38Z
2154	ETH-BIB-Rom-Kilimanjaroflug_1929-30-LBS_MH02-07-0446.tif	Commons:WikiProject Aviation/recent uploads/2016 June 21	Uli Elch	2017-03-16T12:36:04Z
2155	ETH-BIB-Stadtteil_Roms-Kilimanjaroflug_1929-30-LBS_MH02-07-0447.tif	User:DrTrigon/logs/eth-bib	DrTrigon	2016-08-05T01:39:38Z
2156	ETH-BIB-Stadtteil_Roms-Kilimanjaroflug_1929-30-LBS_MH02-07-0447.tif	Commons:WikiProject Aviation/recent uploads/2016 June 21	Uli Elch	2017-03-16T12:36:04Z
2157	ETH-BIB-Rom-Kilimanjaroflug_1929-30-LBS_MH02-07-0448.tif	User:DrTrigon/logs/eth-bib	DrTrigon	2016-08-05T01:39:38Z
2158	ETH-BIB-Rom-Kilimanjaroflug_1929-30-LBS_MH02-07-0448.tif	Commons:WikiProject Aviation/recent uploads/2016 June 21	Uli Elch	2017-03-16T12:36:04Z
2159	ETH-BIB-Westlich_von_Salerno,_Blickrichtung_Norden-Kilimanjaroflug_1929-30-LBS_MH02-07-0520.tif	User:DrTrigon/logs/eth-bib	DrTrigon	2016-08-05T01:39:38Z
2160	ETH-BIB-Westlich_von_Salerno,_Blickrichtung_Norden-Kilimanjaroflug_1929-30-LBS_MH02-07-0520.tif	Commons:WikiProject Aviation/recent uploads/2016 June 21	Uli Elch	2017-03-16T12:36:04Z
2161	ETH-BIB-Sphinx-Kilimanjaroflug_1929-30-LBS_MH02-07-0424.tif	User:DrTrigon/logs/eth-bib	DrTrigon	2016-08-05T01:39:38Z
2162	ETH-BIB-Sphinx-Kilimanjaroflug_1929-30-LBS_MH02-07-0424.tif	Commons:WikiProject Aviation/recent uploads/2016 June 21	Uli Elch	2017-03-16T12:36:04Z
2163	ETH-BIB-Blick_ins_Kraterloch_des_Kibo_aus_6500_m_Höhe-Kilimanjaroflug_1929-30-LBS_MH02-07-0119.tif	User:DrTrigon/logs/eth-bib	DrTrigon	2016-08-05T01:39:38Z
2164	ETH-BIB-Blick_ins_Kraterloch_des_Kibo_aus_6500_m_Höhe-Kilimanjaroflug_1929-30-LBS_MH02-07-0119.tif	Commons:WikiProject Aviation/recent uploads/2016 June 21	Uli Elch	2017-03-16T12:36:04Z
2165	ETH-BIB-Blick_ins_Kraterloch_des_Kibo_aus_6500_m_Höhe-Kilimanjaroflug_1929-30-LBS_MH02-07-0119.tif	Category:Media contributed by the ETH-Bibliothek/Reports/wikimedia usage	Faebot	2017-04-24T05:09:06Z
2166	ETH-BIB-Teil_der_Alpen_in_Italien-Kilimanjaroflug_1929-30-LBS_MH02-07-0393.tif	User:DrTrigon/logs/eth-bib	DrTrigon	2016-08-05T01:39:38Z
2167	ETH-BIB-Teil_der_Alpen_in_Italien-Kilimanjaroflug_1929-30-LBS_MH02-07-0393.tif	Commons:WikiProject Aviation/recent uploads/2016 June 21	Uli Elch	2017-03-16T12:36:04Z
2168	ETH-BIB-Gizeh_mit_Pyramiden_aus_400_m_Höhe-Kilimanjaroflug_1929-30-LBS_MH02-07-0009.tif	User:DrTrigon/logs/eth-bib	DrTrigon	2016-08-05T01:39:38Z
2169	ETH-BIB-Gizeh_mit_Pyramiden_aus_400_m_Höhe-Kilimanjaroflug_1929-30-LBS_MH02-07-0009.tif	Commons:WikiProject Aviation/recent uploads/2016 June 21	Uli Elch	2017-03-16T12:36:04Z
2170	ETH-BIB-Luftbild_einer_Festung_in_Ägypten-Kilimanjaroflug_1929-30-LBS_MH02-07-0015.tif	User:DrTrigon/logs/eth-bib	DrTrigon	2016-08-05T01:39:38Z
2171	ETH-BIB-Luftbild_einer_Festung_in_Ägypten-Kilimanjaroflug_1929-30-LBS_MH02-07-0015.tif	Commons:WikiProject Aviation/recent uploads/2016 June 21	Uli Elch	2017-03-16T12:36:04Z
2172	ETH-BIB-Typisches_Fellachendorf_im_Nil-Delta-Kilimanjaroflug_1929-30-LBS_MH02-07-0016.tif	User:DrTrigon/logs/eth-bib	DrTrigon	2016-08-05T01:39:38Z
2173	ETH-BIB-Typisches_Fellachendorf_im_Nil-Delta-Kilimanjaroflug_1929-30-LBS_MH02-07-0016.tif	Commons:WikiProject Aviation/recent uploads/2016 June 21	Uli Elch	2017-03-16T12:36:04Z
2174	ETH-BIB-Hütten_der_Schilluk_von_Malakal_am_Nil-Kilimanjaroflug_1929-30-LBS_MH02-07-0017.tif	User:DrTrigon/logs/eth-bib	DrTrigon	2016-08-05T01:39:38Z
2175	ETH-BIB-Hütten_der_Schilluk_von_Malakal_am_Nil-Kilimanjaroflug_1929-30-LBS_MH02-07-0017.tif	Commons:WikiProject Aviation/recent uploads/2016 June 21	Uli Elch	2017-03-16T12:36:04Z
2176	ETH-BIB-Heluan_vom_Nil_aus_gesehen-Kilimanjaroflug_1929-30-LBS_MH02-07-0013.tif	User:DrTrigon/logs/eth-bib	DrTrigon	2016-08-05T01:39:38Z
2177	ETH-BIB-Heluan_vom_Nil_aus_gesehen-Kilimanjaroflug_1929-30-LBS_MH02-07-0013.tif	Commons:WikiProject Aviation/recent uploads/2016 June 21	Uli Elch	2017-03-16T12:36:04Z
2178	ETH-BIB-Tropensiedlung_der_Engländer_in_Malakal-Kilimanjaroflug_1929-30-LBS_MH02-07-0020.tif	User:DrTrigon/logs/eth-bib	DrTrigon	2016-08-05T01:39:38Z
2179	ETH-BIB-Tropensiedlung_der_Engländer_in_Malakal-Kilimanjaroflug_1929-30-LBS_MH02-07-0020.tif	Commons:WikiProject Aviation/recent uploads/2016 June 21	Uli Elch	2017-03-16T12:36:04Z
2180	ETH-BIB-Sudd,_das_grüne_Pflanzen-_und_Vogelparadies_am_Nil-Kilimanjaroflug_1929-30-LBS_MH02-07-0018.tif	User:DrTrigon/logs/eth-bib	DrTrigon	2016-08-05T01:39:38Z
2181	ETH-BIB-Sudd,_das_grüne_Pflanzen-_und_Vogelparadies_am_Nil-Kilimanjaroflug_1929-30-LBS_MH02-07-0018.tif	Commons:WikiProject Aviation/recent uploads/2016 June 21	Uli Elch	2017-03-16T12:36:04Z
2182	ETH-BIB-Verlassenes_Massaikraal_aus_200_m_Höhe-Kilimanjaroflug_1929-30-LBS_MH02-07-0040.tif	User:DrTrigon/logs/eth-bib	DrTrigon	2016-08-05T01:39:38Z
2183	ETH-BIB-Verlassenes_Massaikraal_aus_200_m_Höhe-Kilimanjaroflug_1929-30-LBS_MH02-07-0040.tif	Commons:WikiProject Aviation/recent uploads/2016 June 21	Uli Elch	2017-03-16T12:36:04Z
2184	ETH-BIB-Löwenpaar_in_der_Steppe-Kilimanjaroflug_1929-30-LBS_MH02-07-0057.tif	Commons:WikiProject Aviation/recent uploads/2016 June 21	Uli Elch	2017-03-16T12:36:04Z
2185	ETH-BIB-Elefantenherde_durchschwimmt_den_Nil_(aus_10_m_Höhe_aufgenommen)-Kilimanjaroflug_1929-30-LBS_MH02-07-0056.tif	User:DrTrigon/logs/eth-bib	DrTrigon	2016-08-05T01:39:38Z
2186	ETH-BIB-Elefantenherde_durchschwimmt_den_Nil_(aus_10_m_Höhe_aufgenommen)-Kilimanjaroflug_1929-30-LBS_MH02-07-0056.tif	Commons:WikiProject Aviation/recent uploads/2016 June 21	Uli Elch	2017-03-16T12:36:04Z
2187	ETH-BIB-Tausende_von_Wildebeest_(Gnu),_so_weit_der_Blick_reicht,_rennen_mit_unserem_Flugzeug_über_die_Serengeti_um_die_Wette-Kilimanjaroflug_1929-30-LBS_MH02-07-0060.tif	User:DrTrigon/logs/eth-bib	DrTrigon	2016-08-05T01:39:38Z
2188	ETH-BIB-Tausende_von_Wildebeest_(Gnu),_so_weit_der_Blick_reicht,_rennen_mit_unserem_Flugzeug_über_die_Serengeti_um_die_Wette-Kilimanjaroflug_1929-30-LBS_MH02-07-0060.tif	Commons:WikiProject Aviation/recent uploads/2016 June 21	Uli Elch	2017-03-16T12:36:04Z
2189	ETH-BIB-Fliehende_Elefantenherde_im_Sudan-Kilimanjaroflug_1929-30-LBS_MH02-07-0072.tif	User:DrTrigon/logs/eth-bib	DrTrigon	2016-08-05T01:39:38Z
2190	ETH-BIB-Fliehende_Elefantenherde_im_Sudan-Kilimanjaroflug_1929-30-LBS_MH02-07-0072.tif	Commons:WikiProject Aviation/recent uploads/2016 June 21	Uli Elch	2017-03-16T12:36:04Z
2191	ETH-BIB-Über_Nakuru_erhebt_sich_der_erloschene_Krater_des_Menengai-Kilimanjaroflug_1929-30-LBS_MH02-07-0081.tif	User:DrTrigon/logs/eth-bib	DrTrigon	2016-08-05T01:39:38Z
2192	ETH-BIB-Über_Nakuru_erhebt_sich_der_erloschene_Krater_des_Menengai-Kilimanjaroflug_1929-30-LBS_MH02-07-0081.tif	Commons:WikiProject Aviation/recent uploads/2016 June 21	Uli Elch	2017-03-16T12:36:04Z
2193	ETH-BIB-Nakuru_mit_Salzsee_von_S._aus_3000_m_Höhe-Kilimanjaroflug_1929-30-LBS_MH02-07-0082.tif	User:DrTrigon/logs/eth-bib	DrTrigon	2016-08-05T01:39:38Z
2194	ETH-BIB-Nakuru_mit_Salzsee_von_S._aus_3000_m_Höhe-Kilimanjaroflug_1929-30-LBS_MH02-07-0082.tif	Commons:WikiProject Aviation/recent uploads/2016 June 21	Uli Elch	2017-03-16T12:36:04Z
2195	ETH-BIB-Nordseite_des_Elgon_mit_tief_eingeschnittenen_Tälern_aus_3800_m_Höhe-Kilimanjaroflug_1929-30-LBS_MH02-07-0080.tif	User:DrTrigon/logs/eth-bib	DrTrigon	2016-08-05T01:39:38Z
2196	ETH-BIB-Nordseite_des_Elgon_mit_tief_eingeschnittenen_Tälern_aus_3800_m_Höhe-Kilimanjaroflug_1929-30-LBS_MH02-07-0080.tif	Commons:WikiProject Aviation/recent uploads/2016 June 21	Uli Elch	2017-03-16T12:36:04Z
2197	ETH-BIB-Mount_Kenya_von_N._aus_5000_m_Höhe-Kilimanjaroflug_1929-30-LBS_MH02-07-0087.tif	User:DrTrigon/logs/eth-bib	DrTrigon	2016-08-05T01:39:38Z
2198	ETH-BIB-Mount_Kenya_von_N._aus_5000_m_Höhe-Kilimanjaroflug_1929-30-LBS_MH02-07-0087.tif	Commons:WikiProject Aviation/recent uploads/2016 June 21	Uli Elch	2017-03-16T12:36:04Z
2199	ETH-BIB-Der_erloschene_Riesenkrater_des_Longonot_von_N._aus_3000_m_Höhe-Kilimanjaroflug_1929-30-LBS_MH02-07-0084.tif	User:DrTrigon/logs/eth-bib	DrTrigon	2016-08-05T01:39:38Z
2200	ETH-BIB-Der_erloschene_Riesenkrater_des_Longonot_von_N._aus_3000_m_Höhe-Kilimanjaroflug_1929-30-LBS_MH02-07-0084.tif	Commons:WikiProject Aviation/recent uploads/2016 June 21	Uli Elch	2017-03-16T12:36:04Z
2201	ETH-BIB-Mount_Kenya_von_S._aus_4600_m_Höhe-Kilimanjaroflug_1929-30-LBS_MH02-07-0086.tif	User:DrTrigon/logs/eth-bib	DrTrigon	2016-08-05T01:39:38Z
2202	ETH-BIB-Mount_Kenya_von_S._aus_4600_m_Höhe-Kilimanjaroflug_1929-30-LBS_MH02-07-0086.tif	Commons:WikiProject Aviation/recent uploads/2016 June 21	Uli Elch	2017-03-16T12:36:04Z
2203	ETH-BIB-Timbora_2894_m.ü.M.,_die_höchstgelegene_Eisenbahnstation_des_englischen_Weltreichs-Kilimanjaroflug_1929-30-LBS_MH02-07-0083.tif	User:DrTrigon/logs/eth-bib	DrTrigon	2016-08-05T01:39:38Z
2204	ETH-BIB-Timbora_2894_m.ü.M.,_die_höchstgelegene_Eisenbahnstation_des_englischen_Weltreichs-Kilimanjaroflug_1929-30-LBS_MH02-07-0083.tif	Commons:WikiProject Aviation/recent uploads/2016 June 21	Uli Elch	2017-03-16T12:36:04Z
2205	ETH-BIB-Mount_Kenya-Massiv_von_S._aus_70_km_Entfernung,_Flugaufnahme_aus_4000_m_Höhe-Kilimanjaroflug_1929-30-LBS_MH02-07-0085.tif	User:DrTrigon/logs/eth-bib	DrTrigon	2016-08-05T01:39:38Z
2206	ETH-BIB-Mount_Kenya-Massiv_von_S._aus_70_km_Entfernung,_Flugaufnahme_aus_4000_m_Höhe-Kilimanjaroflug_1929-30-LBS_MH02-07-0085.tif	Commons:WikiProject Aviation/recent uploads/2016 June 21	Uli Elch	2017-03-16T12:36:04Z
2207	ETH-BIB-Georges_Valley_mit_Mount_Kenya_von_N.O.-Kilimanjaroflug_1929-30-LBS_MH02-07-0091.tif	User:DrTrigon/logs/eth-bib	DrTrigon	2016-08-05T01:39:38Z
2208	ETH-BIB-Georges_Valley_mit_Mount_Kenya_von_N.O.-Kilimanjaroflug_1929-30-LBS_MH02-07-0091.tif	Commons:WikiProject Aviation/recent uploads/2016 June 21	Uli Elch	2017-03-16T12:36:04Z
2209	ETH-BIB-Ostwände_des_Mount_Kenya-Gipfels-Kilimanjaroflug_1929-30-LBS_MH02-07-0088.tif	User:DrTrigon/logs/eth-bib	DrTrigon	2016-08-05T01:39:38Z
2210	ETH-BIB-Ostwände_des_Mount_Kenya-Gipfels-Kilimanjaroflug_1929-30-LBS_MH02-07-0088.tif	Commons:WikiProject Aviation/recent uploads/2016 June 21	Uli Elch	2017-03-16T12:36:04Z
2211	ETH-BIB-Gipfel_des_Mount_Kenya_mit_Lewisgletscher-Kilimanjaroflug_1929-30-LBS_MH02-07-0089.tif	User:DrTrigon/logs/eth-bib	DrTrigon	2016-08-05T01:39:38Z
2212	ETH-BIB-Gipfel_des_Mount_Kenya_mit_Lewisgletscher-Kilimanjaroflug_1929-30-LBS_MH02-07-0089.tif	Commons:WikiProject Aviation/recent uploads/2016 June 21	Uli Elch	2017-03-16T12:36:04Z
2213	ETH-BIB-Grabental_von_Nguruman_aus_3200_m_Höhe-Kilimanjaroflug_1929-30-LBS_MH02-07-0092.tif	User:DrTrigon/logs/eth-bib	DrTrigon	2016-08-05T01:39:38Z
2214	ETH-BIB-Grabental_von_Nguruman_aus_3200_m_Höhe-Kilimanjaroflug_1929-30-LBS_MH02-07-0092.tif	Commons:WikiProject Aviation/recent uploads/2016 June 21	Uli Elch	2017-03-16T12:36:04Z
2215	ETH-BIB-Die_Gipfel_Batian_und_Nelion_des_Mount_Kenya_von_S.-Kilimanjaroflug_1929-30-LBS_MH02-07-0090.tif	User:DrTrigon/logs/eth-bib	DrTrigon	2016-08-05T01:39:38Z
2216	ETH-BIB-Die_Gipfel_Batian_und_Nelion_des_Mount_Kenya_von_S.-Kilimanjaroflug_1929-30-LBS_MH02-07-0090.tif	Commons:WikiProject Aviation/recent uploads/2016 June 21	Uli Elch	2017-03-16T12:36:04Z
2217	ETH-BIB-Lengai-Krater_von_O._aus_3200_m_Höhe-Kilimanjaroflug_1929-30-LBS_MH02-07-0096.tif	User:DrTrigon/logs/eth-bib	DrTrigon	2016-08-05T01:39:38Z
2218	ETH-BIB-Lengai-Krater_von_O._aus_3200_m_Höhe-Kilimanjaroflug_1929-30-LBS_MH02-07-0096.tif	Commons:WikiProject Aviation/recent uploads/2016 June 21	Uli Elch	2017-03-16T12:36:04Z
2219	ETH-BIB-Der_4558_m_hohe_Meru_mit_nach_Osten_gespaltenem_Krater-Kilimanjaroflug_1929-30-LBS_MH02-07-0094.tif	User:DrTrigon/logs/eth-bib	DrTrigon	2016-08-05T01:39:38Z
2220	ETH-BIB-Der_4558_m_hohe_Meru_mit_nach_Osten_gespaltenem_Krater-Kilimanjaroflug_1929-30-LBS_MH02-07-0094.tif	Commons:WikiProject Aviation/recent uploads/2016 June 21	Uli Elch	2017-03-16T12:36:04Z
2221	ETH-BIB-Ostflanke_des_Mount_Kenya_aus_5600_m_Höhe-Kilimanjaroflug_1929-30-LBS_MH02-07-0093.tif	User:DrTrigon/logs/eth-bib	DrTrigon	2016-08-05T01:39:38Z
2222	ETH-BIB-Ostflanke_des_Mount_Kenya_aus_5600_m_Höhe-Kilimanjaroflug_1929-30-LBS_MH02-07-0093.tif	Commons:WikiProject Aviation/recent uploads/2016 June 21	Uli Elch	2017-03-16T12:36:04Z
2223	ETH-BIB-Lengai-Krater_(2878_m)_mit_dem_Magadi-Natronsee_von_S.-Kilimanjaroflug_1929-30-LBS_MH02-07-0099.tif	User:DrTrigon/logs/eth-bib	DrTrigon	2016-08-05T01:39:38Z
2224	ETH-BIB-Lengai-Krater_(2878_m)_mit_dem_Magadi-Natronsee_von_S.-Kilimanjaroflug_1929-30-LBS_MH02-07-0099.tif	Commons:WikiProject Aviation/recent uploads/2016 June 21	Uli Elch	2017-03-16T12:36:04Z
2225	ETH-BIB-Eukalyptus-_und_Kaffeeplantage_aus_1000_m_Höhe-Kilimanjaroflug_1929-30-LBS_MH02-07-0102.tif	User:DrTrigon/logs/eth-bib	DrTrigon	2016-08-05T01:39:38Z
2226	ETH-BIB-Eukalyptus-_und_Kaffeeplantage_aus_1000_m_Höhe-Kilimanjaroflug_1929-30-LBS_MH02-07-0102.tif	Commons:WikiProject Aviation/recent uploads/2016 June 21	Uli Elch	2017-03-16T12:36:04Z
2227	ETH-BIB-Lengai-Kilimanjaroflug_1929-30-LBS_MH02-07-0100.tif	User:DrTrigon/logs/eth-bib	DrTrigon	2016-08-05T01:39:38Z
2228	ETH-BIB-Lengai-Kilimanjaroflug_1929-30-LBS_MH02-07-0100.tif	Commons:WikiProject Aviation/recent uploads/2016 June 21	Uli Elch	2017-03-16T12:36:04Z
2229	ETH-BIB-Alte_Lavaströme_an_der_Nordwestflanke_des_Meru_aus_4500_m_Höhe-Kilimanjaroflug_1929-30-LBS_MH02-07-0097.tif	User:DrTrigon/logs/eth-bib	DrTrigon	2016-08-05T01:39:38Z
2230	ETH-BIB-Alte_Lavaströme_an_der_Nordwestflanke_des_Meru_aus_4500_m_Höhe-Kilimanjaroflug_1929-30-LBS_MH02-07-0097.tif	Commons:WikiProject Aviation/recent uploads/2016 June 21	Uli Elch	2017-03-16T12:36:04Z
2231	ETH-BIB-Einbruchskrater_des_Lengai-Kilimanjaroflug_1929-30-LBS_MH02-07-0098.tif	User:DrTrigon/logs/eth-bib	DrTrigon	2016-08-05T01:39:38Z
2232	ETH-BIB-Einbruchskrater_des_Lengai-Kilimanjaroflug_1929-30-LBS_MH02-07-0098.tif	Commons:WikiProject Aviation/recent uploads/2016 June 21	Uli Elch	2017-03-16T12:36:04Z
2233	ETH-BIB-Nairobi,_Bahnhofquartier_aus_800_m_Höhe-Kilimanjaroflug_1929-30-LBS_MH02-07-0101.tif	User:DrTrigon/logs/eth-bib	DrTrigon	2016-08-05T01:39:38Z
2234	ETH-BIB-Nairobi,_Bahnhofquartier_aus_800_m_Höhe-Kilimanjaroflug_1929-30-LBS_MH02-07-0101.tif	Commons:WikiProject Aviation/recent uploads/2016 June 21	Uli Elch	2017-03-16T12:36:04Z
2235	ETH-BIB-Der_3200_m_hohe_Elanairobi_mit_seinem_ca._1000_m_tiefer_liegenden_Nebenkrater-Kilimanjaroflug_1929-30-LBS_MH02-07-0095.tif	User:DrTrigon/logs/eth-bib	DrTrigon	2016-08-05T01:39:38Z
2236	ETH-BIB-Der_3200_m_hohe_Elanairobi_mit_seinem_ca._1000_m_tiefer_liegenden_Nebenkrater-Kilimanjaroflug_1929-30-LBS_MH02-07-0095.tif	Commons:WikiProject Aviation/recent uploads/2016 June 21	Uli Elch	2017-03-16T12:36:04Z
2237	ETH-BIB-Kilimandjaro_(links_Mawenzi_5355_m,_rechts_Kibo_6010_m)_von_N.-Kilimanjaroflug_1929-30-LBS_MH02-07-0105.tif	User:DrTrigon/logs/eth-bib	DrTrigon	2016-08-05T01:39:38Z
2238	ETH-BIB-Kilimandjaro_(links_Mawenzi_5355_m,_rechts_Kibo_6010_m)_von_N.-Kilimanjaroflug_1929-30-LBS_MH02-07-0105.tif	Commons:WikiProject Aviation/recent uploads/2016 June 21	Uli Elch	2017-03-16T12:36:04Z
2239	ETH-BIB-Kilimandjaro-Gebirge_mit_Schira-Kamm_von_W._aus_ca._60_km_Entfernung-Kilimanjaroflug_1929-30-LBS_MH02-07-0104.tif	User:DrTrigon/logs/eth-bib	DrTrigon	2016-08-05T01:39:38Z
2240	ETH-BIB-Kilimandjaro-Gebirge_mit_Schira-Kamm_von_W._aus_ca._60_km_Entfernung-Kilimanjaroflug_1929-30-LBS_MH02-07-0104.tif	Commons:WikiProject Aviation/recent uploads/2016 June 21	Uli Elch	2017-03-16T12:36:04Z
2241	ETH-BIB-Mawenzi_von_N.O._aus_4500_m_Höhe-Kilimanjaroflug_1929-30-LBS_MH02-07-0108.tif	User:DrTrigon/logs/eth-bib	DrTrigon	2016-08-05T01:39:38Z
2242	ETH-BIB-Mawenzi_von_N.O._aus_4500_m_Höhe-Kilimanjaroflug_1929-30-LBS_MH02-07-0108.tif	Commons:WikiProject Aviation/recent uploads/2016 June 21	Uli Elch	2017-03-16T12:36:04Z
2243	ETH-BIB-Kraterring_am_Salzsee_von_Elmenteita_aus_3000_m_Höhe-Kilimanjaroflug_1929-30-LBS_MH02-07-0103.tif	User:DrTrigon/logs/eth-bib	DrTrigon	2016-08-05T01:39:38Z
2244	ETH-BIB-Kraterring_am_Salzsee_von_Elmenteita_aus_3000_m_Höhe-Kilimanjaroflug_1929-30-LBS_MH02-07-0103.tif	Commons:WikiProject Aviation/recent uploads/2016 June 21	Uli Elch	2017-03-16T12:36:04Z
2245	ETH-BIB-In_6000_m_Höhe_über_dem_Nebelmeer,_das_sich_gegen_den_indischen_Ozean_ausbreitet-Kilimanjaroflug_1929-30-LBS_MH02-07-0106.tif	User:DrTrigon/logs/eth-bib	DrTrigon	2016-08-05T01:39:38Z
2246	ETH-BIB-In_6000_m_Höhe_über_dem_Nebelmeer,_das_sich_gegen_den_indischen_Ozean_ausbreitet-Kilimanjaroflug_1929-30-LBS_MH02-07-0106.tif	Commons:WikiProject Aviation/recent uploads/2016 June 21	Uli Elch	2017-03-16T12:36:04Z
2247	ETH-BIB-Ostflanke_des_Mawenzi_aus_5000_m_Höhe-Kilimanjaroflug_1929-30-LBS_MH02-07-0109.tif	User:DrTrigon/logs/eth-bib	DrTrigon	2016-08-05T01:39:38Z
2248	ETH-BIB-Ostflanke_des_Mawenzi_aus_5000_m_Höhe-Kilimanjaroflug_1929-30-LBS_MH02-07-0109.tif	Commons:WikiProject Aviation/recent uploads/2016 June 21	Uli Elch	2017-03-16T12:36:04Z
2249	ETH-BIB-Credner-Drygalski_und_Penkgletscher_auf_der_Westseite_des_Kibo_aus_5000_m_Höhe-Kilimanjaroflug_1929-30-LBS_MH02-07-0111.tif	User:DrTrigon/logs/eth-bib	DrTrigon	2016-08-05T01:39:38Z
2250	ETH-BIB-Credner-Drygalski_und_Penkgletscher_auf_der_Westseite_des_Kibo_aus_5000_m_Höhe-Kilimanjaroflug_1929-30-LBS_MH02-07-0111.tif	Commons:WikiProject Aviation/recent uploads/2016 June 21	Uli Elch	2017-03-16T12:36:04Z
2251	ETH-BIB-Südostflanke_des_Kibo_aus_4600_m_Höhe-Kilimanjaroflug_1929-30-LBS_MH02-07-0113.tif	User:DrTrigon/logs/eth-bib	DrTrigon	2016-08-05T01:39:38Z
2252	ETH-BIB-Südostflanke_des_Kibo_aus_4600_m_Höhe-Kilimanjaroflug_1929-30-LBS_MH02-07-0113.tif	Commons:WikiProject Aviation/recent uploads/2016 June 21	Uli Elch	2017-03-16T12:36:04Z
2253	ETH-BIB-Südwestflanke_des_Kibo_aus_5400_m_Höhe-Kilimanjaroflug_1929-30-LBS_MH02-07-0112.tif	User:DrTrigon/logs/eth-bib	DrTrigon	2016-08-05T01:39:38Z
2254	ETH-BIB-Südwestflanke_des_Kibo_aus_5400_m_Höhe-Kilimanjaroflug_1929-30-LBS_MH02-07-0112.tif	Commons:WikiProject Aviation/recent uploads/2016 June 21	Uli Elch	2017-03-16T12:36:04Z
2255	ETH-BIB-Kraterring_des_Kibo_aus_6100_m_Höhe-Kilimanjaroflug_1929-30-LBS_MH02-07-0116.tif	User:DrTrigon/logs/eth-bib	DrTrigon	2016-08-05T01:39:38Z
2256	ETH-BIB-Kraterring_des_Kibo_aus_6100_m_Höhe-Kilimanjaroflug_1929-30-LBS_MH02-07-0116.tif	Commons:WikiProject Aviation/recent uploads/2016 June 21	Uli Elch	2017-03-16T12:36:04Z
2257	ETH-BIB-Kibo_von_W._aus_5800_m_Höhe-Kilimanjaroflug_1929-30-LBS_MH02-07-0114.tif	User:DrTrigon/logs/eth-bib	DrTrigon	2016-08-05T01:39:38Z
2258	ETH-BIB-Kibo_von_W._aus_5800_m_Höhe-Kilimanjaroflug_1929-30-LBS_MH02-07-0114.tif	Commons:WikiProject Aviation/recent uploads/2016 June 21	Uli Elch	2017-03-16T12:36:04Z
2259	ETH-BIB-Aus_der_Olobolodi-Ebene_ragen_die_alten_Krater_von_Longido_und_Erok_empor-Kilimanjaroflug_1929-30-LBS_MH02-07-0121.tif	User:DrTrigon/logs/eth-bib	DrTrigon	2016-08-05T01:39:38Z
2260	ETH-BIB-Aus_der_Olobolodi-Ebene_ragen_die_alten_Krater_von_Longido_und_Erok_empor-Kilimanjaroflug_1929-30-LBS_MH02-07-0121.tif	Commons:WikiProject Aviation/recent uploads/2016 June 21	Uli Elch	2017-03-16T12:36:04Z
2261	ETH-BIB-Gletscherdach_des_Kibo_mit_Kraterring_aus_5900_m_Höhe-Kilimanjaroflug_1929-30-LBS_MH02-07-0115.tif	User:DrTrigon/logs/eth-bib	DrTrigon	2016-08-05T01:39:38Z
2262	ETH-BIB-Gletscherdach_des_Kibo_mit_Kraterring_aus_5900_m_Höhe-Kilimanjaroflug_1929-30-LBS_MH02-07-0115.tif	Commons:WikiProject Aviation/recent uploads/2016 June 21	Uli Elch	2017-03-16T12:36:04Z
2263	ETH-BIB-Einbruchskrater_des_Kibo_(Durchmesser_500m)_aus_6300_m_Höhe-Kilimanjaroflug_1929-30-LBS_MH02-07-0117.tif	User:DrTrigon/logs/eth-bib	DrTrigon	2016-08-05T01:39:38Z
2264	ETH-BIB-Einbruchskrater_des_Kibo_(Durchmesser_500m)_aus_6300_m_Höhe-Kilimanjaroflug_1929-30-LBS_MH02-07-0117.tif	Commons:WikiProject Aviation/recent uploads/2016 June 21	Uli Elch	2017-03-16T12:36:04Z
2265	ETH-BIB-Gebirge_am_Mittelmeer-Kilimanjaroflug_1929-30-LBS_MH02-07-0137.tif	User:DrTrigon/logs/eth-bib	DrTrigon	2016-08-05T01:39:38Z
2266	ETH-BIB-Gebirge_am_Mittelmeer-Kilimanjaroflug_1929-30-LBS_MH02-07-0137.tif	Commons:WikiProject Aviation/recent uploads/2016 June 21	Uli Elch	2017-03-16T12:36:04Z
2267	ETH-BIB-Malta_aus_2000_m_Höhe-Kilimanjaroflug_1929-30-LBS_MH02-07-0145.tif	User:DrTrigon/logs/eth-bib	DrTrigon	2016-08-05T01:39:38Z
2268	ETH-BIB-Malta_aus_2000_m_Höhe-Kilimanjaroflug_1929-30-LBS_MH02-07-0145.tif	Commons:WikiProject Aviation/recent uploads/2016 June 21	Uli Elch	2017-03-16T12:36:04Z
2269	ETH-BIB-Hafen_an_Mittelmeerküste-Kilimanjaroflug_1929-30-LBS_MH02-07-0150.tif	User:DrTrigon/logs/eth-bib	DrTrigon	2016-08-05T01:39:38Z
2270	ETH-BIB-Hafen_an_Mittelmeerküste-Kilimanjaroflug_1929-30-LBS_MH02-07-0150.tif	Commons:WikiProject Aviation/recent uploads/2016 June 21	Uli Elch	2017-03-16T12:36:04Z
2271	ETH-BIB-Hafen_an_Mittelmeerküste-Kilimanjaroflug_1929-30-LBS_MH02-07-0148.tif	User:DrTrigon/logs/eth-bib	DrTrigon	2016-08-05T01:39:38Z
2272	ETH-BIB-Hafen_an_Mittelmeerküste-Kilimanjaroflug_1929-30-LBS_MH02-07-0148.tif	Commons:WikiProject Aviation/recent uploads/2016 June 21	Uli Elch	2017-03-16T12:36:04Z
2273	ETH-BIB-Mameluken-Gräber_(Alt-Kairo)-Kilimanjaroflug_1929-30-LBS_MH02-07-0159.tif	User:DrTrigon/logs/eth-bib	DrTrigon	2016-08-05T01:39:38Z
2274	ETH-BIB-Mameluken-Gräber_(Alt-Kairo)-Kilimanjaroflug_1929-30-LBS_MH02-07-0159.tif	Commons:WikiProject Aviation/recent uploads/2016 June 21	Uli Elch	2017-03-16T12:36:04Z
2275	ETH-BIB-Südlicher_Stadtteil_von_Kairo_aus_100_m_Höhe-Kilimanjaroflug_1929-30-LBS_MH02-07-0166.tif	User:DrTrigon/logs/eth-bib	DrTrigon	2016-08-05T01:39:38Z
2276	ETH-BIB-Südlicher_Stadtteil_von_Kairo_aus_100_m_Höhe-Kilimanjaroflug_1929-30-LBS_MH02-07-0166.tif	Commons:WikiProject Aviation/recent uploads/2016 June 21	Uli Elch	2017-03-16T12:36:04Z
2277	ETH-BIB-Westabsturz_des_Mokattamgebirge_mit_Niltal-Kilimanjaroflug_1929-30-LBS_MH02-07-0165.tif	User:DrTrigon/logs/eth-bib	DrTrigon	2016-08-05T01:39:38Z
2278	ETH-BIB-Westabsturz_des_Mokattamgebirge_mit_Niltal-Kilimanjaroflug_1929-30-LBS_MH02-07-0165.tif	Commons:WikiProject Aviation/recent uploads/2016 June 21	Uli Elch	2017-03-16T12:36:04Z
2279	ETH-BIB-Memnonkolosse,_Theben-Kilimanjaroflug_1929-30-LBS_MH02-07-0174.tif	User:DrTrigon/logs/eth-bib	DrTrigon	2016-08-05T01:39:38Z
2280	ETH-BIB-Memnonkolosse,_Theben-Kilimanjaroflug_1929-30-LBS_MH02-07-0174.tif	Commons:WikiProject Aviation/recent uploads/2016 June 21	Uli Elch	2017-03-16T12:36:04Z
2281	ETH-BIB-Totentempel_Ramses_III.,_Theben-Kilimanjaroflug_1929-30-LBS_MH02-07-0176.tif	User:DrTrigon/logs/eth-bib	DrTrigon	2016-08-05T01:39:38Z
2282	ETH-BIB-Totentempel_Ramses_III.,_Theben-Kilimanjaroflug_1929-30-LBS_MH02-07-0176.tif	Commons:WikiProject Aviation/recent uploads/2016 June 21	Uli Elch	2017-03-16T12:36:04Z
2283	ETH-BIB-Tempel_bei_Karnak-Kilimanjaroflug_1929-30-LBS_MH02-07-0178.tif	User:DrTrigon/logs/eth-bib	DrTrigon	2016-08-05T01:39:38Z
2284	ETH-BIB-Tempel_bei_Karnak-Kilimanjaroflug_1929-30-LBS_MH02-07-0178.tif	Commons:WikiProject Aviation/recent uploads/2016 June 21	Uli Elch	2017-03-16T12:36:04Z
2285	ETH-BIB-Fluss,_der_sich_in_Gebirge_einschneidet-Kilimanjaroflug_1929-30-LBS_MH02-07-0177.tif	Commons:WikiProject Aviation/recent uploads/2016 June 21	Uli Elch	2017-03-16T12:36:04Z
2286	ETH-BIB-Tempel_bei_Karnak-Kilimanjaroflug_1929-30-LBS_MH02-07-0181.tif	Commons:WikiProject Aviation/recent uploads/2016 June 21	Uli Elch	2017-03-16T12:36:04Z
2287	ETH-BIB-Tempel_von_Luxor-Kilimanjaroflug_1929-30-LBS_MH02-07-0179.tif	Commons:WikiProject Aviation/recent uploads/2016 June 21	Uli Elch	2017-03-16T12:36:04Z
2288	ETH-BIB-Afrikanisches_Dorf_aus_der_Luft-Kilimanjaroflug_1929-30-LBS_MH02-07-0209.tif	User:DrTrigon/logs/ETH-Bib/01	DrTrigon	2016-07-08T19:32:12Z
2289	ETH-BIB-Afrikanisches_Dorf_aus_der_Luft-Kilimanjaroflug_1929-30-LBS_MH02-07-0209.tif	User:DrTrigon/logs/eth-bib	DrTrigon	2016-08-05T01:39:38Z
2290	ETH-BIB-Afrikanisches_Dorf_aus_der_Luft-Kilimanjaroflug_1929-30-LBS_MH02-07-0209.tif	Commons:WikiProject Aviation/recent uploads/2016 June 21	Uli Elch	2017-03-16T12:36:04Z
2291	ETH-BIB-Elefanten_in_Flusslandschaft-Kilimanjaroflug_1929-30-LBS_MH02-07-0211.tif	User:DrTrigon/logs/eth-bib	DrTrigon	2016-08-05T01:39:38Z
2292	ETH-BIB-Elefanten_in_Flusslandschaft-Kilimanjaroflug_1929-30-LBS_MH02-07-0211.tif	Commons:WikiProject Aviation/recent uploads/2016 June 21	Uli Elch	2017-03-16T12:36:04Z
2293	ETH-BIB-Afrikanisches_Dorf_aus_der_Luft-Kilimanjaroflug_1929-30-LBS_MH02-07-0212.tif	User:DrTrigon/logs/ETH-Bib/01	DrTrigon	2016-07-08T19:32:12Z
2294	ETH-BIB-Afrikanisches_Dorf_aus_der_Luft-Kilimanjaroflug_1929-30-LBS_MH02-07-0212.tif	Commons:WikiProject Aviation/recent uploads/2016 June 21	Uli Elch	2017-03-16T12:36:04Z
2295	ETH-BIB-Elefantenherde_an_Fluss-Kilimanjaroflug_1929-30-LBS_MH02-07-0215.tif	User:DrTrigon/logs/eth-bib	DrTrigon	2016-08-05T01:39:38Z
2296	ETH-BIB-Elefantenherde_an_Fluss-Kilimanjaroflug_1929-30-LBS_MH02-07-0215.tif	Commons:WikiProject Aviation/recent uploads/2016 June 21	Uli Elch	2017-03-16T12:36:04Z
2297	ETH-BIB-Elefantenherde_im_Sudd-Kilimanjaroflug_1929-30-LBS_MH02-07-0214.tif	User:DrTrigon/logs/eth-bib	DrTrigon	2016-08-05T01:39:38Z
2298	ETH-BIB-Elefantenherde_im_Sudd-Kilimanjaroflug_1929-30-LBS_MH02-07-0214.tif	Commons:WikiProject Aviation/recent uploads/2016 June 21	Uli Elch	2017-03-16T12:36:04Z
2299	ETH-BIB-Ufer_eines_Salzsees_in_Afrika-Kilimanjaroflug_1929-30-LBS_MH02-07-0217.tif	Commons:WikiProject Aviation/recent uploads/2016 June 21	Uli Elch	2017-03-16T12:36:04Z
2300	ETH-BIB-Siedlung_in_Afrika-Kilimanjaroflug_1929-30-LBS_MH02-07-0213.tif	User:DrTrigon/logs/eth-bib	DrTrigon	2016-08-05T01:39:38Z
2301	ETH-BIB-Siedlung_in_Afrika-Kilimanjaroflug_1929-30-LBS_MH02-07-0213.tif	Commons:WikiProject Aviation/recent uploads/2016 June 21	Uli Elch	2017-03-16T12:36:04Z
2302	ETH-BIB-Sudd_mit_Bergen_im_Hintergrund-Kilimanjaroflug_1929-30-LBS_MH02-07-0216.tif	User:DrTrigon/logs/eth-bib	DrTrigon	2016-08-05T01:39:38Z
2303	ETH-BIB-Sudd_mit_Bergen_im_Hintergrund-Kilimanjaroflug_1929-30-LBS_MH02-07-0216.tif	Commons:WikiProject Aviation/recent uploads/2016 June 21	Uli Elch	2017-03-16T12:36:04Z
2304	ETH-BIB-Nebenkrater_des_Elanairobi-Kilimanjaroflug_1929-30-LBS_MH02-07-0222.tif	User:DrTrigon/logs/eth-bib	DrTrigon	2016-08-05T01:39:38Z
2305	ETH-BIB-Nebenkrater_des_Elanairobi-Kilimanjaroflug_1929-30-LBS_MH02-07-0222.tif	Commons:WikiProject Aviation/recent uploads/2016 June 21	Uli Elch	2017-03-16T12:36:04Z
2306	ETH-BIB-Elanairobi_mit_Nebenkrater-Kilimanjaroflug_1929-30-LBS_MH02-07-0221.tif	User:DrTrigon/logs/eth-bib	DrTrigon	2016-08-05T01:39:38Z
2307	ETH-BIB-Elanairobi_mit_Nebenkrater-Kilimanjaroflug_1929-30-LBS_MH02-07-0221.tif	Commons:WikiProject Aviation/recent uploads/2016 June 21	Uli Elch	2017-03-16T12:36:04Z
2308	ETH-BIB-Krater_des_Longonot-Kilimanjaroflug_1929-30-LBS_MH02-07-0220.tif	User:DrTrigon/logs/eth-bib	DrTrigon	2016-08-05T01:39:38Z
2309	ETH-BIB-Krater_des_Longonot-Kilimanjaroflug_1929-30-LBS_MH02-07-0220.tif	Commons:WikiProject Aviation/recent uploads/2016 June 21	Uli Elch	2017-03-16T12:36:04Z
2310	ETH-BIB-Ufer_eines_Salzsees_in_Afrika-Kilimanjaroflug_1929-30-LBS_MH02-07-0218.tif	User:DrTrigon/logs/eth-bib	DrTrigon	2016-08-05T01:39:38Z
2311	ETH-BIB-Ufer_eines_Salzsees_in_Afrika-Kilimanjaroflug_1929-30-LBS_MH02-07-0218.tif	Commons:WikiProject Aviation/recent uploads/2016 June 21	Uli Elch	2017-03-16T12:36:04Z
2312	ETH-BIB-Krater_des_Longonot-Kilimanjaroflug_1929-30-LBS_MH02-07-0219.tif	User:DrTrigon/logs/eth-bib	DrTrigon	2016-08-05T01:39:38Z
2313	ETH-BIB-Krater_des_Longonot-Kilimanjaroflug_1929-30-LBS_MH02-07-0219.tif	Commons:WikiProject Aviation/recent uploads/2016 June 21	Uli Elch	2017-03-16T12:36:04Z
2314	ETH-BIB-Ol_Doinyo_Lengai-Kilimanjaroflug_1929-30-LBS_MH02-07-0223.tif	User:DrTrigon/logs/eth-bib	DrTrigon	2016-08-05T01:39:38Z
2315	ETH-BIB-Ol_Doinyo_Lengai-Kilimanjaroflug_1929-30-LBS_MH02-07-0223.tif	Commons:WikiProject Aviation/recent uploads/2016 June 21	Uli Elch	2017-03-16T12:36:04Z
2316	ETH-BIB-Gebirge_in_Afrika-Kilimanjaroflug_1929-30-LBS_MH02-07-0226.tif	User:DrTrigon/logs/eth-bib	DrTrigon	2016-08-05T01:39:38Z
2317	ETH-BIB-Gebirge_in_Afrika-Kilimanjaroflug_1929-30-LBS_MH02-07-0226.tif	Commons:WikiProject Aviation/recent uploads/2016 June 21	Uli Elch	2017-03-16T12:36:04Z
2318	ETH-BIB-Bewaldetes_Gebirge_in_Afrika-Kilimanjaroflug_1929-30-LBS_MH02-07-0224.tif	User:DrTrigon/logs/ETH-Bib/01	DrTrigon	2016-07-08T19:32:12Z
2319	ETH-BIB-Bewaldetes_Gebirge_in_Afrika-Kilimanjaroflug_1929-30-LBS_MH02-07-0224.tif	User:DrTrigon/logs/eth-bib	DrTrigon	2016-08-05T01:39:38Z
2320	ETH-BIB-Bewaldetes_Gebirge_in_Afrika-Kilimanjaroflug_1929-30-LBS_MH02-07-0224.tif	Commons:WikiProject Aviation/recent uploads/2016 June 21	Uli Elch	2017-03-16T12:36:04Z
2321	ETH-BIB-Berg_mit_Spitze_in_den_Wolken-Kilimanjaroflug_1929-30-LBS_MH02-07-0225.tif	User:DrTrigon/logs/ETH-Bib/01	DrTrigon	2016-07-08T19:32:12Z
2322	ETH-BIB-Berg_mit_Spitze_in_den_Wolken-Kilimanjaroflug_1929-30-LBS_MH02-07-0225.tif	Commons:WikiProject Aviation/recent uploads/2016 June 21	Uli Elch	2017-03-16T12:36:04Z
2323	ETH-BIB-Gebirge_in_Afrika-Kilimanjaroflug_1929-30-LBS_MH02-07-0227.tif	User:DrTrigon/logs/eth-bib	DrTrigon	2016-08-05T01:39:38Z
2324	ETH-BIB-Gebirge_in_Afrika-Kilimanjaroflug_1929-30-LBS_MH02-07-0227.tif	Commons:WikiProject Aviation/recent uploads/2016 June 21	Uli Elch	2017-03-16T12:36:04Z
2325	ETH-BIB-Luftbild_eines_Berglandes_mit_See-Kilimanjaroflug_1929-30-LBS_MH02-07-0231.tif	User:DrTrigon/logs/eth-bib	DrTrigon	2016-08-05T01:39:38Z
2326	ETH-BIB-Luftbild_eines_Berglandes_mit_See-Kilimanjaroflug_1929-30-LBS_MH02-07-0231.tif	Commons:WikiProject Aviation/recent uploads/2016 June 21	Uli Elch	2017-03-16T12:36:04Z
2327	ETH-BIB-Gebirge_in_Afrika-Kilimanjaroflug_1929-30-LBS_MH02-07-0228.tif	User:DrTrigon/logs/eth-bib	DrTrigon	2016-08-05T01:39:38Z
2328	ETH-BIB-Gebirge_in_Afrika-Kilimanjaroflug_1929-30-LBS_MH02-07-0228.tif	Commons:WikiProject Aviation/recent uploads/2016 June 21	Uli Elch	2017-03-16T12:36:04Z
2329	ETH-BIB-Luftbild_eines_Berglandes_mit_See_in_Afrika-Kilimanjaroflug_1929-30-LBS_MH02-07-0230.tif	User:DrTrigon/logs/eth-bib	DrTrigon	2016-08-05T01:39:38Z
2330	ETH-BIB-Luftbild_eines_Berglandes_mit_See_in_Afrika-Kilimanjaroflug_1929-30-LBS_MH02-07-0230.tif	Commons:WikiProject Aviation/recent uploads/2016 June 21	Uli Elch	2017-03-16T12:36:04Z
2331	ETH-BIB-Luftbild_eines_Berglandes_mit_See-Kilimanjaroflug_1929-30-LBS_MH02-07-0232.tif	User:DrTrigon/logs/eth-bib	DrTrigon	2016-08-05T01:39:38Z
2332	ETH-BIB-Luftbild_eines_Berglandes_mit_See-Kilimanjaroflug_1929-30-LBS_MH02-07-0232.tif	Commons:WikiProject Aviation/recent uploads/2016 June 21	Uli Elch	2017-03-16T12:36:04Z
2333	ETH-BIB-Mawenzi-Kilimanjaroflug_1929-30-LBS_MH02-07-0237.tif	User:DrTrigon/logs/eth-bib	DrTrigon	2016-08-05T01:39:38Z
2334	ETH-BIB-Mawenzi-Kilimanjaroflug_1929-30-LBS_MH02-07-0237.tif	Commons:WikiProject Aviation/recent uploads/2016 June 21	Uli Elch	2017-03-16T12:36:04Z
2335	ETH-BIB-Mawenzi-Kilimanjaroflug_1929-30-LBS_MH02-07-0235.tif	User:DrTrigon/logs/eth-bib	DrTrigon	2016-08-05T01:39:38Z
2336	ETH-BIB-Mawenzi-Kilimanjaroflug_1929-30-LBS_MH02-07-0235.tif	Commons:WikiProject Aviation/recent uploads/2016 June 21	Uli Elch	2017-03-16T12:36:04Z
2337	ETH-BIB-Wolken_vor_afrikanischer_Landschaft-Kilimanjaroflug_1929-30-LBS_MH02-07-0234.tif	User:DrTrigon/logs/eth-bib	DrTrigon	2016-08-05T01:39:38Z
2338	ETH-BIB-Wolken_vor_afrikanischer_Landschaft-Kilimanjaroflug_1929-30-LBS_MH02-07-0234.tif	Commons:WikiProject Aviation/recent uploads/2016 June 21	Uli Elch	2017-03-16T12:36:04Z
2339	ETH-BIB-Mawenzi-Kilimanjaroflug_1929-30-LBS_MH02-07-0236.tif	User:DrTrigon/logs/eth-bib	DrTrigon	2016-08-05T01:39:38Z
2340	ETH-BIB-Mawenzi-Kilimanjaroflug_1929-30-LBS_MH02-07-0236.tif	Commons:WikiProject Aviation/recent uploads/2016 June 21	Uli Elch	2017-03-16T12:36:04Z
2341	ETH-BIB-Luftbild_eines_Berglandes_mit_See-Kilimanjaroflug_1929-30-LBS_MH02-07-0233.tif	User:DrTrigon/logs/eth-bib	DrTrigon	2016-08-05T01:39:38Z
2342	ETH-BIB-Luftbild_eines_Berglandes_mit_See-Kilimanjaroflug_1929-30-LBS_MH02-07-0233.tif	Commons:WikiProject Aviation/recent uploads/2016 June 21	Uli Elch	2017-03-16T12:36:04Z
2343	ETH-BIB-Kibo-Kilimanjaroflug_1929-30-LBS_MH02-07-0239.tif	User:DrTrigon/logs/eth-bib	DrTrigon	2016-08-05T01:39:38Z
2344	ETH-BIB-Kibo-Kilimanjaroflug_1929-30-LBS_MH02-07-0239.tif	Commons:WikiProject Aviation/recent uploads/2016 June 21	Uli Elch	2017-03-16T12:36:04Z
2345	ETH-BIB-Mawenzi-Kilimanjaroflug_1929-30-LBS_MH02-07-0238.tif	User:DrTrigon/logs/eth-bib	DrTrigon	2016-08-05T01:39:38Z
2346	ETH-BIB-Mawenzi-Kilimanjaroflug_1929-30-LBS_MH02-07-0238.tif	Commons:WikiProject Aviation/recent uploads/2016 June 21	Uli Elch	2017-03-16T12:36:04Z
2347	ETH-BIB-Kibo-Kilimanjaroflug_1929-30-LBS_MH02-07-0242.tif	User:DrTrigon/logs/eth-bib	DrTrigon	2016-08-05T01:39:38Z
2348	ETH-BIB-Kibo-Kilimanjaroflug_1929-30-LBS_MH02-07-0242.tif	Commons:WikiProject Aviation/recent uploads/2016 June 21	Uli Elch	2017-03-16T12:36:04Z
2349	ETH-BIB-Kibo_und_Mawenzi-Kilimanjaroflug_1929-30-LBS_MH02-07-0240.tif	User:DrTrigon/logs/eth-bib	DrTrigon	2016-08-05T01:39:38Z
2350	ETH-BIB-Kibo_und_Mawenzi-Kilimanjaroflug_1929-30-LBS_MH02-07-0240.tif	Commons:WikiProject Aviation/recent uploads/2016 June 21	Uli Elch	2017-03-16T12:36:04Z
2351	ETH-BIB-Kilimandjaro_aus_40_km_von_N._nach_der_ersten_Überfliegung-Kilimanjaroflug_1929-30-LBS_MH02-07-0243.tif	User:DrTrigon/logs/eth-bib	DrTrigon	2016-08-05T01:39:38Z
2352	ETH-BIB-Kilimandjaro_aus_40_km_von_N._nach_der_ersten_Überfliegung-Kilimanjaroflug_1929-30-LBS_MH02-07-0243.tif	Commons:WikiProject Aviation/recent uploads/2016 June 21	Uli Elch	2017-03-16T12:36:04Z
2353	ETH-BIB-Mount_Kenya-Kilimanjaroflug_1929-30-LBS_MH02-07-0246.tif	User:DrTrigon/logs/eth-bib	DrTrigon	2016-08-05T01:39:38Z
2354	ETH-BIB-Mount_Kenya-Kilimanjaroflug_1929-30-LBS_MH02-07-0246.tif	Commons:WikiProject Aviation/recent uploads/2016 June 21	Uli Elch	2017-03-16T12:36:04Z
2355	ETH-BIB-Mount_Kenya-Kilimanjaroflug_1929-30-LBS_MH02-07-0245.tif	User:DrTrigon/logs/eth-bib	DrTrigon	2016-08-05T01:39:38Z
2356	ETH-BIB-Mount_Kenya-Kilimanjaroflug_1929-30-LBS_MH02-07-0245.tif	Commons:WikiProject Aviation/recent uploads/2016 June 21	Uli Elch	2017-03-16T12:36:04Z
2357	ETH-BIB-Mount_Kenya-Kilimanjaroflug_1929-30-LBS_MH02-07-0248.tif	User:DrTrigon/logs/eth-bib	DrTrigon	2016-08-05T01:39:38Z
2358	ETH-BIB-Mount_Kenya-Kilimanjaroflug_1929-30-LBS_MH02-07-0248.tif	Commons:WikiProject Aviation/recent uploads/2016 June 21	Uli Elch	2017-03-16T12:36:04Z
2359	ETH-BIB-Kibo-Kilimanjaroflug_1929-30-LBS_MH02-07-0244.tif	User:DrTrigon/logs/eth-bib	DrTrigon	2016-08-05T01:39:38Z
2360	ETH-BIB-Kibo-Kilimanjaroflug_1929-30-LBS_MH02-07-0244.tif	Commons:WikiProject Aviation/recent uploads/2016 June 21	Uli Elch	2017-03-16T12:36:04Z
2361	ETH-BIB-Mount_Kenya-Kilimanjaroflug_1929-30-LBS_MH02-07-0247.tif	User:DrTrigon/logs/eth-bib	DrTrigon	2016-08-05T01:39:38Z
2362	ETH-BIB-Mount_Kenya-Kilimanjaroflug_1929-30-LBS_MH02-07-0247.tif	Commons:WikiProject Aviation/recent uploads/2016 June 21	Uli Elch	2017-03-16T12:36:04Z
2363	ETH-BIB-Kilimandjaro-Kilimanjaroflug_1929-30-LBS_MH02-07-0257.tif	Commons:WikiProject Aviation/recent uploads/2016 June 21	Uli Elch	2017-03-16T12:36:04Z
2364	ETH-BIB-Gebirge_in_Afrika-Kilimanjaroflug_1929-30-LBS_MH02-07-0258.tif	Commons:WikiProject Aviation/recent uploads/2016 June 21	Uli Elch	2017-03-16T12:36:04Z
2365	ETH-BIB-Krater-Kilimanjaroflug_1929-30-LBS_MH02-07-0262.tif	Commons:WikiProject Aviation/recent uploads/2016 June 21	Uli Elch	2017-03-16T12:36:04Z
2366	ETH-BIB-Nairobi_aus_der_Luft-Kilimanjaroflug_1929-30-LBS_MH02-07-0260.tif	User:DrTrigon/logs/eth-bib	DrTrigon	2016-08-05T01:39:38Z
2367	ETH-BIB-Nairobi_aus_der_Luft-Kilimanjaroflug_1929-30-LBS_MH02-07-0260.tif	Commons:WikiProject Aviation/recent uploads/2016 June 21	Uli Elch	2017-03-16T12:36:04Z
2368	ETH-BIB-Krater_in_einer_Ebene-Kilimanjaroflug_1929-30-LBS_MH02-07-0261.tif	Commons:WikiProject Aviation/recent uploads/2016 June 21	Uli Elch	2017-03-16T12:36:04Z
2369	ETH-BIB-Ebene_in_Afrika-Kilimanjaroflug_1929-30-LBS_MH02-07-0266.tif	User:DrTrigon/logs/eth-bib	DrTrigon	2016-08-05T01:39:38Z
2370	ETH-BIB-Ebene_in_Afrika-Kilimanjaroflug_1929-30-LBS_MH02-07-0266.tif	Commons:WikiProject Aviation/recent uploads/2016 June 21	Uli Elch	2017-03-16T12:36:04Z
2371	ETH-BIB-Gegend_oberhalb_von_Lado-Kilimanjaroflug_1929-30-LBS_MH02-07-0267.tif	Commons:WikiProject Aviation/recent uploads/2016 June 21	Uli Elch	2017-03-16T12:36:04Z
2372	ETH-BIB-Bewaldete_Hochebene_und_Tal-Kilimanjaroflug_1929-30-LBS_MH02-07-0268.tif	User:DrTrigon/logs/ETH-Bib/01	DrTrigon	2016-07-08T19:32:12Z
2373	ETH-BIB-Bewaldete_Hochebene_und_Tal-Kilimanjaroflug_1929-30-LBS_MH02-07-0268.tif	User:DrTrigon/logs/eth-bib	DrTrigon	2016-08-05T01:39:38Z
2374	ETH-BIB-Bewaldete_Hochebene_und_Tal-Kilimanjaroflug_1929-30-LBS_MH02-07-0268.tif	Commons:WikiProject Aviation/recent uploads/2016 June 21	Uli Elch	2017-03-16T12:36:04Z
2375	ETH-BIB-Landschaft_in_Afrika-Kilimanjaroflug_1929-30-LBS_MH02-07-0264.tif	User:DrTrigon/logs/eth-bib	DrTrigon	2016-08-05T01:39:38Z
2376	ETH-BIB-Landschaft_in_Afrika-Kilimanjaroflug_1929-30-LBS_MH02-07-0264.tif	Commons:WikiProject Aviation/recent uploads/2016 June 21	Uli Elch	2017-03-16T12:36:04Z
2377	ETH-BIB-Meru-Kilimanjaroflug_1929-30-LBS_MH02-07-0270.tif	Commons:WikiProject Aviation/recent uploads/2016 June 21	Uli Elch	2017-03-16T12:36:04Z
2378	ETH-BIB-Zerklüftete_Gebirgslandschaft-Kilimanjaroflug_1929-30-LBS_MH02-07-0269.tif	User:DrTrigon/logs/eth-bib	DrTrigon	2016-08-05T01:39:38Z
2379	ETH-BIB-Zerklüftete_Gebirgslandschaft-Kilimanjaroflug_1929-30-LBS_MH02-07-0269.tif	Commons:WikiProject Aviation/recent uploads/2016 June 21	Uli Elch	2017-03-16T12:36:04Z
2380	ETH-BIB-Ebene_mit_Gebirge_im_Hintergrund-Kilimanjaroflug_1929-30-LBS_MH02-07-0273.tif	Commons:WikiProject Aviation/recent uploads/2016 June 21	Uli Elch	2017-03-16T12:36:04Z
2381	ETH-BIB-Kibo_und_Mawenzi_im_Hintergrund-Kilimanjaroflug_1929-30-LBS_MH02-07-0278.tif	Commons:WikiProject Aviation/recent uploads/2016 June 21	Uli Elch	2017-03-16T12:36:04Z
2382	ETH-BIB-Krater_von_Longido_und_Erok_aus_der_Ferne-Kilimanjaroflug_1929-30-LBS_MH02-07-0271.tif	User:DrTrigon/logs/eth-bib	DrTrigon	2016-08-05T01:39:38Z
2383	ETH-BIB-Krater_von_Longido_und_Erok_aus_der_Ferne-Kilimanjaroflug_1929-30-LBS_MH02-07-0271.tif	Commons:WikiProject Aviation/recent uploads/2016 June 21	Uli Elch	2017-03-16T12:36:04Z
2384	ETH-BIB-Zerklüftete_Landschaft-Kilimanjaroflug_1929-30-LBS_MH02-07-0272.tif	Commons:WikiProject Aviation/recent uploads/2016 June 21	Uli Elch	2017-03-16T12:36:04Z
2385	ETH-BIB-Kibo-Kilimanjaroflug_1929-30-LBS_MH02-07-0277.tif	User:DrTrigon/logs/eth-bib	DrTrigon	2016-08-05T01:39:38Z
2386	ETH-BIB-Kibo-Kilimanjaroflug_1929-30-LBS_MH02-07-0277.tif	Commons:WikiProject Aviation/recent uploads/2016 June 21	Uli Elch	2017-03-16T12:36:04Z
2387	ETH-BIB-Anflug_zum_Mount_Kenya-Kilimanjaroflug_1929-30-LBS_MH02-07-0274.tif	User:DrTrigon/logs/eth-bib	DrTrigon	2016-08-05T01:39:38Z
2388	ETH-BIB-Anflug_zum_Mount_Kenya-Kilimanjaroflug_1929-30-LBS_MH02-07-0274.tif	Commons:WikiProject Aviation/recent uploads/2016 June 21	Uli Elch	2017-03-16T12:36:04Z
2389	ETH-BIB-Mount_Kenya-Kilimanjaroflug_1929-30-LBS_MH02-07-0275.tif	User:DrTrigon/logs/eth-bib	DrTrigon	2016-08-05T01:39:38Z
2390	ETH-BIB-Mount_Kenya-Kilimanjaroflug_1929-30-LBS_MH02-07-0275.tif	Commons:WikiProject Aviation/recent uploads/2016 June 21	Uli Elch	2017-03-16T12:36:04Z
2391	ETH-BIB-Mount_Kenya-Kilimanjaroflug_1929-30-LBS_MH02-07-0276.tif	User:DrTrigon/logs/eth-bib	DrTrigon	2016-08-05T01:39:38Z
2392	ETH-BIB-Mount_Kenya-Kilimanjaroflug_1929-30-LBS_MH02-07-0276.tif	Commons:WikiProject Aviation/recent uploads/2016 June 21	Uli Elch	2017-03-16T12:36:04Z
2393	ETH-BIB-Wildebeest_(Gnus)-Kilimanjaroflug_1929-30-LBS_MH02-07-0350.tif	Commons:WikiProject Aviation/recent uploads/2016 June 21	Uli Elch	2017-03-16T12:36:04Z
2394	ETH-BIB-Löwen_in_der_Serengeti-Kilimanjaroflug_1929-30-LBS_MH02-07-0373.tif	Commons:WikiProject Aviation/recent uploads/2016 June 21	Uli Elch	2017-03-16T12:36:04Z
2395	ETH-BIB-Kibo-Kilimanjaroflug_1929-30-LBS_MH02-07-0386.tif	Commons:WikiProject Aviation/recent uploads/2016 June 21	Uli Elch	2017-03-16T12:36:04Z
2396	ETH-BIB-Kibo-Kilimanjaroflug_1929-30-LBS_MH02-07-0385.tif	User:DrTrigon/logs/eth-bib	DrTrigon	2016-08-05T01:39:38Z
2397	ETH-BIB-Kibo-Kilimanjaroflug_1929-30-LBS_MH02-07-0385.tif	Commons:WikiProject Aviation/recent uploads/2016 June 21	Uli Elch	2017-03-16T12:36:04Z
2398	ETH-BIB-Kibo-Kilimanjaroflug_1929-30-LBS_MH02-07-0391.tif	User:DrTrigon/logs/eth-bib	DrTrigon	2016-08-05T01:39:38Z
2399	ETH-BIB-Kibo-Kilimanjaroflug_1929-30-LBS_MH02-07-0391.tif	Commons:WikiProject Aviation/recent uploads/2016 June 21	Uli Elch	2017-03-16T12:36:04Z
2400	ETH-BIB-Krater_des_Kibo-Kilimanjaroflug_1929-30-LBS_MH02-07-0388.tif	User:DrTrigon/logs/eth-bib	DrTrigon	2016-08-05T01:39:38Z
2401	ETH-BIB-Krater_des_Kibo-Kilimanjaroflug_1929-30-LBS_MH02-07-0388.tif	Commons:WikiProject Aviation/recent uploads/2016 June 21	Uli Elch	2017-03-16T12:36:04Z
2402	ETH-BIB-Kibo-Kilimanjaroflug_1929-30-LBS_MH02-07-0390.tif	User:DrTrigon/logs/eth-bib	DrTrigon	2016-08-05T01:39:38Z
2403	ETH-BIB-Kibo-Kilimanjaroflug_1929-30-LBS_MH02-07-0390.tif	Commons:WikiProject Aviation/recent uploads/2016 June 21	Uli Elch	2017-03-16T12:36:04Z
2404	ETH-BIB-Kibo_von_W._aus_5200_m_Höhe-Kilimanjaroflug_1929-30-LBS_MH02-07-0389.tif	User:DrTrigon/logs/eth-bib	DrTrigon	2016-08-05T01:39:38Z
2405	ETH-BIB-Kibo_von_W._aus_5200_m_Höhe-Kilimanjaroflug_1929-30-LBS_MH02-07-0389.tif	Commons:WikiProject Aviation/recent uploads/2016 June 21	Uli Elch	2017-03-16T12:36:04Z
2406	ETH-BIB-Lari-Kilimanjaroflug_1929-30-LBS_MH02-07-0402.tif	User:DrTrigon/logs/eth-bib	DrTrigon	2016-08-05T01:39:38Z
2407	ETH-BIB-Lari-Kilimanjaroflug_1929-30-LBS_MH02-07-0402.tif	Commons:WikiProject Aviation/recent uploads/2016 June 21	Uli Elch	2017-03-16T12:36:04Z
2408	ETH-BIB-Übergang_fruchtbares_Land_-_Wüste-Kilimanjaroflug_1929-30-LBS_MH02-07-0426.tif	User:DrTrigon/logs/eth-bib	DrTrigon	2016-08-05T01:39:38Z
2409	ETH-BIB-Übergang_fruchtbares_Land_-_Wüste-Kilimanjaroflug_1929-30-LBS_MH02-07-0426.tif	Commons:WikiProject Aviation/recent uploads/2016 June 21	Uli Elch	2017-03-16T12:36:04Z
2410	ETH-BIB-Pyramiden_in_der_Ferne-Kilimanjaroflug_1929-30-LBS_MH02-07-0423.tif	Commons:WikiProject Aviation/recent uploads/2016 June 21	Uli Elch	2017-03-16T12:36:04Z
2411	ETH-BIB-Übergang_fruchtbares_Land_-_Wüste-Kilimanjaroflug_1929-30-LBS_MH02-07-0425.tif	User:DrTrigon/logs/eth-bib	DrTrigon	2016-08-05T01:39:38Z
2412	ETH-BIB-Übergang_fruchtbares_Land_-_Wüste-Kilimanjaroflug_1929-30-LBS_MH02-07-0425.tif	Commons:WikiProject Aviation/recent uploads/2016 June 21	Uli Elch	2017-03-16T12:36:04Z
2413	ETH-BIB-Nil-Kilimanjaroflug_1929-30-LBS_MH02-07-0431.tif	User:DrTrigon/logs/eth-bib	DrTrigon	2016-08-05T01:39:38Z
2414	ETH-BIB-Nil-Kilimanjaroflug_1929-30-LBS_MH02-07-0431.tif	Commons:WikiProject Aviation/recent uploads/2016 June 21	Uli Elch	2017-03-16T12:36:04Z
2415	ETH-BIB-Wüstenstadt-Kilimanjaroflug_1929-30-LBS_MH02-07-0428.tif	Commons:WikiProject Aviation/recent uploads/2016 June 21	Uli Elch	2017-03-16T12:36:04Z
2416	ETH-BIB-Kilimandjaro_in_Wolken-Kilimanjaroflug_1929-30-LBS_MH02-07-0120.tif	User:DrTrigon/logs/eth-bib	DrTrigon	2016-08-05T01:39:38Z
2417	ETH-BIB-Kilimandjaro_in_Wolken-Kilimanjaroflug_1929-30-LBS_MH02-07-0120.tif	Commons:WikiProject Aviation/recent uploads/2016 June 21	Uli Elch	2017-03-16T12:36:04Z
2418	ETH-BIB-Dorf_am_Nil-Kilimanjaroflug_1929-30-LBS_MH02-07-0429.tif	User:DrTrigon/logs/ETH-Bib/01	DrTrigon	2016-07-08T19:32:12Z
2419	ETH-BIB-Dorf_am_Nil-Kilimanjaroflug_1929-30-LBS_MH02-07-0429.tif	User:DrTrigon/logs/eth-bib	DrTrigon	2016-08-05T01:39:38Z
2420	ETH-BIB-Dorf_am_Nil-Kilimanjaroflug_1929-30-LBS_MH02-07-0429.tif	Commons:WikiProject Aviation/recent uploads/2016 June 21	Uli Elch	2017-03-16T12:36:04Z
2421	ETH-BIB-Schiffe_auf_dem_Nil-Kilimanjaroflug_1929-30-LBS_MH02-07-0433.tif	User:DrTrigon/logs/eth-bib	DrTrigon	2016-08-05T01:39:38Z
2422	ETH-BIB-Schiffe_auf_dem_Nil-Kilimanjaroflug_1929-30-LBS_MH02-07-0433.tif	Commons:WikiProject Aviation/recent uploads/2016 June 21	Uli Elch	2017-03-16T12:36:04Z
2423	ETH-BIB-Dorf_am_Nil-Kilimanjaroflug_1929-30-LBS_MH02-07-0432.tif	User:DrTrigon/logs/ETH-Bib/01	DrTrigon	2016-07-08T19:32:12Z
2424	ETH-BIB-Dorf_am_Nil-Kilimanjaroflug_1929-30-LBS_MH02-07-0432.tif	User:DrTrigon/logs/eth-bib	DrTrigon	2016-08-05T01:39:38Z
2425	ETH-BIB-Dorf_am_Nil-Kilimanjaroflug_1929-30-LBS_MH02-07-0432.tif	Commons:WikiProject Aviation/recent uploads/2016 June 21	Uli Elch	2017-03-16T12:36:04Z
2426	ETH-BIB-Dorf_am_Nil-Kilimanjaroflug_1929-30-LBS_MH02-07-0436.tif	User:DrTrigon/logs/ETH-Bib/01	DrTrigon	2016-07-08T19:32:12Z
2427	ETH-BIB-Dorf_am_Nil-Kilimanjaroflug_1929-30-LBS_MH02-07-0436.tif	User:DrTrigon/logs/eth-bib	DrTrigon	2016-08-05T01:39:38Z
2428	ETH-BIB-Dorf_am_Nil-Kilimanjaroflug_1929-30-LBS_MH02-07-0436.tif	Commons:WikiProject Aviation/recent uploads/2016 June 21	Uli Elch	2017-03-16T12:36:04Z
2429	ETH-BIB-Malakal,_Stadt_am_Nil-Kilimanjaroflug_1929-30-LBS_MH02-07-0430.tif	User:DrTrigon/logs/eth-bib	DrTrigon	2016-08-05T01:39:38Z
2430	ETH-BIB-Malakal,_Stadt_am_Nil-Kilimanjaroflug_1929-30-LBS_MH02-07-0430.tif	Commons:WikiProject Aviation/recent uploads/2016 June 21	Uli Elch	2017-03-16T12:36:04Z
2431	ETH-BIB-Lengai-Kilimanjaroflug_1929-30-LBS_MH02-07-0126.tif	User:DrTrigon/logs/eth-bib	DrTrigon	2016-08-05T01:39:38Z
2432	ETH-BIB-Lengai-Kilimanjaroflug_1929-30-LBS_MH02-07-0126.tif	Commons:WikiProject Aviation/recent uploads/2016 June 21	Uli Elch	2017-03-16T12:36:04Z
2433	ETH-BIB-Kleines_Dorf_am_Nil-Kilimanjaroflug_1929-30-LBS_MH02-07-0435.tif	User:DrTrigon/logs/eth-bib	DrTrigon	2016-08-05T01:39:38Z
2434	ETH-BIB-Kleines_Dorf_am_Nil-Kilimanjaroflug_1929-30-LBS_MH02-07-0435.tif	Commons:WikiProject Aviation/recent uploads/2016 June 21	Uli Elch	2017-03-16T12:36:04Z
2435	ETH-BIB-Städtchen-Kilimanjaroflug_1929-30-LBS_MH02-07-0442.tif	User:DrTrigon/logs/eth-bib	DrTrigon	2016-08-05T01:39:38Z
2436	ETH-BIB-Städtchen-Kilimanjaroflug_1929-30-LBS_MH02-07-0442.tif	Commons:WikiProject Aviation/recent uploads/2016 June 21	Uli Elch	2017-03-16T12:36:04Z
2437	ETH-BIB-Kairo-Kilimanjaroflug_1929-30-LBS_MH02-07-0444.tif	User:DrTrigon/logs/eth-bib	DrTrigon	2016-08-05T01:39:38Z
2438	ETH-BIB-Kairo-Kilimanjaroflug_1929-30-LBS_MH02-07-0444.tif	Commons:WikiProject Aviation/recent uploads/2016 June 21	Uli Elch	2017-03-16T12:36:04Z
2439	ETH-BIB-Städtchen_am_Nil-Kilimanjaroflug_1929-30-LBS_MH02-07-0437.tif	Commons:WikiProject Aviation/recent uploads/2016 June 21	Uli Elch	2017-03-16T12:36:04Z
2440	ETH-BIB-Städtchen-Kilimanjaroflug_1929-30-LBS_MH02-07-0443.tif	User:DrTrigon/logs/eth-bib	DrTrigon	2016-08-05T01:39:38Z
2441	ETH-BIB-Städtchen-Kilimanjaroflug_1929-30-LBS_MH02-07-0443.tif	Commons:WikiProject Aviation/recent uploads/2016 June 21	Uli Elch	2017-03-16T12:36:04Z
2442	ETH-BIB-Kleines_Dorf_am_Nil-Kilimanjaroflug_1929-30-LBS_MH02-07-0434.tif	Commons:WikiProject Aviation/recent uploads/2016 June 21	Uli Elch	2017-03-16T12:36:04Z
2443	ETH-BIB-Nil-Kilimanjaroflug_1929-30-LBS_MH02-07-0438.tif	User:DrTrigon/logs/eth-bib	DrTrigon	2016-08-05T01:39:38Z
2444	ETH-BIB-Nil-Kilimanjaroflug_1929-30-LBS_MH02-07-0438.tif	Commons:WikiProject Aviation/recent uploads/2016 June 21	Uli Elch	2017-03-16T12:36:04Z
2445	ETH-BIB-Erosionslandschaft_in_Afrika-Kilimanjaroflug_1929-30-LBS_MH02-07-0441.tif	Commons:WikiProject Aviation/recent uploads/2016 June 21	Uli Elch	2017-03-16T12:36:04Z
2446	ETH-BIB-Städtchen_am_Nil-Kilimanjaroflug_1929-30-LBS_MH02-07-0439.tif	User:DrTrigon/logs/eth-bib	DrTrigon	2016-08-05T01:39:38Z
2447	ETH-BIB-Städtchen_am_Nil-Kilimanjaroflug_1929-30-LBS_MH02-07-0439.tif	Commons:WikiProject Aviation/recent uploads/2016 June 21	Uli Elch	2017-03-16T12:36:04Z
2448	ETH-BIB-Kairo-Kilimanjaroflug_1929-30-LBS_MH02-07-0445.tif	User:DrTrigon/logs/eth-bib	DrTrigon	2016-08-05T01:39:38Z
2449	ETH-BIB-Kairo-Kilimanjaroflug_1929-30-LBS_MH02-07-0445.tif	Commons:WikiProject Aviation/recent uploads/2016 June 21	Uli Elch	2017-03-16T12:36:04Z
2450	ETH-BIB-Küstenebene_des_Thiamis_Flusses-Kilimanjaroflug_1929-30-LBS_MH02-07-0515.tif	User:DrTrigon/logs/eth-bib	DrTrigon	2016-08-05T01:39:38Z
2451	ETH-BIB-Küstenebene_des_Thiamis_Flusses-Kilimanjaroflug_1929-30-LBS_MH02-07-0515.tif	Commons:WikiProject Aviation/recent uploads/2016 June 21	Uli Elch	2017-03-16T12:36:04Z
2452	ETH-BIB-Gebirge_in_Europa-Kilimanjaroflug_1929-30-LBS_MH02-07-0521.tif	User:DrTrigon/logs/eth-bib	DrTrigon	2016-08-05T01:39:38Z
2453	ETH-BIB-Gebirge_in_Europa-Kilimanjaroflug_1929-30-LBS_MH02-07-0521.tif	Commons:WikiProject Aviation/recent uploads/2016 June 21	Uli Elch	2017-03-16T12:36:04Z
2454	ETH-BIB-Über_Nakuru_erhebt_sich_der_erloschene_Krater_des_Menengai-Kilimanjaroflug_1929-30-LBS_MH02-07-0524.tif	User:DrTrigon/logs/eth-bib	DrTrigon	2016-08-05T01:39:38Z
2455	ETH-BIB-Über_Nakuru_erhebt_sich_der_erloschene_Krater_des_Menengai-Kilimanjaroflug_1929-30-LBS_MH02-07-0524.tif	Commons:WikiProject Aviation/recent uploads/2016 June 21	Uli Elch	2017-03-16T12:36:04Z
2456	ETH-BIB-Nairobi,_Bahnhofquartier_aus_der_Luft-Kilimanjaroflug_1929-30-LBS_MH02-07-0525.tif	User:DrTrigon/logs/eth-bib	DrTrigon	2016-08-05T01:39:38Z
2457	ETH-BIB-Nairobi,_Bahnhofquartier_aus_der_Luft-Kilimanjaroflug_1929-30-LBS_MH02-07-0525.tif	Commons:WikiProject Aviation/recent uploads/2016 June 21	Uli Elch	2017-03-16T12:36:04Z
2458	ETH-BIB-Ebene_und_Gebirge_aus_der_Luft-Kilimanjaroflug_1929-30-LBS_MH02-07-0527.tif	User:DrTrigon/logs/eth-bib	DrTrigon	2016-08-05T01:39:38Z
2459	ETH-BIB-Ebene_und_Gebirge_aus_der_Luft-Kilimanjaroflug_1929-30-LBS_MH02-07-0527.tif	Commons:WikiProject Aviation/recent uploads/2016 June 21	Uli Elch	2017-03-16T12:36:04Z
2460	ETH-BIB-Bewaldete_Ebene_mit_Meru_im_Hintergrund-Kilimanjaroflug_1929-30-LBS_MH02-07-0528.tif	User:DrTrigon/logs/ETH-Bib/01	DrTrigon	2016-07-08T19:32:12Z
2461	ETH-BIB-Bewaldete_Ebene_mit_Meru_im_Hintergrund-Kilimanjaroflug_1929-30-LBS_MH02-07-0528.tif	User:DrTrigon/logs/eth-bib	DrTrigon	2016-08-05T01:39:38Z
2462	ETH-BIB-Bewaldete_Ebene_mit_Meru_im_Hintergrund-Kilimanjaroflug_1929-30-LBS_MH02-07-0528.tif	Commons:WikiProject Aviation/recent uploads/2016 June 21	Uli Elch	2017-03-16T12:36:04Z
2463	ETH-BIB-Nordseite_des_Elgon-Kilimanjaroflug_1929-30-LBS_MH02-07-0532.tif	User:DrTrigon/logs/eth-bib	DrTrigon	2016-08-05T01:39:38Z
2464	ETH-BIB-Nordseite_des_Elgon-Kilimanjaroflug_1929-30-LBS_MH02-07-0532.tif	Commons:WikiProject Aviation/recent uploads/2016 June 21	Uli Elch	2017-03-16T12:36:04Z
2465	ETH-BIB-Der_4558_m_hohe_Meru_mit_nach_Osten_gespaltenem_Krater-Kilimanjaroflug_1929-30-LBS_MH02-07-0529.tif	User:DrTrigon/logs/eth-bib	DrTrigon	2016-08-05T01:39:38Z
2466	ETH-BIB-Der_4558_m_hohe_Meru_mit_nach_Osten_gespaltenem_Krater-Kilimanjaroflug_1929-30-LBS_MH02-07-0529.tif	Commons:WikiProject Aviation/recent uploads/2016 June 21	Uli Elch	2017-03-16T12:36:04Z
2467	ETH-BIB-Landschaft_mit_vielen_Einschnitten_und_Faltungen-Kilimanjaroflug_1929-30-LBS_MH02-07-0535.tif	User:DrTrigon/logs/eth-bib	DrTrigon	2016-08-05T01:39:38Z
2468	ETH-BIB-Landschaft_mit_vielen_Einschnitten_und_Faltungen-Kilimanjaroflug_1929-30-LBS_MH02-07-0535.tif	Commons:WikiProject Aviation/recent uploads/2016 June 21	Uli Elch	2017-03-16T12:36:04Z
2469	ETH-BIB-Ebene_mit_eingeschnittenem_Fluss_aus_der_Luft-Kilimanjaroflug_1929-30-LBS_MH02-07-0534.tif	User:DrTrigon/logs/eth-bib	DrTrigon	2016-08-05T01:39:38Z
2470	ETH-BIB-Ebene_mit_eingeschnittenem_Fluss_aus_der_Luft-Kilimanjaroflug_1929-30-LBS_MH02-07-0534.tif	Commons:WikiProject Aviation/recent uploads/2016 June 21	Uli Elch	2017-03-16T12:36:04Z
2471	ETH-BIB-Nordseite_des_Elgon-Kilimanjaroflug_1929-30-LBS_MH02-07-0533.tif	User:DrTrigon/logs/eth-bib	DrTrigon	2016-08-05T01:39:38Z
2472	ETH-BIB-Nordseite_des_Elgon-Kilimanjaroflug_1929-30-LBS_MH02-07-0533.tif	Commons:WikiProject Aviation/recent uploads/2016 June 21	Uli Elch	2017-03-16T12:36:04Z
2473	ETH-BIB-Bewaldete_Hügel_mit_Meru_im_Hintergrund-Kilimanjaroflug_1929-30-LBS_MH02-07-0530.tif	User:DrTrigon/logs/ETH-Bib/01	DrTrigon	2016-07-08T19:32:12Z
2474	ETH-BIB-Bewaldete_Hügel_mit_Meru_im_Hintergrund-Kilimanjaroflug_1929-30-LBS_MH02-07-0530.tif	User:DrTrigon/logs/eth-bib	DrTrigon	2016-08-05T01:39:38Z
2475	ETH-BIB-Bewaldete_Hügel_mit_Meru_im_Hintergrund-Kilimanjaroflug_1929-30-LBS_MH02-07-0530.tif	Commons:WikiProject Aviation/recent uploads/2016 June 21	Uli Elch	2017-03-16T12:36:04Z
2476	ETH-BIB-Der_erloschene_Riesenkrater_des_Longonot_von_Norden-Kilimanjaroflug_1929-30-LBS_MH02-07-0536.tif	User:DrTrigon/logs/eth-bib	DrTrigon	2016-08-05T01:39:38Z
2477	ETH-BIB-Der_erloschene_Riesenkrater_des_Longonot_von_Norden-Kilimanjaroflug_1929-30-LBS_MH02-07-0536.tif	Commons:WikiProject Aviation/recent uploads/2016 June 21	Uli Elch	2017-03-16T12:36:04Z
2478	ETH-BIB-Landschaft_mit_Einschnitten-Spalten_und_Vulkan_im_Hintergrund-Kilimanjaroflug_1929-30-LBS_MH02-07-0531.tif	User:DrTrigon/logs/eth-bib	DrTrigon	2016-08-05T01:39:38Z
2479	ETH-BIB-Landschaft_mit_Einschnitten-Spalten_und_Vulkan_im_Hintergrund-Kilimanjaroflug_1929-30-LBS_MH02-07-0531.tif	Commons:WikiProject Aviation/recent uploads/2016 June 21	Uli Elch	2017-03-16T12:36:04Z
2480	ETH-BIB-Gebirgslandschaft-Kilimanjaroflug_1929-30-LBS_MH02-07-0538.tif	Commons:WikiProject Aviation/recent uploads/2016 June 21	Uli Elch	2017-03-16T12:36:04Z
2481	ETH-BIB-Nordseite_des_Elgon-Kilimanjaroflug_1929-30-LBS_MH02-07-0537.tif	User:DrTrigon/logs/eth-bib	DrTrigon	2016-08-05T01:39:38Z
2482	ETH-BIB-Nordseite_des_Elgon-Kilimanjaroflug_1929-30-LBS_MH02-07-0537.tif	Commons:WikiProject Aviation/recent uploads/2016 June 21	Uli Elch	2017-03-16T12:36:04Z
2483	ETH-BIB-Nordseite_des_Elgon_mit_tief_eingeschnittenen_Tälern-Kilimanjaroflug_1929-30-LBS_MH02-07-0539.tif	User:DrTrigon/logs/eth-bib	DrTrigon	2016-08-05T01:39:38Z
2484	ETH-BIB-Nordseite_des_Elgon_mit_tief_eingeschnittenen_Tälern-Kilimanjaroflug_1929-30-LBS_MH02-07-0539.tif	Commons:WikiProject Aviation/recent uploads/2016 June 21	Uli Elch	2017-03-16T12:36:04Z
2485	ETH-BIB-Elgon_mit_tief_eingeschnittenen_Tälern-Kilimanjaroflug_1929-30-LBS_MH02-07-0541.tif	Commons:WikiProject Aviation/recent uploads/2016 June 21	Uli Elch	2017-03-16T12:36:04Z
2486	ETH-BIB-Elgon_mit_tief_eingeschnittenen_Tälern-Kilimanjaroflug_1929-30-LBS_MH02-07-0540.tif	User:DrTrigon/logs/eth-bib	DrTrigon	2016-08-05T01:39:38Z
2487	ETH-BIB-Elgon_mit_tief_eingeschnittenen_Tälern-Kilimanjaroflug_1929-30-LBS_MH02-07-0540.tif	Commons:WikiProject Aviation/recent uploads/2016 June 21	Uli Elch	2017-03-16T12:36:04Z
2488	ETH-BIB-Bewaldete_Ebene_aus_der_Luft-Kilimanjaroflug_1929-30-LBS_MH02-07-0545.tif	User:DrTrigon/logs/ETH-Bib/01	DrTrigon	2016-07-08T19:32:12Z
2489	ETH-BIB-Bewaldete_Ebene_aus_der_Luft-Kilimanjaroflug_1929-30-LBS_MH02-07-0545.tif	User:DrTrigon/logs/eth-bib	DrTrigon	2016-08-05T01:39:38Z
2490	ETH-BIB-Bewaldete_Ebene_aus_der_Luft-Kilimanjaroflug_1929-30-LBS_MH02-07-0545.tif	Commons:WikiProject Aviation/recent uploads/2016 June 21	Uli Elch	2017-03-16T12:36:04Z
2491	ETH-BIB-Nordseite_des_Elgon_mit_tief_eingeschnittenen_Tälern-Kilimanjaroflug_1929-30-LBS_MH02-07-0547.tif	User:DrTrigon/logs/eth-bib	DrTrigon	2016-08-05T01:39:38Z
2492	ETH-BIB-Nordseite_des_Elgon_mit_tief_eingeschnittenen_Tälern-Kilimanjaroflug_1929-30-LBS_MH02-07-0547.tif	Commons:WikiProject Aviation/recent uploads/2016 June 21	Uli Elch	2017-03-16T12:36:04Z
2493	ETH-BIB-Bewaldete_Ebene_aus_der_Luft-Kilimanjaroflug_1929-30-LBS_MH02-07-0546.tif	User:DrTrigon/logs/ETH-Bib/01	DrTrigon	2016-07-08T19:32:12Z
2494	ETH-BIB-Bewaldete_Ebene_aus_der_Luft-Kilimanjaroflug_1929-30-LBS_MH02-07-0546.tif	User:DrTrigon/logs/eth-bib	DrTrigon	2016-08-05T01:39:38Z
2495	ETH-BIB-Bewaldete_Ebene_aus_der_Luft-Kilimanjaroflug_1929-30-LBS_MH02-07-0546.tif	Commons:WikiProject Aviation/recent uploads/2016 June 21	Uli Elch	2017-03-16T12:36:04Z
2496	ETH-BIB-Gebirge_mit_Einschnitten_und_Spälten-Kilimanjaroflug_1929-30-LBS_MH02-07-0544.tif	User:DrTrigon/logs/eth-bib	DrTrigon	2016-08-05T01:39:38Z
2497	ETH-BIB-Gebirge_mit_Einschnitten_und_Spälten-Kilimanjaroflug_1929-30-LBS_MH02-07-0544.tif	Commons:WikiProject Aviation/recent uploads/2016 June 21	Uli Elch	2017-03-16T12:36:04Z
2498	ETH-BIB-Mawenzi-Kilimanjaroflug_1929-30-LBS_MH02-07-0543.tif	User:DrTrigon/logs/eth-bib	DrTrigon	2016-08-05T01:39:38Z
2499	ETH-BIB-Mawenzi-Kilimanjaroflug_1929-30-LBS_MH02-07-0543.tif	Commons:WikiProject Aviation/recent uploads/2016 June 21	Uli Elch	2017-03-16T12:36:04Z
2500	ETH-BIB-Mount_Kenya-Kilimanjaroflug_1929-30-LBS_MH02-07-0551.tif	Commons:WikiProject Aviation/recent uploads/2016 June 21	Uli Elch	2017-03-16T12:36:04Z
2501	ETH-BIB-Bewaldete_Ebene-Kilimanjaroflug_1929-30-LBS_MH02-07-0550.tif	User:DrTrigon/logs/ETH-Bib/01	DrTrigon	2016-07-08T19:32:12Z
2502	ETH-BIB-Bewaldete_Ebene-Kilimanjaroflug_1929-30-LBS_MH02-07-0550.tif	User:DrTrigon/logs/eth-bib	DrTrigon	2016-08-05T01:39:38Z
2503	ETH-BIB-Bewaldete_Ebene-Kilimanjaroflug_1929-30-LBS_MH02-07-0550.tif	Commons:WikiProject Aviation/recent uploads/2016 June 21	Uli Elch	2017-03-16T12:36:04Z
2504	ETH-BIB-Ebene_mit_Plateaus_aus_der_Luft-Kilimanjaroflug_1929-30-LBS_MH02-07-0548.tif	User:DrTrigon/logs/eth-bib	DrTrigon	2016-08-05T01:39:38Z
2505	ETH-BIB-Ebene_mit_Plateaus_aus_der_Luft-Kilimanjaroflug_1929-30-LBS_MH02-07-0548.tif	Commons:WikiProject Aviation/recent uploads/2016 June 21	Uli Elch	2017-03-16T12:36:04Z
2506	ETH-BIB-Ostwände_des_Mount_Kenya-Kilimanjaroflug_1929-30-LBS_MH02-07-0552.tif	User:DrTrigon/logs/eth-bib	DrTrigon	2016-08-05T01:39:38Z
2507	ETH-BIB-Ostwände_des_Mount_Kenya-Kilimanjaroflug_1929-30-LBS_MH02-07-0552.tif	Commons:WikiProject Aviation/recent uploads/2016 June 21	Uli Elch	2017-03-16T12:36:04Z
2508	ETH-BIB-Mount_Kenya-Kilimanjaroflug_1929-30-LBS_MH02-07-0555.tif	User:DrTrigon/logs/eth-bib	DrTrigon	2016-08-05T01:39:38Z
2509	ETH-BIB-Mount_Kenya-Kilimanjaroflug_1929-30-LBS_MH02-07-0555.tif	Commons:WikiProject Aviation/recent uploads/2016 June 21	Uli Elch	2017-03-16T12:36:04Z
2510	ETH-BIB-Nordwestflanke_des_Mount_Meru-Kilimanjaroflug_1929-30-LBS_MH02-07-0549.tif	User:DrTrigon/logs/eth-bib	DrTrigon	2016-08-05T01:39:38Z
2511	ETH-BIB-Nordwestflanke_des_Mount_Meru-Kilimanjaroflug_1929-30-LBS_MH02-07-0549.tif	Commons:WikiProject Aviation/recent uploads/2016 June 21	Uli Elch	2017-03-16T12:36:04Z
2512	ETH-BIB-Mount_Kenya-Kilimanjaroflug_1929-30-LBS_MH02-07-0554.tif	User:DrTrigon/logs/eth-bib	DrTrigon	2016-08-05T01:39:38Z
2513	ETH-BIB-Mount_Kenya-Kilimanjaroflug_1929-30-LBS_MH02-07-0554.tif	Commons:WikiProject Aviation/recent uploads/2016 June 21	Uli Elch	2017-03-16T12:36:04Z
2514	ETH-BIB-Mount_Kenya-Kilimanjaroflug_1929-30-LBS_MH02-07-0557.tif	User:DrTrigon/logs/eth-bib	DrTrigon	2016-08-05T01:39:38Z
2515	ETH-BIB-Mount_Kenya-Kilimanjaroflug_1929-30-LBS_MH02-07-0557.tif	Commons:WikiProject Aviation/recent uploads/2016 June 21	Uli Elch	2017-03-16T12:36:04Z
2516	ETH-BIB-Mount_Kenya-Kilimanjaroflug_1929-30-LBS_MH02-07-0556.tif	User:DrTrigon/logs/eth-bib	DrTrigon	2016-08-05T01:39:38Z
2517	ETH-BIB-Mount_Kenya-Kilimanjaroflug_1929-30-LBS_MH02-07-0556.tif	Commons:WikiProject Aviation/recent uploads/2016 June 21	Uli Elch	2017-03-16T12:36:04Z
2518	ETH-BIB-Der_4558_m_hohe_Mount_Meru_mit_nach_Osten_gespaltenem_Krater-Kilimanjaroflug_1929-30-LBS_MH02-07-0553.tif	User:DrTrigon/logs/eth-bib	DrTrigon	2016-08-05T01:39:38Z
2519	ETH-BIB-Der_4558_m_hohe_Mount_Meru_mit_nach_Osten_gespaltenem_Krater-Kilimanjaroflug_1929-30-LBS_MH02-07-0553.tif	Commons:WikiProject Aviation/recent uploads/2016 June 21	Uli Elch	2017-03-16T12:36:04Z
2520	ETH-BIB-Mount_Kenya-Kilimanjaroflug_1929-30-LBS_MH02-07-0559.tif	Commons:WikiProject Aviation/recent uploads/2016 June 21	Uli Elch	2017-03-16T12:36:04Z
2521	ETH-BIB-Mount_Kenya-Kilimanjaroflug_1929-30-LBS_MH02-07-0560.tif	User:DrTrigon/logs/eth-bib	DrTrigon	2016-08-05T01:39:38Z
2522	ETH-BIB-Mount_Kenya-Kilimanjaroflug_1929-30-LBS_MH02-07-0560.tif	Commons:WikiProject Aviation/recent uploads/2016 June 21	Uli Elch	2017-03-16T12:36:04Z
2523	ETH-BIB-Kibo-Kilimanjaroflug_1929-30-LBS_MH02-07-0562.tif	Commons:WikiProject Aviation/recent uploads/2016 June 21	Uli Elch	2017-03-16T12:36:04Z
2524	ETH-BIB-Mount_Kenya-Kilimanjaroflug_1929-30-LBS_MH02-07-0561.tif	User:DrTrigon/logs/eth-bib	DrTrigon	2016-08-05T01:39:38Z
2525	ETH-BIB-Mount_Kenya-Kilimanjaroflug_1929-30-LBS_MH02-07-0561.tif	Commons:WikiProject Aviation/recent uploads/2016 June 21	Uli Elch	2017-03-16T12:36:04Z
2526	ETH-BIB-Mount_Kenya-Kilimanjaroflug_1929-30-LBS_MH02-07-0558.tif	User:DrTrigon/logs/eth-bib	DrTrigon	2016-08-05T01:39:38Z
2527	ETH-BIB-Mount_Kenya-Kilimanjaroflug_1929-30-LBS_MH02-07-0558.tif	Commons:WikiProject Aviation/recent uploads/2016 June 21	Uli Elch	2017-03-16T12:36:04Z
2528	ETH-BIB-Krater_des_Kibo-Kilimanjaroflug_1929-30-LBS_MH02-07-0567.tif	User:DrTrigon/logs/eth-bib	DrTrigon	2016-08-05T01:39:38Z
2529	ETH-BIB-Krater_des_Kibo-Kilimanjaroflug_1929-30-LBS_MH02-07-0567.tif	Commons:WikiProject Aviation/recent uploads/2016 June 21	Uli Elch	2017-03-16T12:36:04Z
2530	ETH-BIB-Krater_des_Kibo-Kilimanjaroflug_1929-30-LBS_MH02-07-0566.tif	User:DrTrigon/logs/eth-bib	DrTrigon	2016-08-05T01:39:38Z
2531	ETH-BIB-Krater_des_Kibo-Kilimanjaroflug_1929-30-LBS_MH02-07-0566.tif	Commons:WikiProject Aviation/recent uploads/2016 June 21	Uli Elch	2017-03-16T12:36:04Z
2532	ETH-BIB-Kibo-Kilimanjaroflug_1929-30-LBS_MH02-07-0563.tif	User:DrTrigon/logs/eth-bib	DrTrigon	2016-08-05T01:39:38Z
2533	ETH-BIB-Kibo-Kilimanjaroflug_1929-30-LBS_MH02-07-0563.tif	Commons:WikiProject Aviation/recent uploads/2016 June 21	Uli Elch	2017-03-16T12:36:04Z
2534	ETH-BIB-Kibo-Kilimanjaroflug_1929-30-LBS_MH02-07-0565.tif	User:DrTrigon/logs/eth-bib	DrTrigon	2016-08-05T01:39:38Z
2535	ETH-BIB-Kibo-Kilimanjaroflug_1929-30-LBS_MH02-07-0565.tif	Commons:WikiProject Aviation/recent uploads/2016 June 21	Uli Elch	2017-03-16T12:36:04Z
2536	ETH-BIB-Kibo-Kilimanjaroflug_1929-30-LBS_MH02-07-0564.tif	User:DrTrigon/logs/eth-bib	DrTrigon	2016-08-05T01:39:38Z
2537	ETH-BIB-Kibo-Kilimanjaroflug_1929-30-LBS_MH02-07-0564.tif	Commons:WikiProject Aviation/recent uploads/2016 June 21	Uli Elch	2017-03-16T12:36:04Z
2538	ETH-BIB-Krater_des_Kibo-Kilimanjaroflug_1929-30-LBS_MH02-07-0568.tif	Commons:WikiProject Aviation/recent uploads/2016 June 21	Uli Elch	2017-03-16T12:36:04Z
2539	ETH-BIB-Ebene_mit_Feldern-Kilimanjaroflug_1929-30-LBS_MH02-07-0574.tif	Commons:WikiProject Aviation/recent uploads/2016 June 21	Uli Elch	2017-03-16T12:36:04Z
2540	ETH-BIB-Krater_des_Kibo-Kilimanjaroflug_1929-30-LBS_MH02-07-0569.tif	User:DrTrigon/logs/eth-bib	DrTrigon	2016-08-05T01:39:38Z
2541	ETH-BIB-Krater_des_Kibo-Kilimanjaroflug_1929-30-LBS_MH02-07-0569.tif	Commons:WikiProject Aviation/recent uploads/2016 June 21	Uli Elch	2017-03-16T12:36:04Z
2542	ETH-BIB-Ebene_mit_Feldern_und_Bäumen_aus_der_Luft-Kilimanjaroflug_1929-30-LBS_MH02-07-0576.tif	User:DrTrigon/logs/eth-bib	DrTrigon	2016-08-05T01:39:38Z
2543	ETH-BIB-Ebene_mit_Feldern_und_Bäumen_aus_der_Luft-Kilimanjaroflug_1929-30-LBS_MH02-07-0576.tif	Commons:WikiProject Aviation/recent uploads/2016 June 21	Uli Elch	2017-03-16T12:36:04Z
2544	ETH-BIB-Fluss_in_Ebene-Kilimanjaroflug_1929-30-LBS_MH02-07-0577.tif	Commons:WikiProject Aviation/recent uploads/2016 June 21	Uli Elch	2017-03-16T12:36:04Z
2545	ETH-BIB-Ebene_mit_Fluss_in_der_Ferne-Kilimanjaroflug_1929-30-LBS_MH02-07-0578.tif	User:DrTrigon/logs/eth-bib	DrTrigon	2016-08-05T01:39:38Z
2546	ETH-BIB-Ebene_mit_Fluss_in_der_Ferne-Kilimanjaroflug_1929-30-LBS_MH02-07-0578.tif	Commons:WikiProject Aviation/recent uploads/2016 June 21	Uli Elch	2017-03-16T12:36:04Z
2547	ETH-BIB-Ebene_aus_der_Luft-Kilimanjaroflug_1929-30-LBS_MH02-07-0575.tif	User:DrTrigon/logs/eth-bib	DrTrigon	2016-08-05T01:39:38Z
2548	ETH-BIB-Ebene_aus_der_Luft-Kilimanjaroflug_1929-30-LBS_MH02-07-0575.tif	Commons:WikiProject Aviation/recent uploads/2016 June 21	Uli Elch	2017-03-16T12:36:04Z
2549	ETH-BIB-Ebene_mit_Feldern-Kilimanjaroflug_1929-30-LBS_MH02-07-0573.tif	User:DrTrigon/logs/eth-bib	DrTrigon	2016-08-05T01:39:38Z
2550	ETH-BIB-Ebene_mit_Feldern-Kilimanjaroflug_1929-30-LBS_MH02-07-0573.tif	Commons:WikiProject Aviation/recent uploads/2016 June 21	Uli Elch	2017-03-16T12:36:04Z
2551	ETH-BIB-Hügel_und_Täler_aus_der_Luft-Kilimanjaroflug_1929-30-LBS_MH02-07-0582.tif	User:DrTrigon/logs/eth-bib	DrTrigon	2016-08-05T01:39:38Z
2552	ETH-BIB-Hügel_und_Täler_aus_der_Luft-Kilimanjaroflug_1929-30-LBS_MH02-07-0582.tif	Commons:WikiProject Aviation/recent uploads/2016 June 21	Uli Elch	2017-03-16T12:36:04Z
2553	ETH-BIB-Uganda,_Lake_Bisina,_Richtung_Süden-Kilimanjaroflug_1929-30-LBS_MH02-07-0579.tif	Commons:WikiProject Aviation/recent uploads/2016 June 21	Uli Elch	2017-03-16T12:36:04Z
2554	ETH-BIB-Siedlung_aus_der_Luft-Kilimanjaroflug_1929-30-LBS_MH02-07-0580.tif	User:DrTrigon/logs/eth-bib	DrTrigon	2016-08-05T01:39:38Z
2555	ETH-BIB-Siedlung_aus_der_Luft-Kilimanjaroflug_1929-30-LBS_MH02-07-0580.tif	Commons:WikiProject Aviation/recent uploads/2016 June 21	Uli Elch	2017-03-16T12:36:04Z
2556	ETH-BIB-Gebirge_aus_der_Luft-Kilimanjaroflug_1929-30-LBS_MH02-07-0581.tif	User:DrTrigon/logs/eth-bib	DrTrigon	2016-08-05T01:39:38Z
2557	ETH-BIB-Gebirge_aus_der_Luft-Kilimanjaroflug_1929-30-LBS_MH02-07-0581.tif	Commons:WikiProject Aviation/recent uploads/2016 June 21	Uli Elch	2017-03-16T12:36:04Z
2558	ETH-BIB-Fluss_in_Ebene-Kilimanjaroflug_1929-30-LBS_MH02-07-0586.tif	User:DrTrigon/logs/eth-bib	DrTrigon	2016-08-05T01:39:38Z
2559	ETH-BIB-Fluss_in_Ebene-Kilimanjaroflug_1929-30-LBS_MH02-07-0586.tif	Commons:WikiProject Aviation/recent uploads/2016 June 21	Uli Elch	2017-03-16T12:36:04Z
2560	ETH-BIB-Ebene_mit_Plateaus_aus_der_Luft-Kilimanjaroflug_1929-30-LBS_MH02-07-0583.tif	User:DrTrigon/logs/eth-bib	DrTrigon	2016-08-05T01:39:38Z
2561	ETH-BIB-Ebene_mit_Plateaus_aus_der_Luft-Kilimanjaroflug_1929-30-LBS_MH02-07-0583.tif	Commons:WikiProject Aviation/recent uploads/2016 June 21	Uli Elch	2017-03-16T12:36:04Z
2562	ETH-BIB-Fluss_in_Ebene-Kilimanjaroflug_1929-30-LBS_MH02-07-0585.tif	User:DrTrigon/logs/eth-bib	DrTrigon	2016-08-05T01:39:38Z
2563	ETH-BIB-Fluss_in_Ebene-Kilimanjaroflug_1929-30-LBS_MH02-07-0585.tif	Commons:WikiProject Aviation/recent uploads/2016 June 21	Uli Elch	2017-03-16T12:36:04Z
2564	ETH-BIB-Krater_aus_der_Luft-Kilimanjaroflug_1929-30-LBS_MH02-07-0588.tif	User:DrTrigon/logs/eth-bib	DrTrigon	2016-08-05T01:39:38Z
2565	ETH-BIB-Krater_aus_der_Luft-Kilimanjaroflug_1929-30-LBS_MH02-07-0588.tif	Commons:WikiProject Aviation/recent uploads/2016 June 21	Uli Elch	2017-03-16T12:36:04Z
2566	ETH-BIB-Apuanischen_Alpen,_Pietrasanta,_Blick_nach_Nordosten-Kilimanjaroflug_1929-30-LBS_MH02-07-0523.tif	User:DrTrigon/logs/eth-bib	DrTrigon	2016-08-05T01:39:38Z
2567	ETH-BIB-Apuanischen_Alpen,_Pietrasanta,_Blick_nach_Nordosten-Kilimanjaroflug_1929-30-LBS_MH02-07-0523.tif	Commons:WikiProject Aviation/recent uploads/2016 June 21	Uli Elch	2017-03-16T12:36:04Z
2568	ETH-BIB-Piz_Bernina,_Piz_Morteratsch-Kilimanjaroflug_1929-30-LBS_MH02-07-0135.tif	User:DrTrigon/logs/eth-bib	DrTrigon	2016-08-05T01:39:38Z
2569	ETH-BIB-Piz_Bernina,_Piz_Morteratsch-Kilimanjaroflug_1929-30-LBS_MH02-07-0135.tif	Commons:WikiProject Aviation/recent uploads/2016 June 21	Uli Elch	2017-03-16T12:36:04Z
2570	ETH-BIB-Piz_Morteratsch_&_Piz_Tschierva-Kilimanjaroflug_1929-30-LBS_MH02-07-0136.tif	User:DrTrigon/logs/eth-bib	DrTrigon	2016-08-05T01:39:38Z
2571	ETH-BIB-Piz_Morteratsch_&_Piz_Tschierva-Kilimanjaroflug_1929-30-LBS_MH02-07-0136.tif	Commons:WikiProject Aviation/recent uploads/2016 June 21	Uli Elch	2017-03-16T12:36:04Z
2572	ETH-BIB-Camp_Serengeti_aus_der_Luft-Kilimanjaroflug_1929-30-LBS_MH02-07-0311.tif	User:DrTrigon/logs/eth-bib	DrTrigon	2016-08-05T01:39:38Z
2573	ETH-BIB-Camp_Serengeti_aus_der_Luft-Kilimanjaroflug_1929-30-LBS_MH02-07-0311.tif	Commons:WikiProject Aviation/recent uploads/2016 June 21	Uli Elch	2017-03-16T12:36:04Z
2574	ETH-BIB-Camp_Serengeti_aus_der_Ferne-Kilimanjaroflug_1929-30-LBS_MH02-07-0495.tif	User:DrTrigon/logs/eth-bib	DrTrigon	2016-08-05T01:39:38Z
2575	ETH-BIB-Camp_Serengeti_aus_der_Ferne-Kilimanjaroflug_1929-30-LBS_MH02-07-0495.tif	Commons:WikiProject Aviation/recent uploads/2016 June 21	Uli Elch	2017-03-16T12:36:04Z
2576	ETH-BIB-Camp_Serengeti_von_Hügel_aus_fotografiert-Kilimanjaroflug_1929-30-LBS_MH02-07-0496.tif	User:DrTrigon/logs/eth-bib	DrTrigon	2016-08-05T01:39:38Z
2577	ETH-BIB-Camp_Serengeti_von_Hügel_aus_fotografiert-Kilimanjaroflug_1929-30-LBS_MH02-07-0496.tif	Commons:WikiProject Aviation/recent uploads/2016 June 21	Uli Elch	2017-03-16T12:36:04Z
2578	ETH-BIB-Camp_Serengeti_von_Hügel_aus_fotografiert-Kilimanjaroflug_1929-30-LBS_MH02-07-0509.tif	User:DrTrigon/logs/ETH-Bib/01	DrTrigon	2016-07-08T19:32:12Z
2579	ETH-BIB-Camp_Serengeti_von_Hügel_aus_fotografiert-Kilimanjaroflug_1929-30-LBS_MH02-07-0509.tif	User:DrTrigon/logs/eth-bib	DrTrigon	2016-08-05T01:39:38Z
2580	ETH-BIB-Camp_Serengeti_von_Hügel_aus_fotografiert-Kilimanjaroflug_1929-30-LBS_MH02-07-0509.tif	Commons:WikiProject Aviation/recent uploads/2016 June 21	Uli Elch	2017-03-16T12:36:04Z
2581	ETH-BIB-Vesuv_mit_Monte_Somma_aus_1600_m-Kilimanjaroflug_1929-30-LBS_MH02-07-0409.tif	User:DrTrigon/logs/eth-bib	DrTrigon	2016-08-05T01:39:38Z
2582	ETH-BIB-Vesuv_mit_Monte_Somma_aus_1600_m-Kilimanjaroflug_1929-30-LBS_MH02-07-0409.tif	Commons:WikiProject Aviation/recent uploads/2016 June 21	Uli Elch	2017-03-16T12:36:04Z
2583	ETH-BIB-Vesuv_mit_Monte_Somma_aus_1600_m-Kilimanjaroflug_1929-30-LBS_MH02-07-0410.tif	User:DrTrigon/logs/eth-bib	DrTrigon	2016-08-05T01:39:38Z
2584	ETH-BIB-Vesuv_mit_Monte_Somma_aus_1600_m-Kilimanjaroflug_1929-30-LBS_MH02-07-0410.tif	Commons:WikiProject Aviation/recent uploads/2016 June 21	Uli Elch	2017-03-16T12:36:04Z
2585	ETH-BIB-Vesuv-Kilimanjaroflug_1929-30-LBS_MH02-07-0594.tif	User:DrTrigon/logs/eth-bib	DrTrigon	2016-08-05T01:39:38Z
2586	ETH-BIB-Vesuv-Kilimanjaroflug_1929-30-LBS_MH02-07-0594.tif	Commons:WikiProject Aviation/recent uploads/2016 June 21	Uli Elch	2017-03-16T12:36:04Z
2587	ETH-BIB-Vesuv-Kilimanjaroflug_1929-30-LBS_MH02-07-0593.tif	User:DrTrigon/logs/eth-bib	DrTrigon	2016-08-05T01:39:38Z
2588	ETH-BIB-Vesuv-Kilimanjaroflug_1929-30-LBS_MH02-07-0593.tif	Commons:WikiProject Aviation/recent uploads/2016 June 21	Uli Elch	2017-03-16T12:36:04Z
2589	ETH-BIB-Ein_französisches_Militärflugzeug_begleitet_uns_im_Flug_von_Colomb-Béchar_ein_Stück_in_die_Wüste-Tschadseeflug_1930-31-LBS_MH02-08-0417.tif	Category:Media contributed by the ETH-Bibliothek/Reports/wikimedia usage	Faebot	2017-04-24T05:09:06Z
2590	ETH-BIB-Faltengebirge_von_Fars_aus_3500_m_Höhe-Persienflug_1924-1925-LBS_MH02-02-0182-AL-FL.tif	User:DrTrigon/logs/eth-bib	DrTrigon	2016-08-05T01:39:38Z
2591	ETH-BIB-Aussenquartiere_von_Kaschan_aus_400_m_Höhe-Persienflug_1924-1925-LBS_MH02-02-0133-AL-FL.tif	User:DrTrigon/logs/eth-bib	DrTrigon	2016-08-05T01:39:38Z
2592	ETH-BIB-Aussenquartiere_von_Kaschan-Persienflug_1924-1925-LBS_MH02-02-0141-AL-FL.tif	User:DrTrigon/logs/ETH-Bib/01	DrTrigon	2016-07-08T19:32:12Z
2593	ETH-BIB-Aussenquartiere_von_Kaschan-Persienflug_1924-1925-LBS_MH02-02-0141-AL-FL.tif	User:DrTrigon/logs/eth-bib	DrTrigon	2016-08-05T01:39:38Z
2594	ETH-BIB-Aussenquartiere_von_Kaschan-Persienflug_1924-1925-LBS_MH02-02-0138-AL-FL.tif	User:DrTrigon/logs/ETH-Bib/01	DrTrigon	2016-07-08T19:32:12Z
2595	ETH-BIB-Aussenquartiere_von_Kaschan-Persienflug_1924-1925-LBS_MH02-02-0138-AL-FL.tif	User:DrTrigon/logs/eth-bib	DrTrigon	2016-08-05T01:39:38Z
2596	ETH-BIB-Aussenquartiere_von_Kaschan-Persienflug_1924-1925-LBS_MH02-02-0137-AL-FL.tif	User:DrTrigon/logs/ETH-Bib/01	DrTrigon	2016-07-08T19:32:12Z
2597	ETH-BIB-Aussenquartiere_von_Kaschan-Persienflug_1924-1925-LBS_MH02-02-0137-AL-FL.tif	User:DrTrigon/logs/eth-bib	DrTrigon	2016-08-05T01:39:38Z
2598	ETH-BIB-Aussenquartiere_von_Kaschan-Persienflug_1924-1925-LBS_MH02-02-0139-AL-FL.tif	User:DrTrigon/logs/ETH-Bib/01	DrTrigon	2016-07-08T19:32:12Z
2599	ETH-BIB-Aussenquartiere_von_Kaschan-Persienflug_1924-1925-LBS_MH02-02-0139-AL-FL.tif	User:DrTrigon/logs/eth-bib	DrTrigon	2016-08-05T01:39:38Z
2600	ETH-BIB-Aussenquartiere_von_Kaschan-Persienflug_1924-1925-LBS_MH02-02-0142-AL-FL.tif	User:DrTrigon/logs/ETH-Bib/01	DrTrigon	2016-07-08T19:32:12Z
2601	ETH-BIB-Aussenquartiere_von_Kaschan-Persienflug_1924-1925-LBS_MH02-02-0142-AL-FL.tif	User:DrTrigon/logs/eth-bib	DrTrigon	2016-08-05T01:39:38Z
2602	ETH-BIB-Levkas_(Jonisches_Meer)_aus_1200_m_Höhe-Persienflug_1924-1925-LBS_MH02-02-0004-AL-FL.tif	User:DrTrigon/logs/eth-bib	DrTrigon	2016-08-05T01:39:38Z
2603	ETH-BIB-Luftbild_einer_Moschee_in_Isfahan-Persienflug_1924-1925-LBS_MH02-02-0248-AL-FL.tif	User:DrTrigon/logs/eth-bib	DrTrigon	2016-08-05T01:39:38Z
2604	ETH-BIB-Kilikischer_Taurus_von_Norden_aus_3500_m_Höhe-Persienflug_1924-1925-LBS_MH02-02-0011-AL-FL.tif	User:DrTrigon/logs/eth-bib	DrTrigon	2016-08-05T01:39:38Z
2605	ETH-BIB-Randgebirge_von_Luristan_von_Süden_aus_4000_m_Höhe-Persienflug_1924-1925-LBS_MH02-02-0012-AL-FL.tif	User:DrTrigon/logs/eth-bib	DrTrigon	2016-08-05T01:39:38Z
2606	ETH-BIB-Anatolische_Hochebene-Persienflug_1924-1925-LBS_MH02-02-0014-AL-FL.tif	User:DrTrigon/logs/ETH-Bib/01	DrTrigon	2016-07-08T19:32:12Z
2607	ETH-BIB-Anatolische_Hochebene-Persienflug_1924-1925-LBS_MH02-02-0014-AL-FL.tif	User:DrTrigon/logs/eth-bib	DrTrigon	2016-08-05T01:39:38Z
2608	ETH-BIB-Kilikischer_Taurus_von_Norden_aus_3500_m_Höhe-Persienflug_1924-1925-LBS_MH02-02-0013-AL-FL.tif	User:DrTrigon/logs/eth-bib	DrTrigon	2016-08-05T01:39:38Z
2609	ETH-BIB-Englischer_Militärflugplatz_in_Bagdad_aus_600_m_Höhe-Persienflug_1924-1925-LBS_MH02-02-0028-AL-FL.tif	User:DrTrigon/logs/eth-bib	DrTrigon	2016-08-05T01:39:38Z
2610	ETH-BIB-Syrische_Wüste_mit_Euphrat_aus_1200_m_Höhe-Persienflug_1924-1925-LBS_MH02-02-0027-AL-FL.tif	User:DrTrigon/logs/eth-bib	DrTrigon	2016-08-05T01:39:38Z
2611	ETH-BIB-Bagdad_(Tigrisbrücken)_aus_500_m_Höhe-Persienflug_1924-1925-LBS_MH02-02-0030-AL-FL.tif	User:DrTrigon/logs/eth-bib	DrTrigon	2016-08-05T01:39:38Z
2612	ETH-BIB-Bagdad_von_Nord-Osten_aus_1000_m_Höhe-Persienflug_1924-1925-LBS_MH02-02-0029-AL-FL.tif	User:DrTrigon/logs/eth-bib	DrTrigon	2016-08-05T01:39:38Z
2613	ETH-BIB-Bagdad_mit_Tigrisserpentinen_von_Süden-Persienflug_1924-1925-LBS_MH02-02-0031-AL-FL.tif	User:DrTrigon/logs/eth-bib	DrTrigon	2016-08-05T01:39:38Z
2614	ETH-BIB-Bagdad-Persienflug_1924-1925-LBS_MH02-02-0034-AL-FL.tif	User:DrTrigon/logs/ETH-Bib/01	DrTrigon	2016-07-08T19:32:12Z
2615	ETH-BIB-Bagdad-Persienflug_1924-1925-LBS_MH02-02-0034-AL-FL.tif	User:DrTrigon/logs/eth-bib	DrTrigon	2016-08-05T01:39:38Z
2616	ETH-BIB-Landschaft_bei_Lorestan-Persienflug_1924-1925-LBS_MH02-02-0050-AL-FL.tif	User:DrTrigon/logs/eth-bib	DrTrigon	2016-08-05T01:39:38Z
2617	ETH-BIB-Flusstal_in_Loristan_aus_3000_m_Höhe-Persienflug_1924-1925-LBS_MH02-02-0051-AL-FL.tif	User:DrTrigon/logs/eth-bib	DrTrigon	2016-08-05T01:39:38Z
2618	ETH-BIB-Randgebirge_bei_Buschehr_aus_2500_m_Höhe-Persienflug_1924-1925-LBS_MH02-02-0052-AL-FL.tif	User:DrTrigon/logs/eth-bib	DrTrigon	2016-08-05T01:39:38Z
2619	ETH-BIB-Faltengebirge_in_Loristan_aus_3000_m_Höhe-Persienflug_1924-1925-LBS_MH02-02-0055-AL-FL.tif	User:DrTrigon/logs/eth-bib	DrTrigon	2016-08-05T01:39:38Z
2620	ETH-BIB-Südliche_Längstäler_in_Loristan-Persienflug_1924-1925-LBS_MH02-02-0056-AL-FL.tif	User:DrTrigon/logs/eth-bib	DrTrigon	2016-08-05T01:39:38Z
2621	ETH-BIB-Randgebirge_in_Loristan-Persienflug_1924-1925-LBS_MH02-02-0054-AL-FL.tif	User:DrTrigon/logs/eth-bib	DrTrigon	2016-08-05T01:39:38Z
2622	ETH-BIB-Randgebirge_in_Loristan_aus_3000_m_Höhe-Persienflug_1924-1925-LBS_MH02-02-0053-AL-FL.tif	User:DrTrigon/logs/eth-bib	DrTrigon	2016-08-05T01:39:38Z
2623	ETH-BIB-Südliche_Längstäler_in_Loristan-Persienflug_1924-1925-LBS_MH02-02-0059-AL-FL.tif	User:DrTrigon/logs/eth-bib	DrTrigon	2016-08-05T01:39:38Z
2624	ETH-BIB-Dorf_in_Loristan_aus_3000_m_Höhe-Persienflug_1924-1925-LBS_MH02-02-0061-AL-FL.tif	User:DrTrigon/logs/eth-bib	DrTrigon	2016-08-05T01:39:38Z
2625	ETH-BIB-Südliche_Längstäler_in_Loristan-Persienflug_1924-1925-LBS_MH02-02-0057-AL-FL.tif	User:DrTrigon/logs/eth-bib	DrTrigon	2016-08-05T01:39:38Z
2626	ETH-BIB-Puscht-i-Kuh_Gebirge,_Loristan_aus_3000_m_Höhe-Persienflug_1924-1925-LBS_MH02-02-0060-AL-FL.tif	User:DrTrigon/logs/eth-bib	DrTrigon	2016-08-05T01:39:38Z
2627	ETH-BIB-Südliche_Längstäler_in_Loristan-Persienflug_1924-1925-LBS_MH02-02-0058-AL-FL.tif	User:DrTrigon/logs/eth-bib	DrTrigon	2016-08-05T01:39:38Z
2628	ETH-BIB-Gebirge_vor_Chorrenabad_aus_4000_m_Höhe-Persienflug_1924-1925-LBS_MH02-02-0063-AL-FL.tif	User:DrTrigon/logs/eth-bib	DrTrigon	2016-08-05T01:39:38Z
2629	ETH-BIB-Gebirge_vor_Chorrenabad-Persienflug_1924-1925-LBS_MH02-02-0064-AL-FL.tif	User:DrTrigon/logs/eth-bib	DrTrigon	2016-08-05T01:39:38Z
2630	ETH-BIB-Gegend_von_Kermanschah_aus_3000_m_Höhe-Persienflug_1924-1925-LBS_MH02-02-0062-AL-FL.tif	User:DrTrigon/logs/eth-bib	DrTrigon	2016-08-05T01:39:38Z
2631	ETH-BIB-Randgebirge_in_Loristan_aus_3000_m_Höhe-Persienflug_1924-1925-LBS_MH02-02-0065-AL-FL.tif	User:DrTrigon/logs/eth-bib	DrTrigon	2016-08-05T01:39:38Z
2632	ETH-BIB-Kleiner_Flecken,_Umgebung_von_Teheran_aus_100_m_Höhe-Persienflug_1924-1925-LBS_MH02-02-0066-AL-FL.tif	User:DrTrigon/logs/eth-bib	DrTrigon	2016-08-05T01:39:38Z
2633	ETH-BIB-Dorf_in_der_Oase_Viramin-Persienflug_1924-1925-LBS_MH02-02-0068-AL-FL.tif	User:DrTrigon/logs/eth-bib	DrTrigon	2016-08-05T01:39:38Z
2634	ETH-BIB-Dorf_in_der_Oase_Viramin_aus_150_m_Höhe-Persienflug_1924-1925-LBS_MH02-02-0067-AL-FL.tif	User:DrTrigon/logs/eth-bib	DrTrigon	2016-08-05T01:39:38Z
2635	ETH-BIB-Dorf_in_der_Oase_Viramin_aus_200_m_Höhe-Persienflug_1924-1925-LBS_MH02-02-0069-AL-FL.tif	User:DrTrigon/logs/eth-bib	DrTrigon	2016-08-05T01:39:38Z
2636	ETH-BIB-Schah-Abdul-Azim_-Schrein-_aus_200_m_Höhe-Persienflug_1924-1925-LBS_MH02-02-0075-AL-FL.tif	User:DrTrigon/logs/eth-bib	DrTrigon	2016-08-05T01:39:38Z
2637	ETH-BIB-Schah-Abdul-Azim_-Schrein-_mit_Elbursgebirge_von_Süden_aus_500_m_Höhe-Persienflug_1924-1925-LBS_MH02-02-0074-AL-FL.tif	User:DrTrigon/logs/eth-bib	DrTrigon	2016-08-05T01:39:38Z
2638	ETH-BIB-Schah-Abdul-Azim_-Schrein-_aus_100_m_Höhe-Persienflug_1924-1925-LBS_MH02-02-0076-AL-FL.tif	User:DrTrigon/logs/eth-bib	DrTrigon	2016-08-05T01:39:38Z
2639	ETH-BIB-Feuerberge_(Nahaufnahme)-Persienflug_1924-1925-LBS_MH02-02-0080-AL-FL.tif	User:DrTrigon/logs/eth-bib	DrTrigon	2016-08-05T01:39:38Z
2640	ETH-BIB-Steinwüste_südlich_von_Teheran_mit_bewässerten_Kornfeldern-Persienflug_1924-1925-LBS_MH02-02-0079-AL-FL.tif	User:DrTrigon/logs/eth-bib	DrTrigon	2016-08-05T01:39:38Z
2641	ETH-BIB-Feuerberge-Persienflug_1924-1925-LBS_MH02-02-0081-AL-FL.tif	User:DrTrigon/logs/eth-bib	DrTrigon	2016-08-05T01:39:38Z
2642	ETH-BIB-Feuerberge_vor_Teheran_aus_500_m_Höhe-Persienflug_1924-1925-LBS_MH02-02-0077-AL-FL.tif	User:DrTrigon/logs/eth-bib	DrTrigon	2016-08-05T01:39:38Z
2643	ETH-BIB-Teheran_aus_400_m_Höhe-Persienflug_1924-1925-LBS_MH02-02-0085-AL-FL.tif	User:DrTrigon/logs/eth-bib	DrTrigon	2016-08-05T01:39:38Z
2644	ETH-BIB-Feuerberge_vor_Teheran_aus_500_m_Höhe-Persienflug_1924-1925-LBS_MH02-02-0078-AL-FL.tif	User:DrTrigon/logs/eth-bib	DrTrigon	2016-08-05T01:39:38Z
2645	ETH-BIB-Elbursgebirge_aus_4500_m_Höhe-Persienflug_1924-1925-LBS_MH02-02-0082-AL-FL.tif	User:DrTrigon/logs/eth-bib	DrTrigon	2016-08-05T01:39:38Z
2646	ETH-BIB-Künstliche_Eisanlagen_von_Teheran_aus_300_m_Höhe-Persienflug_1924-1925-LBS_MH02-02-0086-AL-FL.tif	User:DrTrigon/logs/eth-bib	DrTrigon	2016-08-05T01:39:38Z
2647	ETH-BIB-Elburs_mit_Demawand-Persienflug_1924-1925-LBS_MH02-02-0084-AL-FL.tif	User:DrTrigon/logs/eth-bib	DrTrigon	2016-08-05T01:39:38Z
2648	ETH-BIB-Elburs_mit_Demawand_von_Süden_aus_4500_m_Höhe-Persienflug_1924-1925-LBS_MH02-02-0083-AL-FL.tif	User:DrTrigon/logs/eth-bib	DrTrigon	2016-08-05T01:39:38Z
2649	ETH-BIB-Teheran_(Garten_des_Schah)_aus_200_m_Höhe-Persienflug_1924-1925-LBS_MH02-02-0087-AL-FL.tif	User:DrTrigon/logs/eth-bib	DrTrigon	2016-08-05T01:39:38Z
2650	ETH-BIB-Friedhof_von_Teheran-Persienflug_1924-1925-LBS_MH02-02-0098-AL-FL.tif	User:DrTrigon/logs/eth-bib	DrTrigon	2016-08-05T01:39:38Z
2651	ETH-BIB-Kaschan_aus_1000_m_Höhe-Persienflug_1924-1925-LBS_MH02-02-0110-AL-FL.tif	User:DrTrigon/logs/eth-bib	DrTrigon	2016-08-05T01:39:38Z
2652	ETH-BIB-Hochebene_von_Teheran_mit_Elburs-Persienflug_1924-1925-LBS_MH02-02-0107-AL-FL.tif	User:DrTrigon/logs/eth-bib	DrTrigon	2016-08-05T01:39:38Z
2653	ETH-BIB-Kaschan_aus_1000_m_Höhe-Persienflug_1924-1925-LBS_MH02-02-0109-AL-FL.tif	User:DrTrigon/logs/eth-bib	DrTrigon	2016-08-05T01:39:38Z
2654	ETH-BIB-Karawanenstrasse_von_Teheran_nach_Qazvin_aus_1000_m_Höhe-Persienflug_1924-1925-LBS_MH02-02-0108-AL-FL.tif	User:DrTrigon/logs/eth-bib	DrTrigon	2016-08-05T01:39:38Z
2655	ETH-BIB-Kaschan_aus_1000_m_Höhe-Persienflug_1924-1925-LBS_MH02-02-0111-AL-FL.tif	User:DrTrigon/logs/eth-bib	DrTrigon	2016-08-05T01:39:38Z
2656	ETH-BIB-Moschee_von_Qazvin_aus_300_m_Höhe-Persienflug_1924-1925-LBS_MH02-02-0113-AL-FL.tif	User:DrTrigon/logs/eth-bib	DrTrigon	2016-08-05T01:39:38Z
2657	ETH-BIB-Abfall_der_Qasviner_Hochebene_beim_Manjil-Pass_zum_Kaspischen_Meer_aus_4000_m_Höhe-Persienflug_1924-1925-LBS_MH02-02-0116-AL-FL.tif	User:DrTrigon/logs/eth-bib	DrTrigon	2016-08-05T01:39:38Z
2658	ETH-BIB-Kaschan_aus_500_m_Höhe-Persienflug_1924-1925-LBS_MH02-02-0112-AL-FL.tif	User:DrTrigon/logs/eth-bib	DrTrigon	2016-08-05T01:39:38Z
2659	ETH-BIB-Teheraner_Tor_von_Kaschan-Persienflug_1924-1925-LBS_MH02-02-0114-AL-FL.tif	User:DrTrigon/logs/eth-bib	DrTrigon	2016-08-05T01:39:38Z
2660	ETH-BIB-Manjil-Plateau_aus_3000_m_Höhe-Persienflug_1924-1925-LBS_MH02-02-0115-AL-FL.tif	User:DrTrigon/logs/eth-bib	DrTrigon	2016-08-05T01:39:38Z
2661	ETH-BIB-Unterer_Teil_des_Sefid_Rud-Tals_aus_3000_m_Höhe-Persienflug_1924-1925-LBS_MH02-02-0120-AL-FL.tif	User:DrTrigon/logs/eth-bib	DrTrigon	2016-08-05T01:39:38Z
2662	ETH-BIB-Hochgebirge_östlich_vom_Manjil-Pass_aus_3600_m_Höhe-Persienflug_1924-1925-LBS_MH02-02-0117-AL-FL.tif	User:DrTrigon/logs/eth-bib	DrTrigon	2016-08-05T01:39:38Z
2663	ETH-BIB-Waldgegend_östlich_vom_Manjil-Pass_oberhalb_Rasht_am_kaspischen_Meer_aus_3000_m_Höhe-Persienflug_1924-1925-LBS_MH02-02-0119-AL-FL.tif	User:DrTrigon/logs/eth-bib	DrTrigon	2016-08-05T01:39:38Z
2664	ETH-BIB-Tal_des_Sefid_Rud-Persienflug_1924-1925-LBS_MH02-02-0118-AL-FL.tif	User:DrTrigon/logs/eth-bib	DrTrigon	2016-08-05T01:39:38Z
2665	ETH-BIB-Enzeli_-Bandar_Anzali-_(Strohhütten)_aus_300_m_Höhe-Persienflug_1924-1925-LBS_MH02-02-0123-AL-FL.tif	User:DrTrigon/logs/eth-bib	DrTrigon	2016-08-05T01:39:38Z
2666	ETH-BIB-Rasht_aus_800_m_Höhe-Persienflug_1924-1925-LBS_MH02-02-0121-AL-FL.tif	User:DrTrigon/logs/eth-bib	DrTrigon	2016-08-05T01:39:38Z
2667	ETH-BIB-Einzelne_Siedlungen_bei_Enzeli_-Bandar_Anzali-_aus_300_m_Höhe-Persienflug_1924-1925-LBS_MH02-02-0124-AL-FL.tif	User:DrTrigon/logs/eth-bib	DrTrigon	2016-08-05T01:39:38Z
2668	ETH-BIB-Rasht_aus_800_m_Höhe-Persienflug_1924-1925-LBS_MH02-02-0122-AL-FL.tif	User:DrTrigon/logs/eth-bib	DrTrigon	2016-08-05T01:39:38Z
2669	ETH-BIB-Gebiet_vom_Manjilpass_aus_3000_m_Höhe-Persienflug_1924-1925-LBS_MH02-02-0128-AL-FL.tif	User:DrTrigon/logs/eth-bib	DrTrigon	2016-08-05T01:39:38Z
2670	ETH-BIB-Aussenquartiere_von_Isfahan_aus_300_m_Höhe-Persienflug_1924-1925-LBS_MH02-02-0131-AL-FL.tif	User:DrTrigon/logs/eth-bib	DrTrigon	2016-08-05T01:39:38Z
2671	ETH-BIB-Südabhänge_des_Elburs_aus_3200_m_Höhe-Persienflug_1924-1925-LBS_MH02-02-0129-AL-FL.tif	User:DrTrigon/logs/eth-bib	DrTrigon	2016-08-05T01:39:38Z
2672	ETH-BIB-Südabhänge_des_Elburs_aus_3200_m_Höhe-Persienflug_1924-1925-LBS_MH02-02-0130-AL-FL.tif	User:DrTrigon/logs/eth-bib	DrTrigon	2016-08-05T01:39:38Z
2673	ETH-BIB-Dorf_östlich_von_Kaschan-Persienflug_1924-1925-LBS_MH02-02-0136-AL-FL.tif	User:DrTrigon/logs/eth-bib	DrTrigon	2016-08-05T01:39:38Z
2674	ETH-BIB-Dorf_östlich_von_Kaschan_aus_500_m_Höhe-Persienflug_1924-1925-LBS_MH02-02-0135-AL-FL.tif	User:DrTrigon/logs/eth-bib	DrTrigon	2016-08-05T01:39:38Z
2675	ETH-BIB-Kaschan_aus_500_m_Höhe-Persienflug_1924-1925-LBS_MH02-02-0134-AL-FL.tif	User:DrTrigon/logs/eth-bib	DrTrigon	2016-08-05T01:39:38Z
2676	ETH-BIB-Isfahan_mit_Berghintergrund_aus_400_m_Höhe-Persienflug_1924-1925-LBS_MH02-02-0132-AL-FL.tif	User:DrTrigon/logs/eth-bib	DrTrigon	2016-08-05T01:39:38Z
2677	ETH-BIB-Kaschan-Persienflug_1924-1925-LBS_MH02-02-0140-AL-FL.tif	User:DrTrigon/logs/eth-bib	DrTrigon	2016-08-05T01:39:38Z
2678	ETH-BIB-Die_Route_Kaschan-Isfahan_aus_600_m_Höhe-Persienflug_1924-1925-LBS_MH02-02-0144-AL-FL.tif	User:DrTrigon/logs/eth-bib	DrTrigon	2016-08-05T01:39:38Z
2679	ETH-BIB-Kaschan_mit_Berghintergrund_aus_400_m_Höhe-Persienflug_1924-1925-LBS_MH02-02-0143-AL-FL.tif	User:DrTrigon/logs/eth-bib	DrTrigon	2016-08-05T01:39:38Z
2680	ETH-BIB-Isfahan_(grosse_Moschee)_aus_300_m_Höhe-Persienflug_1924-1925-LBS_MH02-02-0148-AL-FL.tif	User:DrTrigon/logs/eth-bib	DrTrigon	2016-08-05T01:39:38Z
2681	ETH-BIB-Isfahan_mit_Meidan-e_Schah_Platz-Persienflug_1924-1925-LBS_MH02-02-0150-AL-FL.tif	User:DrTrigon/logs/eth-bib	DrTrigon	2016-08-05T01:39:38Z
2682	ETH-BIB-Isfahan_mit_Berghintergrund_aus_300_m_Höhe-Persienflug_1924-1925-LBS_MH02-02-0149-AL-FL.tif	User:DrTrigon/logs/eth-bib	DrTrigon	2016-08-05T01:39:38Z
2683	ETH-BIB-Rundblick_von_der_Schahburg,_Isfahan-Persienflug_1924-1925-LBS_MH02-02-0158-AL-FL.tif	User:DrTrigon/logs/eth-bib	DrTrigon	2016-08-05T01:39:38Z
2684	ETH-BIB-Rundblick_von_der_Schahburg,_Isfahan-Persienflug_1924-1925-LBS_MH02-02-0159-AL-FL.tif	User:DrTrigon/logs/eth-bib	DrTrigon	2016-08-05T01:39:38Z
2685	ETH-BIB-Grosse_Moschee_von_Isfahan-Persienflug_1924-1925-LBS_MH02-02-0160-AL-FL.tif	User:DrTrigon/logs/eth-bib	DrTrigon	2016-08-05T01:39:38Z
2686	ETH-BIB-Aussendörfer_von_Isfahan_aus_800_m_Höhe-Persienflug_1924-1925-LBS_MH02-02-0162-AL-FL.tif	User:DrTrigon/logs/eth-bib	DrTrigon	2016-08-05T01:39:38Z
2687	ETH-BIB-Faltengebirge_mit_Salzpfannen_südlich_von_Isfahan_aus_3000_m_Höhe-Persienflug_1924-1925-LBS_MH02-02-0168-AL-FL.tif	User:DrTrigon/logs/eth-bib	DrTrigon	2016-08-05T01:39:38Z
2688	ETH-BIB-Dorf_südlich_von_Isfahan_aus_1000_m_Höhe-Persienflug_1924-1925-LBS_MH02-02-0163-AL-FL.tif	User:DrTrigon/logs/eth-bib	DrTrigon	2016-08-05T01:39:38Z
2689	ETH-BIB-Salz-_und_Steinwüste_südlich_von_Isfahan_aus_3000_m_Höhe-Persienflug_1924-1925-LBS_MH02-02-0164-AL-FL.tif	User:DrTrigon/logs/eth-bib	DrTrigon	2016-08-05T01:39:38Z
2690	ETH-BIB-Steinwüste_mit_Hochgebirge_bei_Abadeh_aus_3000_m_Höhe-Persienflug_1924-1925-LBS_MH02-02-0165-AL-FL.tif	User:DrTrigon/logs/eth-bib	DrTrigon	2016-08-05T01:39:38Z
2691	ETH-BIB-Steinwüste_mit_Hochgebirge_bei_Abadeh_aus_3000_m_Höhe-Persienflug_1924-1925-LBS_MH02-02-0167-AL-FL.tif	User:DrTrigon/logs/eth-bib	DrTrigon	2016-08-05T01:39:38Z
2692	ETH-BIB-Steinwüste_mit_Hochgebirge_bei_Abadeh_aus_3000_m_Höhe-Persienflug_1924-1925-LBS_MH02-02-0166-AL-FL.tif	User:DrTrigon/logs/eth-bib	DrTrigon	2016-08-05T01:39:38Z
2693	ETH-BIB-Faltengebirge_mit_Salzpfannen_südlich_von_Isfahan_aus_3000_m_Höhe-Persienflug_1924-1925-LBS_MH02-02-0174-AL-FL.tif	User:DrTrigon/logs/eth-bib	DrTrigon	2016-08-05T01:39:38Z
2694	ETH-BIB-Faltengebirge_südlich_von_Isfahan_aus_3000_m_Höhe-Persienflug_1924-1925-LBS_MH02-02-0171-AL-FL.tif	User:DrTrigon/logs/eth-bib	DrTrigon	2016-08-05T01:39:38Z
2695	ETH-BIB-Faltengebirge_mit_Salzpfannen_südlich_von_Isfahan_aus_3000_m_Höhe-Persienflug_1924-1925-LBS_MH02-02-0175-AL-FL.tif	User:DrTrigon/logs/eth-bib	DrTrigon	2016-08-05T01:39:38Z
2696	ETH-BIB-Izadkhast_aus_200_m_Höhe-Persienflug_1924-1925-LBS_MH02-02-0177-AL-FL.tif	User:DrTrigon/logs/eth-bib	DrTrigon	2016-08-05T01:39:38Z
2697	ETH-BIB-Mehiar_aus_600_m_Höhe-Persienflug_1924-1925-LBS_MH02-02-0178-AL-FL.tif	User:DrTrigon/logs/eth-bib	DrTrigon	2016-08-05T01:39:38Z
2698	ETH-BIB-Faltengebirge_mit_Salzpfannen_südlich_von_Isfahan_aus_3000_m_Höhe-Persienflug_1924-1925-LBS_MH02-02-0173-AL-FL.tif	User:DrTrigon/logs/eth-bib	DrTrigon	2016-08-05T01:39:38Z
2699	ETH-BIB-Alte_persische_Forts_zwischen_Isfahan_und_Schiraz_aus_3000_m_Höhe-Persienflug_1924-1925-LBS_MH02-02-0172-AL-FL.tif	User:DrTrigon/logs/eth-bib	DrTrigon	2016-08-05T01:39:38Z
2700	ETH-BIB-Abadeh_aus_3000_m_Höhe-Persienflug_1924-1925-LBS_MH02-02-0170-AL-FL.tif	User:DrTrigon/logs/eth-bib	DrTrigon	2016-08-05T01:39:38Z
2701	ETH-BIB-Wilde_Gebirgsgegend_südlich_von_Abadeh_aus_3000_m_Höhe-Persienflug_1924-1925-LBS_MH02-02-0169-AL-FL.tif	User:DrTrigon/logs/eth-bib	DrTrigon	2016-08-05T01:39:38Z
2702	ETH-BIB-Faltengebirge_von_Fars_aus_3500_m_Höhe-Persienflug_1924-1925-LBS_MH02-02-0181-AL-FL.tif	User:DrTrigon/logs/eth-bib	DrTrigon	2016-08-05T01:39:38Z
2703	ETH-BIB-Izadkhast_aus_500_m_Höhe-Persienflug_1924-1925-LBS_MH02-02-0176-AL-FL.tif	User:DrTrigon/logs/eth-bib	DrTrigon	2016-08-05T01:39:38Z
2704	ETH-BIB-Pulvartal_nördlich_von_Schiraz-Persienflug_1924-1925-LBS_MH02-02-0180-AL-FL.tif	User:DrTrigon/logs/eth-bib	DrTrigon	2016-08-05T01:39:38Z
2705	ETH-BIB-Pulvartal_nördlich_von_Schiraz-Persienflug_1924-1925-LBS_MH02-02-0179-AL-FL.tif	User:DrTrigon/logs/eth-bib	DrTrigon	2016-08-05T01:39:38Z
2706	ETH-BIB-Delta_eines_salzhaltigen_Flusses-Persienflug_1924-1925-LBS_MH02-02-0185-AL-FL.tif	User:DrTrigon/logs/ETH-Bib/01	DrTrigon	2016-07-08T19:32:12Z
2707	ETH-BIB-Delta_eines_salzhaltigen_Flusses-Persienflug_1924-1925-LBS_MH02-02-0185-AL-FL.tif	User:DrTrigon/logs/eth-bib	DrTrigon	2016-08-05T01:39:38Z
2708	ETH-BIB-Randgebirge_südlich_von_Schiraz_aus_2000_m_Höhe-Persienflug_1924-1925-LBS_MH02-02-0188-AL-FL.tif	User:DrTrigon/logs/eth-bib	DrTrigon	2016-08-05T01:39:38Z
2709	ETH-BIB-Gebirge_südlich_von_Schiraz_aus_2500_m_Höhe-Persienflug_1924-1925-LBS_MH02-02-0183-AL-FL.tif	User:DrTrigon/logs/eth-bib	DrTrigon	2016-08-05T01:39:38Z
2710	ETH-BIB-Faltengebirge_nördlich_von_Schiraz-Persienflug_1924-1925-LBS_MH02-02-0187-AL-FL.tif	User:DrTrigon/logs/eth-bib	DrTrigon	2016-08-05T01:39:38Z
2711	ETH-BIB-Faltengebirge_von_Fars_aus_3000_m_Höhe-Persienflug_1924-1925-LBS_MH02-02-0184-AL-FL.tif	User:DrTrigon/logs/eth-bib	DrTrigon	2016-08-05T01:39:38Z
2712	ETH-BIB-Famursee_bei_Kazerun_aus_3000_m_Höhe-Persienflug_1924-1925-LBS_MH02-02-0189-AL-FL.tif	User:DrTrigon/logs/eth-bib	DrTrigon	2016-08-05T01:39:38Z
2713	ETH-BIB-Faltengebirge_nördlich_von_Schiraz_aus_4000_m_Höhe-Persienflug_1924-1925-LBS_MH02-02-0186-AL-FL.tif	User:DrTrigon/logs/eth-bib	DrTrigon	2016-08-05T01:39:38Z
2714	ETH-BIB-Durchbruch_eines_Flusses_durchs_persische_Randgebirge_aus_2500_m_Höhe-Persienflug_1924-1925-LBS_MH02-02-0191-AL-FL.tif	User:DrTrigon/logs/eth-bib	DrTrigon	2016-08-05T01:39:38Z
2715	ETH-BIB-Steinwüsteneien_(Randgebirge)_2300_m_Höhe-Persienflug_1924-1925-LBS_MH02-02-0190-AL-FL.tif	User:DrTrigon/logs/eth-bib	DrTrigon	2016-08-05T01:39:38Z
2716	ETH-BIB-Durchbruch_eines_Flusses_durchs_persische_Randgebirge_aus_2500_m_Höhe-Persienflug_1924-1925-LBS_MH02-02-0192-AL-FL.tif	User:DrTrigon/logs/eth-bib	DrTrigon	2016-08-05T01:39:38Z
2717	ETH-BIB-Badlands_in_Südpersien,_Steinwüsteneien_(Randgebirge)_aus_3000_m_Höhe-Persienflug_1924-1925-LBS_MH02-02-0193-AL-FL.tif	User:DrTrigon/logs/eth-bib	DrTrigon	2016-08-05T01:39:38Z
2718	ETH-BIB-Durchbruch_eines_Flusses_durchs_persische_Randgebirge_aus_2500_m_Höhe-Persienflug_1924-1925-LBS_MH02-02-0194-AL-FL.tif	User:DrTrigon/logs/eth-bib	DrTrigon	2016-08-05T01:39:38Z
2719	ETH-BIB-Borazdjan_nördöstlich_von_Buschehr_aus_1000_m_Höhe-Persienflug_1924-1925-LBS_MH02-02-0195-AL-FL.tif	User:DrTrigon/logs/eth-bib	DrTrigon	2016-08-05T01:39:38Z
2720	ETH-BIB-Buschehr_aus_1000_m_Höhe-Persienflug_1924-1925-LBS_MH02-02-0204-AL-FL.tif	User:DrTrigon/logs/eth-bib	DrTrigon	2016-08-05T01:39:38Z
2721	ETH-BIB-Buschehr_-_Fischerdorf-Persienflug_1924-1925-LBS_MH02-02-0220-AL-FL.tif	User:DrTrigon/logs/ETH-Bib/01	DrTrigon	2016-07-08T19:32:12Z
2722	ETH-BIB-Buschehr_-_Fischerdorf-Persienflug_1924-1925-LBS_MH02-02-0220-AL-FL.tif	User:DrTrigon/logs/eth-bib	DrTrigon	2016-08-05T01:39:38Z
2723	ETH-BIB-Teheran-Persienflug_1924-1925-LBS_MH02-02-0227-AL-FL.tif	User:DrTrigon/logs/eth-bib	DrTrigon	2016-08-05T01:39:38Z
2724	ETH-BIB-Gebirgslandschaft-Persienflug_1924-1925-LBS_MH02-02-0234-AL-FL.tif	User:DrTrigon/logs/eth-bib	DrTrigon	2016-08-05T01:39:38Z
2725	ETH-BIB-Badlands_südlich_von_Kasarum_aus_2000_m_Höhe-Persienflug_1924-1925-LBS_MH02-02-0232-AL-FL.tif	User:DrTrigon/logs/eth-bib	DrTrigon	2016-08-05T01:39:38Z
2726	ETH-BIB-Badlands_südlich_von_Kasarum_aus_2000_m_Höhe-Persienflug_1924-1925-LBS_MH02-02-0231-AL-FL.tif	User:DrTrigon/logs/eth-bib	DrTrigon	2016-08-05T01:39:38Z
2727	ETH-BIB-Gebirgslandschaft-Persienflug_1924-1925-LBS_MH02-02-0235-AL-FL.tif	User:DrTrigon/logs/eth-bib	DrTrigon	2016-08-05T01:39:38Z
2728	ETH-BIB-Gebirgslandschaft-Persienflug_1924-1925-LBS_MH02-02-0239-AL-FL.tif	User:DrTrigon/logs/eth-bib	DrTrigon	2016-08-05T01:39:38Z
2729	ETH-BIB-Gebirgslandschaft-Persienflug_1924-1925-LBS_MH02-02-0236-AL-FL.tif	User:DrTrigon/logs/eth-bib	DrTrigon	2016-08-05T01:39:38Z
2730	ETH-BIB-Fluss_Zinda_Rud,_Blick_in_die_grosse_Salzwüste-Persienflug_1924-1925-LBS_MH02-02-0237-AL-FL.tif	User:DrTrigon/logs/eth-bib	DrTrigon	2016-08-05T01:39:38Z
2731	ETH-BIB-Gebirgslandschaft-Persienflug_1924-1925-LBS_MH02-02-0238-AL-FL.tif	User:DrTrigon/logs/eth-bib	DrTrigon	2016-08-05T01:39:38Z
2732	ETH-BIB-Badlands_am_persischen_Golf_aus_2500_m_Höhe-Persienflug_1924-1925-LBS_MH02-02-0240-AL-FL.tif	User:DrTrigon/logs/eth-bib	DrTrigon	2016-08-05T01:39:38Z
2733	ETH-BIB-Oasendorf_in_der_Wüste_südlich_von_Isfahan-Persienflug_1924-1925-LBS_MH02-02-0243-AL-FL.tif	User:DrTrigon/logs/eth-bib	DrTrigon	2016-08-05T01:39:38Z
2734	ETH-BIB-Gebirgslandschaft-Persienflug_1924-1925-LBS_MH02-02-0242-AL-FL.tif	User:DrTrigon/logs/eth-bib	DrTrigon	2016-08-05T01:39:38Z
2735	ETH-BIB-Gebirgslandschaft-Persienflug_1924-1925-LBS_MH02-02-0244-AL-FL.tif	User:DrTrigon/logs/eth-bib	DrTrigon	2016-08-05T01:39:38Z
2736	ETH-BIB-Isfahan-Persienflug_1924-1925-LBS_MH02-02-0249-AL-FL.tif	User:DrTrigon/logs/eth-bib	DrTrigon	2016-08-05T01:39:38Z
2737	ETH-BIB-Luftbild_einer_Stadt-Persienflug_1924-1925-LBS_MH02-02-0250-AL-FL.tif	User:DrTrigon/logs/eth-bib	DrTrigon	2016-08-05T01:39:38Z
2738	ETH-BIB-Urwald_des_Elgon,_ein_4200m_hoher_Vulkan_zwischen_Viktoriasee_und_Sudan-Kilimanjaroflug_1929-30-LBS_MH02-07-0263.tif	User:DrTrigon/logs/eth-bib	DrTrigon	2016-08-05T01:39:38Z
2739	ETH-BIB-Urwald_des_Elgon,_ein_4200m_hoher_Vulkan_zwischen_Viktoriasee_und_Sudan-Kilimanjaroflug_1929-30-LBS_MH02-07-0263.tif	Commons:WikiProject Aviation/recent uploads/2016 June 21	Uli Elch	2017-03-16T12:36:04Z
2740	ETH-BIB-Menaggio_am_Comersee,_im_Hintergrund_Lago_di_Piano_und_Lago_di_Lugano-Kilimanjaroflug_1929-30-LBS_MH02-07-0522.tif	User:DrTrigon/logs/eth-bib	DrTrigon	2016-08-05T01:39:38Z
2741	ETH-BIB-Menaggio_am_Comersee,_im_Hintergrund_Lago_di_Piano_und_Lago_di_Lugano-Kilimanjaroflug_1929-30-LBS_MH02-07-0522.tif	Commons:WikiProject Aviation/recent uploads/2016 June 21	Uli Elch	2017-03-16T12:36:04Z
2742	ETH-BIB-Römer-Aquädukte_(Umgebung_von_Smyrna)-Persienflug_1924-1925-LBS_MH02-02-0010-AL-FL.tif	User:DrTrigon/logs/eth-bib	DrTrigon	2016-08-05T01:39:38Z
2743	ETH-BIB-Vesuv_-_1223_m_von_Norden_aus_1600_m_Höhe-Persienflug_1924-1925-LBS_MH02-02-0002-AL-FL.tif	User:DrTrigon/logs/eth-bib	DrTrigon	2016-08-05T01:39:38Z
2744	ETH-BIB-Am_Zayandeh_Rud_(Isfahan)-Persienflug_1924-1925-LBS_MH02-02-0154-AL-FL.tif	User:DrTrigon/logs/ETH-Bib/01	DrTrigon	2016-07-08T19:32:12Z
2745	ETH-BIB-Am_Zayandeh_Rud_(Isfahan)-Persienflug_1924-1925-LBS_MH02-02-0154-AL-FL.tif	User:DrTrigon/logs/eth-bib	DrTrigon	2016-08-05T01:39:38Z
2746	ETH-BIB-Menziken,_Reinach,_Beinwil_am_See-Inlandflüge-LBS_MH01-002660.tif	Commons:WikiProject Aviation/recent uploads/2016 December 22	Jo-Jo Eumerus	2017-05-07T12:02:15Z
2747	ETH-BIB-Leutwil,_Boniswil,_Seengen-Inlandflüge-LBS_MH01-002641.tif	Commons:WikiProject Aviation/recent uploads/2016 December 22	Jo-Jo Eumerus	2017-05-07T12:02:15Z
2748	ETH-BIB-Sirnach,_Detail_aus_50_m-Inlandflüge-LBS_MH01-002367.tif	Commons:WikiProject Aviation/recent uploads/2016 December 22	Jo-Jo Eumerus	2017-05-07T12:02:15Z
2749	ETH-BIB-Hafen_von_Valetta,_Malta_aus_2000_m_Höhe-Kilimanjaroflug_1929-30-LBS_MH02-07-0143.tif	User:DrTrigon/logs/eth-bib	DrTrigon	2016-08-05T01:39:38Z
2750	ETH-BIB-Hafen_von_Valetta,_Malta_aus_2000_m_Höhe-Kilimanjaroflug_1929-30-LBS_MH02-07-0143.tif	Commons:WikiProject Aviation/recent uploads/2016 June 21	Uli Elch	2017-03-16T12:36:04Z
2751	ETH-BIB-Detailaufnahme_Auftanken_in_Cartagena-Tschadseeflug_1930-31-LBS_MH02-08-0158.tif	Category:Media contributed by the ETH-Bibliothek/Reports/most edited	Faebot	2016-12-14T05:37:20Z
2752	ETH-BIB-Detailaufnahme_Auftanken_in_Cartagena-Tschadseeflug_1930-31-LBS_MH02-08-0158.tif	Category:Media contributed by the ETH-Bibliothek/Reports/wikimedia usage	Faebot	2017-04-24T05:09:06Z
2753	ETH-BIB-Aussenquartiere_von_Aleppo-Persienflug_1924-1925-LBS_MH02-02-0024-AL-FL.tif	User:DrTrigon/logs/ETH-Bib/01	DrTrigon	2016-07-08T19:32:12Z
2754	ETH-BIB-Aussenquartiere_von_Aleppo-Persienflug_1924-1925-LBS_MH02-02-0024-AL-FL.tif	User:DrTrigon/logs/eth-bib	DrTrigon	2016-08-05T01:39:38Z
2755	ETH-BIB-Gässchen_in_Aleppo-Persienflug_1924-1925-LBS_MH02-02-0023-AL-FL.tif	User:DrTrigon/logs/eth-bib	DrTrigon	2016-08-05T01:39:38Z
2756	ETH-BIB-Aleppo-Persienflug_1924-1925-LBS_MH02-02-0025-AL-FL.tif	User:DrTrigon/logs/ETH-Bib/01	DrTrigon	2016-07-08T19:32:12Z
2757	ETH-BIB-Aleppo-Persienflug_1924-1925-LBS_MH02-02-0025-AL-FL.tif	User:DrTrigon/logs/eth-bib	DrTrigon	2016-08-05T01:39:38Z
2758	ETH-BIB-Castell_in_Aleppo-Persienflug_1924-1925-LBS_MH02-02-0021-AL-FL.tif	User:DrTrigon/logs/eth-bib	DrTrigon	2016-08-05T01:39:38Z
2759	ETH-BIB-Castell_in_Aleppo-Persienflug_1924-1925-LBS_MH02-02-0018-AL-FL.tif	User:DrTrigon/logs/ETH-Bib/01	DrTrigon	2016-07-08T19:32:12Z
2760	ETH-BIB-Castell_in_Aleppo-Persienflug_1924-1925-LBS_MH02-02-0018-AL-FL.tif	User:DrTrigon/logs/eth-bib	DrTrigon	2016-08-05T01:39:38Z
2761	ETH-BIB-Castell_in_Aleppo-Persienflug_1924-1925-LBS_MH02-02-0020-AL-FL.tif	User:DrTrigon/logs/ETH-Bib/01	DrTrigon	2016-07-08T19:32:12Z
2762	ETH-BIB-Castell_in_Aleppo-Persienflug_1924-1925-LBS_MH02-02-0020-AL-FL.tif	User:DrTrigon/logs/eth-bib	DrTrigon	2016-08-05T01:39:38Z
2763	ETH-BIB-Castell_in_Aleppo-Persienflug_1924-1925-LBS_MH02-02-0019-AL-FL.tif	User:DrTrigon/logs/ETH-Bib/01	DrTrigon	2016-07-08T19:32:12Z
2764	ETH-BIB-Castell_in_Aleppo-Persienflug_1924-1925-LBS_MH02-02-0019-AL-FL.tif	User:DrTrigon/logs/eth-bib	DrTrigon	2016-08-05T01:39:38Z
2765	ETH-BIB-Castell_in_Aleppo-Persienflug_1924-1925-LBS_MH02-02-0022-AL-FL.tif	User:DrTrigon/logs/ETH-Bib/01	DrTrigon	2016-07-08T19:32:12Z
2766	ETH-BIB-Castell_in_Aleppo-Persienflug_1924-1925-LBS_MH02-02-0022-AL-FL.tif	User:DrTrigon/logs/eth-bib	DrTrigon	2016-08-05T01:39:38Z
2767	ETH-BIB-Citadelle_von_Aleppo-Persienflug_1924-1925-LBS_MH02-02-0224-AL-FL.tif	User:DrTrigon/logs/ETH-Bib/01	DrTrigon	2016-07-08T19:32:12Z
2768	ETH-BIB-Citadelle_von_Aleppo-Persienflug_1924-1925-LBS_MH02-02-0224-AL-FL.tif	User:DrTrigon/logs/eth-bib	DrTrigon	2016-08-05T01:39:38Z
2769	ETH-BIB-Hoher_Priester_der_Wallfahrtskirche_von_Debre_Libanos-Abessinienflug_1934-LBS_MH02-22-0458.tif	Category:Media contributed by the ETH-Bibliothek/Reports/wikimedia usage	Faebot	2017-04-24T05:09:06Z
2770	ETH-BIB-Marrakech-_La_Koutoubia-Tschadseeflug_1930-31-LBS_MH02-08-0300.tif	Category:Media contributed by the ETH-Bibliothek/Reports/wikimedia usage	Faebot	2017-04-24T05:09:06Z
2771	ETH-BIB-St._Georgen_b._St._-Inlandflüge-.tif	Commons:WikiProject Aviation/recent uploads/2016 December 22	Jo-Jo Eumerus	2017-05-07T12:02:15Z
2772	ETH-BIB-Bern-Kirchenfeldquartier-Inlandflüge-LBS_MH01-002152.tif	Commons:WikiProject Aviation/recent uploads/2016 December 22	Jo-Jo Eumerus	2017-05-07T12:02:15Z
2773	ETH-BIB-Montana,_Vermala_(Hotelquartier)_aus_500_m-Inlandflüge-LBS_MH01-002141.tif	Commons:WikiProject Aviation/recent uploads/2016 December 22	Jo-Jo Eumerus	2017-05-07T12:02:15Z
2774	ETH-BIB-Montana,_Wildstrubelgruppe_v._S._W._aus_2000_m-Inlandflüge-LBS_MH01-002138.tif	Commons:WikiProject Aviation/recent uploads/2016 December 22	Jo-Jo Eumerus	2017-05-07T12:02:15Z
2775	ETH-BIB-Montana,_Vermala_(Hotelquartier)_aus_500_m-Inlandflüge-LBS_MH01-002142.tif	Commons:WikiProject Aviation/recent uploads/2016 December 22	Jo-Jo Eumerus	2017-05-07T12:02:15Z
2776	ETH-BIB-Wildhorngruppe_v._S.-Inlandflüge-LBS_MH01-002147.tif	Commons:WikiProject Aviation/recent uploads/2016 December 22	Jo-Jo Eumerus	2017-05-07T12:02:15Z
2777	ETH-BIB-Crans-Montana,_Hotel_Bella-Lui_,_Wildstrubel_v._S._W._aus_200_m-Inlandflüge-LBS_MH01-002139.tif	Commons:WikiProject Aviation/recent uploads/2016 December 22	Jo-Jo Eumerus	2017-05-07T12:02:15Z
2778	ETH-BIB-Sion,_Rhône,_Goms,_Bramois,_Rhôntetal_aufwärts_v._S._W._aus_2500_m-Inlandflüge-LBS_MH01-002143.tif	Commons:WikiProject Aviation/recent uploads/2016 December 22	Jo-Jo Eumerus	2017-05-07T12:02:15Z
2779	ETH-BIB-Montana,_Vermala_(Hotelquartier)_aus_500_m-Inlandflüge-LBS_MH01-002144.tif	Commons:WikiProject Aviation/recent uploads/2016 December 22	Jo-Jo Eumerus	2017-05-07T12:02:15Z
2780	ETH-BIB-Vercorin,_Val_d'Anniviers,_Besso,_Weisshorn_v._N._aus_2500_m-Inlandflüge-LBS_MH01-002148.tif	Commons:WikiProject Aviation/recent uploads/2016 December 22	Jo-Jo Eumerus	2017-05-07T12:02:15Z
2781	ETH-BIB-Fribourg,_Übersicht,_Lac_de_Pérolles_v._S._aus_500_m-Inlandflüge-LBS_MH01-002156.tif	Commons:WikiProject Aviation/recent uploads/2016 December 22	Jo-Jo Eumerus	2017-05-07T12:02:15Z
2782	ETH-BIB-Fribourg,_Gambach,_Place_de_la_Gare_aus_500_m-Inlandflüge-LBS_MH01-002159.tif	Commons:WikiProject Aviation/recent uploads/2016 December 22	Jo-Jo Eumerus	2017-05-07T12:02:15Z
2783	ETH-BIB-Bulle_aus_100_m-Inlandflüge-LBS_MH01-002160.tif	Commons:WikiProject Aviation/recent uploads/2016 December 22	Jo-Jo Eumerus	2017-05-07T12:02:15Z
2784	ETH-BIB-Fribourg,_Übersicht_v._S._aus_500_m-Inlandflüge-LBS_MH01-002158.tif	Commons:WikiProject Aviation/recent uploads/2016 December 22	Jo-Jo Eumerus	2017-05-07T12:02:15Z
2785	ETH-BIB-Fribourg,_Zentrum_aus_300_m-Inlandflüge-LBS_MH01-002155.tif	Commons:WikiProject Aviation/recent uploads/2016 December 22	Jo-Jo Eumerus	2017-05-07T12:02:15Z
2786	ETH-BIB-Payerne,_südliches_Quartier_aus_100_m-Inlandflüge-LBS_MH01-002167.tif	Commons:WikiProject Aviation/recent uploads/2016 December 22	Jo-Jo Eumerus	2017-05-07T12:02:15Z
2787	ETH-BIB-Payerne_v._N._W._aus_300_m-Inlandflüge-LBS_MH01-002164.tif	Commons:WikiProject Aviation/recent uploads/2016 December 22	Jo-Jo Eumerus	2017-05-07T12:02:15Z
2788	ETH-BIB-Bulle,_Gesamtansicht_v._W._aus_200_m-Inlandflüge-LBS_MH01-002161.tif	Commons:WikiProject Aviation/recent uploads/2016 December 22	Jo-Jo Eumerus	2017-05-07T12:02:15Z
2789	ETH-BIB-Estavayer-le-Lac_v._S._aus_600_m-Inlandflüge-LBS_MH01-002169.tif	Commons:WikiProject Aviation/recent uploads/2016 December 22	Jo-Jo Eumerus	2017-05-07T12:02:15Z
2790	ETH-BIB-Murten_v._O.-Inlandflüge-LBS_MH01-002172.tif	Commons:WikiProject Aviation/recent uploads/2016 December 22	Jo-Jo Eumerus	2017-05-07T12:02:15Z
2791	ETH-BIB-Herzogenbuchsee-Inlandflüge-LBS_MH01-002189.png	Commons:WikiProject Aviation/recent uploads/2016 December 22	Jo-Jo Eumerus	2017-05-07T12:02:15Z
2792	ETH-BIB-Estavayer-le-Lac_aus_200_m-Inlandflüge-LBS_MH01-002171.tif	Commons:WikiProject Aviation/recent uploads/2016 December 22	Jo-Jo Eumerus	2017-05-07T12:02:15Z
2793	ETH-BIB-Estavayer-le-Lac_v._S._aus_500_m-Inlandflüge-LBS_MH01-002168.tif	Commons:WikiProject Aviation/recent uploads/2016 December 22	Jo-Jo Eumerus	2017-05-07T12:02:15Z
2794	ETH-BIB-Baden,_Bahnhofquartier-Inlandflüge-LBS_MH01-002173.tif	Commons:WikiProject Aviation/recent uploads/2016 December 22	Jo-Jo Eumerus	2017-05-07T12:02:15Z
2795	ETH-BIB-Corcelles-près-Payerne_aus_400_m-Inlandflüge-LBS_MH01-002177.tif	Commons:WikiProject Aviation/recent uploads/2016 December 22	Jo-Jo Eumerus	2017-05-07T12:02:15Z
2796	ETH-BIB-Kerzers_v._S._aus_200_m-Inlandflüge-LBS_MH01-002181.tif	Commons:WikiProject Aviation/recent uploads/2016 December 22	Jo-Jo Eumerus	2017-05-07T12:02:15Z
2797	ETH-BIB-Corcelles_bei_Payerne-Inlandflüge-LBS_MH01-002178.tif	Commons:WikiProject Aviation/recent uploads/2016 December 22	Jo-Jo Eumerus	2017-05-07T12:02:15Z
2798	ETH-BIB-Avenches_v._W._aus_100_m-Inlandflüge-LBS_MH01-002183.tif	Commons:WikiProject Aviation/recent uploads/2016 December 22	Jo-Jo Eumerus	2017-05-07T12:02:15Z
2799	ETH-BIB-Corcelles-près-Payerne-Inlandflüge-LBS_MH01-002179.tif	Commons:WikiProject Aviation/recent uploads/2016 December 22	Jo-Jo Eumerus	2017-05-07T12:02:15Z
2800	ETH-BIB-Aarberg-Inlandflüge-LBS_MH01-002185.tif	Commons:WikiProject Aviation/recent uploads/2016 December 22	Jo-Jo Eumerus	2017-05-07T12:02:15Z
2801	ETH-BIB-Herzogenbuchsee,_Detail-Inlandflüge-LBS_MH01-002186.tif	Commons:WikiProject Aviation/recent uploads/2016 December 22	Jo-Jo Eumerus	2017-05-07T12:02:15Z
2802	ETH-BIB-Aarau,_Bahnhof_aus_100_m-Inlandflüge-LBS_MH01-002194.tif	Commons:WikiProject Aviation/recent uploads/2016 December 22	Jo-Jo Eumerus	2017-05-07T12:02:15Z
2803	ETH-BIB-Aarberg_v._W._aus_200_m-Inlandflüge-LBS_MH01-002184.tif	Commons:WikiProject Aviation/recent uploads/2016 December 22	Jo-Jo Eumerus	2017-05-07T12:02:15Z
2804	ETH-BIB-Bern-Altstadt-Inlandflüge-LBS_MH01-002203.tif	Commons:WikiProject Aviation/recent uploads/2016 December 22	Jo-Jo Eumerus	2017-05-07T12:02:15Z
2805	ETH-BIB-Bern,_Bundeshaus_v._S._W._aus_200_m-Inlandflüge-LBS_MH01-002201.tif	Commons:WikiProject Aviation/recent uploads/2016 December 22	Jo-Jo Eumerus	2017-05-07T12:02:15Z
2806	ETH-BIB-Bern,_Lorraine,_Spitalacker,_Kornhausbrücke,_Schänzli-Inlandflüge-LBS_MH01-002198.tif	Commons:WikiProject Aviation/recent uploads/2016 December 22	Jo-Jo Eumerus	2017-05-07T12:02:15Z
2807	ETH-BIB-Herzogenbuchsee-Inlandflüge-LBS_MH01-002208.tif	Commons:WikiProject Aviation/recent uploads/2016 December 22	Jo-Jo Eumerus	2017-05-07T12:02:15Z
2808	ETH-BIB-Herzogenbuchsee_aus_200_m-Inlandflüge-LBS_MH01-002207.tif	Commons:WikiProject Aviation/recent uploads/2016 December 22	Jo-Jo Eumerus	2017-05-07T12:02:15Z
2809	ETH-BIB-Herzogenbuchsee-Inlandflüge-LBS_MH01-002209.tif	Commons:WikiProject Aviation/recent uploads/2016 December 22	Jo-Jo Eumerus	2017-05-07T12:02:15Z
2810	ETH-BIB-Bern-Altstadt_mit_Münster_aus_200_m-Inlandflüge-LBS_MH01-002200.tif	Commons:WikiProject Aviation/recent uploads/2016 December 22	Jo-Jo Eumerus	2017-05-07T12:02:15Z
2811	ETH-BIB-Langenthal_aus_100_m-Inlandflüge-LBS_MH01-002210.tif	Commons:WikiProject Aviation/recent uploads/2016 December 22	Jo-Jo Eumerus	2017-05-07T12:02:15Z
2812	ETH-BIB-Zofingen_aus_100_m-Inlandflüge-LBS_MH01-002214.tif	Commons:WikiProject Aviation/recent uploads/2016 December 22	Jo-Jo Eumerus	2017-05-07T12:02:15Z
2813	ETH-BIB-Langenthal-Inlandflüge-LBS_MH01-002213.tif	Commons:WikiProject Aviation/recent uploads/2016 December 22	Jo-Jo Eumerus	2017-05-07T12:02:15Z
2814	ETH-BIB-Zürich-Industriequartier,_Escher-Wyss-Platz,_Dammstrasse-Inlandflüge-LBS_MH01-002223.tif	Commons:WikiProject Aviation/recent uploads/2016 December 22	Jo-Jo Eumerus	2017-05-07T12:02:15Z
2815	ETH-BIB-Zofingen_aus_50_m-Inlandflüge-LBS_MH01-002215.tif	Commons:WikiProject Aviation/recent uploads/2016 December 22	Jo-Jo Eumerus	2017-05-07T12:02:15Z
2816	ETH-BIB-Wettingen_aus_100_m-Inlandflüge-LBS_MH01-002216.tif	Commons:WikiProject Aviation/recent uploads/2016 December 22	Jo-Jo Eumerus	2017-05-07T12:02:15Z
2817	ETH-BIB-Basel,_Matthäus_Kirche-Inlandflüge-LBS_MH01-002221.tif	Commons:WikiProject Aviation/recent uploads/2016 December 22	Jo-Jo Eumerus	2017-05-07T12:02:15Z
2818	ETH-BIB-Uster,_Spital-Inlandflüge-LBS_MH01-002222.tif	Commons:WikiProject Aviation/recent uploads/2016 December 22	Jo-Jo Eumerus	2017-05-07T12:02:15Z
2819	ETH-BIB-Schloss_und_Städtlein_Regensberg_aus_100_m-Inlandflüge-LBS_MH01-002218.tif	Commons:WikiProject Aviation/recent uploads/2016 December 22	Jo-Jo Eumerus	2017-05-07T12:02:15Z
2820	ETH-BIB-Basel,_Friedmatt,_Psychiatrische-Anstalt-Inlandflüge-LBS_MH01-002227.tif	Commons:WikiProject Aviation/recent uploads/2016 December 22	Jo-Jo Eumerus	2017-05-07T12:02:15Z
2821	ETH-BIB-Zürich-Industriequartier,_Aktienbrauerei,_Löwenbräu_aus_100_m-Inlandflüge-LBS_MH01-002224.tif	Commons:WikiProject Aviation/recent uploads/2016 December 22	Jo-Jo Eumerus	2017-05-07T12:02:15Z
2822	ETH-BIB-Zürich-Industriequartier,_Wipkingen-Inlandflüge-LBS_MH01-002225.tif	Commons:WikiProject Aviation/recent uploads/2016 December 22	Jo-Jo Eumerus	2017-05-07T12:02:15Z
2823	ETH-BIB-Bern-Altstadt,_Matte,_Nydeggasse_v._N._aus_300_m-Inlandflüge-LBS_MH01-002233.tif	Commons:WikiProject Aviation/recent uploads/2016 December 22	Jo-Jo Eumerus	2017-05-07T12:02:15Z
2824	ETH-BIB-Mollis_v._S._aus_100_m-Inlandflüge-LBS_MH01-002228.tif	Commons:WikiProject Aviation/recent uploads/2016 December 22	Jo-Jo Eumerus	2017-05-07T12:02:15Z
2825	ETH-BIB-Klein-_und_Grossbasel_mit_Wettsteinbrücke_aus_500_m-Inlandflüge-LBS_MH01-002238.tif	Commons:WikiProject Aviation/recent uploads/2016 December 22	Jo-Jo Eumerus	2017-05-07T12:02:15Z
2826	ETH-BIB-Zug,_Vorstadt,_Chamerstrasse-Inlandflüge-LBS_MH01-002239.tif	Commons:WikiProject Aviation/recent uploads/2016 December 22	Jo-Jo Eumerus	2017-05-07T12:02:15Z
2827	ETH-BIB-Pratteln_aus_100_m-Inlandflüge-LBS_MH01-002243.tif	Commons:WikiProject Aviation/recent uploads/2016 December 22	Jo-Jo Eumerus	2017-05-07T12:02:15Z
2828	ETH-BIB-Basel,_Muba,_Güterbahnhof-DB,_Kleinbasel_aus_300_m-Inlandflüge-LBS_MH01-002236.tif	Commons:WikiProject Aviation/recent uploads/2016 December 22	Jo-Jo Eumerus	2017-05-07T12:02:15Z
2829	ETH-BIB-Nidau_bei_Biel_aus_100_m-Inlandflüge-LBS_MH01-002235-AL.tif	Commons:WikiProject Aviation/recent uploads/2016 December 22	Jo-Jo Eumerus	2017-05-07T12:02:15Z
2830	ETH-BIB-Basel,_Zentrum-Inlandflüge-LBS_MH01-002244.tif	Commons:WikiProject Aviation/recent uploads/2016 December 22	Jo-Jo Eumerus	2017-05-07T12:02:15Z
2831	ETH-BIB-Grenzach,_Wyhlen_v._W.-Inlandflüge-LBS_MH01-002241.tif	Commons:WikiProject Aviation/recent uploads/2016 December 22	Jo-Jo Eumerus	2017-05-07T12:02:15Z
2832	ETH-BIB-Fiescherhörner,_Finsteraarhorn_v._N._W._aus_5000_m-Inlandflüge-LBS_MH01-002240.tif	Commons:WikiProject Aviation/recent uploads/2016 December 22	Jo-Jo Eumerus	2017-05-07T12:02:15Z
2833	ETH-BIB-Piz_Cazarauls,_Hüfifirn,_Grosser_Ruchen,_Windgällen_v._W._aus_4000_m-Inlandflüge-LBS_MH01-002247.tif	Commons:WikiProject Aviation/recent uploads/2016 December 22	Jo-Jo Eumerus	2017-05-07T12:02:15Z
2834	ETH-BIB-Erlenbach,_Details-Inlandflüge-LBS_MH01-002246.tif	Commons:WikiProject Aviation/recent uploads/2016 December 22	Jo-Jo Eumerus	2017-05-07T12:02:15Z
2835	ETH-BIB-Bifertenstock,_Cavistrau,_Oberalpstock,_Tödi_v._W._aus_4000_m-Inlandflüge-LBS_MH01-002248.tif	Commons:WikiProject Aviation/recent uploads/2016 December 22	Jo-Jo Eumerus	2017-05-07T12:02:15Z
2836	ETH-BIB-Gemsfairenstock,_Klausenpass,_Glatten,_Mären._Teufelsstöcke,_Klausenpass_v._S._aus_4000_m-Inlandflüge-LBS_MH01-002253.tif	Commons:WikiProject Aviation/recent uploads/2016 December 22	Jo-Jo Eumerus	2017-05-07T12:02:15Z
2837	ETH-BIB-Bifertenstock,_Piz_Urlaun,_Frisalgletscher,_Brigelser_Hörner_v._O._aus_4000_m-Inlandflüge-LBS_MH01-002250.tif	Commons:WikiProject Aviation/recent uploads/2016 December 22	Jo-Jo Eumerus	2017-05-07T12:02:15Z
2838	ETH-BIB-Cavistrau,_Val_Frisal_v._N._aus_4000_m-Inlandflüge-LBS_MH01-002249.tif	Commons:WikiProject Aviation/recent uploads/2016 December 22	Jo-Jo Eumerus	2017-05-07T12:02:15Z
2839	ETH-BIB-Hüfifirn,_Chammlistock,_Schärhorn_v._S._O._aus_4000_m-Inlandflüge-LBS_MH01-002251.tif	Commons:WikiProject Aviation/recent uploads/2016 December 22	Jo-Jo Eumerus	2017-05-07T12:02:15Z
2840	ETH-BIB-Kärpf,_Wichlenmattalp_v._N._aus_3000_m-Inlandflüge-LBS_MH01-002254.tif	Commons:WikiProject Aviation/recent uploads/2016 December 22	Jo-Jo Eumerus	2017-05-07T12:02:15Z
2841	ETH-BIB-Scheidstöckli,_Nüschenstock,_Baumgartenalp,_Hausstock,_Meutsee_v._W._aus_4000_m-Inlandflüge-LBS_MH01-002257.tif	Commons:WikiProject Aviation/recent uploads/2016 December 22	Jo-Jo Eumerus	2017-05-07T12:02:15Z
2842	ETH-BIB-Tödi,_Grünhorn,_Bifertenstock,_Sandgipfel_von_N._W._aus_4000_m-Inlandflüge-LBS_MH01-002256.tif	Commons:WikiProject Aviation/recent uploads/2016 December 22	Jo-Jo Eumerus	2017-05-07T12:02:15Z
2843	ETH-BIB-Selbstsanft,_Hausstock,_Muttsee_v._S._W._aus_4000_m-Inlandflüge-LBS_MH01-002258.tif	Commons:WikiProject Aviation/recent uploads/2016 December 22	Jo-Jo Eumerus	2017-05-07T12:02:15Z
2844	ETH-BIB-Muttsee,_Scheidstöckli,_Nüschenstock_v._S._O._aus_4000_m-Inlandflüge-LBS_MH01-002252.tif	Commons:WikiProject Aviation/recent uploads/2016 December 22	Jo-Jo Eumerus	2017-05-07T12:02:15Z
2845	ETH-BIB-Glärnisch,_Zeinenfurggel,_Bächistock,_Bös,_Fulen_v._W._aus_3600_m-Inlandflüge-LBS_MH01-002255.tif	Commons:WikiProject Aviation/recent uploads/2016 December 22	Jo-Jo Eumerus	2017-05-07T12:02:15Z
2846	ETH-BIB-Bächistock,_Glärnischfirn,_Ruchigrat,_Bös,_Faulen_v._S._W._aus_3600_m-Inlandflüge-LBS_MH01-002261.tif	Commons:WikiProject Aviation/recent uploads/2016 December 22	Jo-Jo Eumerus	2017-05-07T12:02:15Z
2847	ETH-BIB-Schwanden,_Sool,_Mitlödi,_Ennetlinth_v._S._aus_600_m-Inlandflüge-LBS_MH01-002262.tif	Commons:WikiProject Aviation/recent uploads/2016 December 22	Jo-Jo Eumerus	2017-05-07T12:02:15Z
2848	ETH-BIB-Baar_aus_100_m-Inlandflüge-LBS_MH01-002267.tif	Commons:WikiProject Aviation/recent uploads/2016 December 22	Jo-Jo Eumerus	2017-05-07T12:02:15Z
2849	ETH-BIB-Glarner,_Tödi,_Bifertengrätli,_Ochsenstock,_Glärnisch,_Grünhorngrat_v._S._aus_4000_m-Inlandflüge-LBS_MH01-002269.tif	Commons:WikiProject Aviation/recent uploads/2016 December 22	Jo-Jo Eumerus	2017-05-07T12:02:15Z
2850	ETH-BIB-Piz_Urlaun,_Düssi,_Schärhorn,_Bifertengletscher_v._O._aus_4000_m-Inlandflüge-LBS_MH01-002271.tif	Commons:WikiProject Aviation/recent uploads/2016 December 22	Jo-Jo Eumerus	2017-05-07T12:02:15Z
2851	ETH-BIB-Tödi,_Piz_Russein_v._S._W._aus_4000_m-Inlandflüge-LBS_MH01-002268.tif	Commons:WikiProject Aviation/recent uploads/2016 December 22	Jo-Jo Eumerus	2017-05-07T12:02:15Z
2852	ETH-BIB-Piz_Urlaun,_Piz_Cambrialas,_Düssi,_Gliemspforte,_Val_Russein_v._O._aus_4000_m-Inlandflüge-LBS_MH01-002272.tif	Commons:WikiProject Aviation/recent uploads/2016 December 22	Jo-Jo Eumerus	2017-05-07T12:02:15Z
2853	ETH-BIB-Tödi,_Bifertenfirn_v._S._aus_4000_m-Inlandflüge-LBS_MH01-002270.tif	Commons:WikiProject Aviation/recent uploads/2016 December 22	Jo-Jo Eumerus	2017-05-07T12:02:15Z
2854	ETH-BIB-Winterthur-Wülflingen_aus_200_m-Inlandflüge-LBS_MH01-002274.tif	Commons:WikiProject Aviation/recent uploads/2016 December 22	Jo-Jo Eumerus	2017-05-07T12:02:15Z
2855	ETH-BIB-Zürich-Wipkingen_v._S.-Inlandflüge-LBS_MH01-002273.tif	Commons:WikiProject Aviation/recent uploads/2016 December 22	Jo-Jo Eumerus	2017-05-07T12:02:15Z
2856	ETH-BIB-Schänis_aus_100_m-Inlandflüge-LBS_MH01-002265.tif	Commons:WikiProject Aviation/recent uploads/2016 December 22	Jo-Jo Eumerus	2017-05-07T12:02:15Z
2857	ETH-BIB-Azmoos_aus_200_m-Inlandflüge-LBS_MH01-002276.tif	Commons:WikiProject Aviation/recent uploads/2016 December 22	Jo-Jo Eumerus	2017-05-07T12:02:15Z
2858	ETH-BIB-Glattfelden_aus_100_m-Inlandflüge-LBS_MH01-002279.tif	Commons:WikiProject Aviation/recent uploads/2016 December 22	Jo-Jo Eumerus	2017-05-07T12:02:15Z
2859	ETH-BIB-Benken_bei_Schaffhausen_v._S.-Inlandflüge-LBS_MH01-002275.tif	Commons:WikiProject Aviation/recent uploads/2016 December 22	Jo-Jo Eumerus	2017-05-07T12:02:15Z
2860	ETH-BIB-Kaltbrunn,_St._Gallen-Kappel_v._S._O._aus_200_m-Inlandflüge-LBS_MH01-002284.tif	Commons:WikiProject Aviation/recent uploads/2016 December 22	Jo-Jo Eumerus	2017-05-07T12:02:15Z
2861	ETH-BIB-Herblingertal,_Weierhalde,_Hohentwiel-Inlandflüge-LBS_MH01-002282.tif	Commons:WikiProject Aviation/recent uploads/2016 December 22	Jo-Jo Eumerus	2017-05-07T12:02:15Z
2862	ETH-BIB-Schaffhausen,_Merishausertal_v._S._aus_500_m-Inlandflüge-LBS_MH01-002283.tif	Commons:WikiProject Aviation/recent uploads/2016 December 22	Jo-Jo Eumerus	2017-05-07T12:02:15Z
2863	ETH-BIB-Eschenbach_400_m-Inlandflüge-LBS_MH01-002288.tif	Commons:WikiProject Aviation/recent uploads/2016 December 22	Jo-Jo Eumerus	2017-05-07T12:02:15Z
2864	ETH-BIB-Rapperswil-Jona_mit_Schloss,_Pfannenstil_v._S._O._aus_200_m-Inlandflüge-LBS_MH01-002289.tif	Commons:WikiProject Aviation/recent uploads/2016 December 22	Jo-Jo Eumerus	2017-05-07T12:02:15Z
2865	ETH-BIB-Glattfelden_v._S._aus_100_m-Inlandflüge-LBS_MH01-002281.tif	Commons:WikiProject Aviation/recent uploads/2016 December 22	Jo-Jo Eumerus	2017-05-07T12:02:15Z
2866	ETH-BIB-Kaltbrunn_aus_200_m-Inlandflüge-LBS_MH01-002286.tif	Commons:WikiProject Aviation/recent uploads/2016 December 22	Jo-Jo Eumerus	2017-05-07T12:02:15Z
2867	ETH-BIB-Mels_v._S._aus_200_m-Inlandflüge-LBS_MH01-002290.tif	Commons:WikiProject Aviation/recent uploads/2016 December 22	Jo-Jo Eumerus	2017-05-07T12:02:15Z
2868	ETH-BIB-Mels-Inlandflüge-LBS_MH01-002291.tif	Commons:WikiProject Aviation/recent uploads/2016 December 22	Jo-Jo Eumerus	2017-05-07T12:02:15Z
2869	ETH-BIB-Flums,_Spinnerei_v._S._O._aus_300_m-Inlandflüge-LBS_MH01-002292.tif	Commons:WikiProject Aviation/recent uploads/2016 December 22	Jo-Jo Eumerus	2017-05-07T12:02:15Z
2870	ETH-BIB-Flums,_Seeztal-Inlandflüge-LBS_MH01-002294.tif	Commons:WikiProject Aviation/recent uploads/2016 December 22	Jo-Jo Eumerus	2017-05-07T12:02:15Z
2871	ETH-BIB-Sargans,_Schloss_Sargans_m._Seeztal_v._O._aus_200_m-Inlandflüge-LBS_MH01-002299.tif	Commons:WikiProject Aviation/recent uploads/2016 December 22	Jo-Jo Eumerus	2017-05-07T12:02:15Z
2872	ETH-BIB-Sevelen-Inlandflüge-LBS_MH01-002297.tif	Commons:WikiProject Aviation/recent uploads/2016 December 22	Jo-Jo Eumerus	2017-05-07T12:02:15Z
2873	ETH-BIB-Amden_aus_800_m-Inlandflüge-LBS_MH01-002301.tif	Commons:WikiProject Aviation/recent uploads/2016 December 22	Jo-Jo Eumerus	2017-05-07T12:02:15Z
2874	ETH-BIB-Flums_Seeztal,_Walenstadt,_Churfirsten_aus_500_m-Inlandflüge-LBS_MH01-002295.tif	Commons:WikiProject Aviation/recent uploads/2016 December 22	Jo-Jo Eumerus	2017-05-07T12:02:15Z
2875	ETH-BIB-Obstalden,_Filzbach,_Kerenzerberg,_Weesen,_Niederurnen,_Köpfenstock_aus_1800_m-Inlandflüge-LBS_MH01-002296.tif	Commons:WikiProject Aviation/recent uploads/2016 December 22	Jo-Jo Eumerus	2017-05-07T12:02:15Z
2876	ETH-BIB-Frümsel,_Brisi,_Frümseltal_Seeztal_v._N._W._aus_2400_m-Inlandflüge-LBS_MH01-002305.tif	Commons:WikiProject Aviation/recent uploads/2016 December 22	Jo-Jo Eumerus	2017-05-07T12:02:15Z
2877	ETH-BIB-Seebenalp,_Grosssee,_Heusee,_Walensee_v._S._O._aus_1800_m-Inlandflüge-LBS_MH01-002309.tif	Commons:WikiProject Aviation/recent uploads/2016 December 22	Jo-Jo Eumerus	2017-05-07T12:02:15Z
2878	ETH-BIB-Aulinachopf,_Grossberg,_Flumserberg,_Walensee_aus_1500_m-Inlandflüge-LBS_MH01-002307.tif	Commons:WikiProject Aviation/recent uploads/2016 December 22	Jo-Jo Eumerus	2017-05-07T12:02:15Z
2879	ETH-BIB-Churfirsten,_Hinterrugg,_Chäserrugg,_Alvier_v._N._W._aus_2400_m-Inlandflüge-LBS_MH01-002306.tif	Commons:WikiProject Aviation/recent uploads/2016 December 22	Jo-Jo Eumerus	2017-05-07T12:02:15Z
2880	ETH-BIB-Schönenwerd,_Bally_Schuhfabriken_AG_aus_200_m-Inlandflüge-LBS_MH01-002314.tif	Commons:WikiProject Aviation/recent uploads/2016 December 22	Jo-Jo Eumerus	2017-05-07T12:02:15Z
2881	ETH-BIB-Untere_Molseralp,_Walensee_und_Churfirsten_aus_1500_m-Inlandflüge-LBS_MH01-002308.tif	Commons:WikiProject Aviation/recent uploads/2016 December 22	Jo-Jo Eumerus	2017-05-07T12:02:15Z
2882	ETH-BIB-Seebenalp_Grosssee,_Heusee,_Schwarzsee,_Mürtschenstock-Inlandflüge-LBS_MH01-002310.tif	Commons:WikiProject Aviation/recent uploads/2016 December 22	Jo-Jo Eumerus	2017-05-07T12:02:15Z
2883	ETH-BIB-Schönenwerd,_Niedergösgen,_Bally_Schuhfabrik_AG_aus_200_m-Inlandflüge-LBS_MH01-002313.tif	Commons:WikiProject Aviation/recent uploads/2016 December 22	Jo-Jo Eumerus	2017-05-07T12:02:15Z
2884	ETH-BIB-Sächsmoor,_Leist-Inlandflüge-LBS_MH01-002311.tif	Commons:WikiProject Aviation/recent uploads/2016 December 22	Jo-Jo Eumerus	2017-05-07T12:02:15Z
2885	ETH-BIB-Seebenalp,_Kurhaus,_Schwarzsee_aus_200_m-Inlandflüge-LBS_MH01-002312.tif	Commons:WikiProject Aviation/recent uploads/2016 December 22	Jo-Jo Eumerus	2017-05-07T12:02:15Z
2886	ETH-BIB-Schönenwerd,_Niesergösgen_aus_200_m-Inlandflüge-LBS_MH01-002318.tif	Commons:WikiProject Aviation/recent uploads/2016 December 22	Jo-Jo Eumerus	2017-05-07T12:02:15Z
2887	ETH-BIB-Rorschach_mit_startendem_Wasserflugzeug,_Zuschauer-Inlandflüge-LBS_MH01-002323.tif	Commons:WikiProject Aviation/recent uploads/2016 December 22	Jo-Jo Eumerus	2017-05-07T12:02:15Z
2888	ETH-BIB-Rorschach_mit_startendem_Wasserflugzeug,_Zuschauer_aus_100_m-Inlandflüge-LBS_MH01-002324.tif	Commons:WikiProject Aviation/recent uploads/2016 December 22	Jo-Jo Eumerus	2017-05-07T12:02:15Z
2889	ETH-BIB-Schönenwerd,_Niedergösgen_aus_200_m-Inlandflüge-LBS_MH01-002319.tif	Commons:WikiProject Aviation/recent uploads/2016 December 22	Jo-Jo Eumerus	2017-05-07T12:02:15Z
2890	ETH-BIB-Schönenwerd_aus_200_m-Inlandflüge-LBS_MH01-002317.tif	Commons:WikiProject Aviation/recent uploads/2016 December 22	Jo-Jo Eumerus	2017-05-07T12:02:15Z
2891	ETH-BIB-Schönenwerd,_Bally_Schuhfabriken_AG_aus_200_m-Inlandflüge-LBS_MH01-002315.tif	Commons:WikiProject Aviation/recent uploads/2016 December 22	Jo-Jo Eumerus	2017-05-07T12:02:15Z
2892	ETH-BIB-Rorschach,_Seepromenade_aus_100_m-Inlandflüge-LBS_MH01-002325.tif	Commons:WikiProject Aviation/recent uploads/2016 December 22	Jo-Jo Eumerus	2017-05-07T12:02:15Z
2893	ETH-BIB-Rorschach_v._S._W._aus_200_m-Inlandflüge-LBS_MH01-002331.tif	Commons:WikiProject Aviation/recent uploads/2016 December 22	Jo-Jo Eumerus	2017-05-07T12:02:15Z
2894	ETH-BIB-Rorschach,_Seminar,_Rheinspitz_aus_200_m-Inlandflüge-LBS_MH01-002336.tif	Commons:WikiProject Aviation/recent uploads/2016 December 22	Jo-Jo Eumerus	2017-05-07T12:02:15Z
2895	ETH-BIB-Wangen_b._Dübendorf,_Brüttisellen-Wangen-Inlandflüge-LBS_MH01-002339.tif	Commons:WikiProject Aviation/recent uploads/2016 December 22	Jo-Jo Eumerus	2017-05-07T12:02:15Z
2896	ETH-BIB-Rorschach,_Detail,_östliches_Quartier_aus_100_m-Inlandflüge-LBS_MH01-002337.tif	Commons:WikiProject Aviation/recent uploads/2016 December 22	Jo-Jo Eumerus	2017-05-07T12:02:15Z
2897	ETH-BIB-Rorschach,_Feldmühle_v._S._aus_200_m-Inlandflüge-LBS_MH01-002332.tif	Commons:WikiProject Aviation/recent uploads/2016 December 22	Jo-Jo Eumerus	2017-05-07T12:02:15Z
2898	ETH-BIB-Rorschach,_Hafen_aus_50_m-Inlandflüge-LBS_MH01-002330.tif	Commons:WikiProject Aviation/recent uploads/2016 December 22	Jo-Jo Eumerus	2017-05-07T12:02:15Z
2899	ETH-BIB-Wallisellen-Inlandflüge-LBS_MH01-002340.tif	Commons:WikiProject Aviation/recent uploads/2016 December 22	Jo-Jo Eumerus	2017-05-07T12:02:15Z
2900	ETH-BIB-Cham-Inlandflüge-LBS_MH01-002341.tif	Commons:WikiProject Aviation/recent uploads/2016 December 22	Jo-Jo Eumerus	2017-05-07T12:02:15Z
2901	ETH-BIB-Sihlbrugg,_Sihl_aus_400_m-Inlandflüge-LBS_MH01-002345.tif	Commons:WikiProject Aviation/recent uploads/2016 December 22	Jo-Jo Eumerus	2017-05-07T12:02:15Z
2902	ETH-BIB-Benken,_Benkener,_Büchel,_Kaltbrunn,_Maseltrangen,_oberer_Buchberg_aus_200_m-Inlandflüge-LBS_MH01-002347.tif	Commons:WikiProject Aviation/recent uploads/2016 December 22	Jo-Jo Eumerus	2017-05-07T12:02:15Z
2903	ETH-BIB-Buchs,_Werdenberg_v._N._O._aus_600_m-Inlandflüge-LBS_MH01-002348.tif	Commons:WikiProject Aviation/recent uploads/2016 December 22	Jo-Jo Eumerus	2017-05-07T12:02:15Z
2904	ETH-BIB-Werdenberg,_Buchs_aus_500_m-Inlandflüge-LBS_MH01-002351.tif	Commons:WikiProject Aviation/recent uploads/2016 December 22	Jo-Jo Eumerus	2017-05-07T12:02:15Z
2905	ETH-BIB-Berg,_Sion,_Kloster,_Berg,_Sion-Inlandflüge-LBS_MH01-002368.png	Commons:WikiProject Aviation/recent uploads/2016 December 22	Jo-Jo Eumerus	2017-05-07T12:02:15Z
2906	ETH-BIB-Zürich-Altstetten,_Übersicht_aus_700_m-Inlandflüge-LBS_MH01-002354.tif	Commons:WikiProject Aviation/recent uploads/2016 December 22	Jo-Jo Eumerus	2017-05-07T12:02:15Z
2907	ETH-BIB-Buchs_v._S._aus_500_m-Inlandflüge-LBS_MH01-002349.tif	Commons:WikiProject Aviation/recent uploads/2016 December 22	Jo-Jo Eumerus	2017-05-07T12:02:15Z
2908	ETH-BIB-Winterthur-Töss-Inlandflüge-LBS_MH01-002356.tif	Commons:WikiProject Aviation/recent uploads/2016 December 22	Jo-Jo Eumerus	2017-05-07T12:02:15Z
2909	ETH-BIB-Oerlikon-Inlandflüge-LBS_MH01-002353.tif	Commons:WikiProject Aviation/recent uploads/2016 December 22	Jo-Jo Eumerus	2017-05-07T12:02:15Z
2910	ETH-BIB-Buchs,_Rheintal-Inlandflüge-LBS_MH01-002350.tif	Commons:WikiProject Aviation/recent uploads/2016 December 22	Jo-Jo Eumerus	2017-05-07T12:02:15Z
2911	ETH-BIB-Brugg,_Bahnhof_aus_100_m-Inlandflüge-LBS_MH01-002359.tif	Commons:WikiProject Aviation/recent uploads/2016 December 22	Jo-Jo Eumerus	2017-05-07T12:02:15Z
2912	ETH-BIB-Oerlikon_Seebach-Inlandflüge-LBS_MH01-002357.tif	Commons:WikiProject Aviation/recent uploads/2016 December 22	Jo-Jo Eumerus	2017-05-07T12:02:15Z
2913	ETH-BIB-Brugg,_Kaserne_aus_100_m-Inlandflüge-LBS_MH01-002361.tif	Commons:WikiProject Aviation/recent uploads/2016 December 22	Jo-Jo Eumerus	2017-05-07T12:02:15Z
2914	ETH-BIB-Horgen,_Südlicher_Teil,_Rotweg-Quartier_aus_200_m-Inlandflüge-LBS_MH01-002355.tif	Commons:WikiProject Aviation/recent uploads/2016 December 22	Jo-Jo Eumerus	2017-05-07T12:02:15Z
2915	ETH-BIB-Ebnat,_Ebnat-Kappel_aus_100_m-Inlandflüge-LBS_MH01-002366.tif	Commons:WikiProject Aviation/recent uploads/2016 December 22	Jo-Jo Eumerus	2017-05-07T12:02:15Z
2916	ETH-BIB-Weissegg,_Schanbelegg,_Linthebene_v._S._O._aus_2500_m-Inlandflüge-LBS_MH01-002369.tif	Commons:WikiProject Aviation/recent uploads/2016 December 22	Jo-Jo Eumerus	2017-05-07T12:02:15Z
2917	ETH-BIB-Wald_aus_100_m-Inlandflüge-LBS_MH01-002365.tif	Commons:WikiProject Aviation/recent uploads/2016 December 22	Jo-Jo Eumerus	2017-05-07T12:02:15Z
2918	ETH-BIB-Brugg-Inlandflüge-LBS_MH01-002360.tif	Commons:WikiProject Aviation/recent uploads/2016 December 22	Jo-Jo Eumerus	2017-05-07T12:02:15Z
2919	ETH-BIB-Wald-Inlandflüge-LBS_MH01-002364.tif	Commons:WikiProject Aviation/recent uploads/2016 December 22	Jo-Jo Eumerus	2017-05-07T12:02:15Z
2920	ETH-BIB-Wald,_Zentrum-Inlandflüge-LBS_MH01-002363.tif	Commons:WikiProject Aviation/recent uploads/2016 December 22	Jo-Jo Eumerus	2017-05-07T12:02:15Z
2921	ETH-BIB-Einsiedeln,_Etzel_aus_2000_m-Inlandflüge-LBS_MH01-002372.tif	Commons:WikiProject Aviation/recent uploads/2016 December 22	Jo-Jo Eumerus	2017-05-07T12:02:15Z
2922	ETH-BIB-Euthal,_Studen,_Fluebrig,_Charenstock,_Sihltal,_Glärnisch_aus_3000_m-Inlandflüge-LBS_MH01-002374.tif	Commons:WikiProject Aviation/recent uploads/2016 December 22	Jo-Jo Eumerus	2017-05-07T12:02:15Z
2923	ETH-BIB-Ägerisee,_Rothenthurm,_Morgartenhöchi_v._S.-Inlandflüge-LBS_MH01-002377.tif	Commons:WikiProject Aviation/recent uploads/2016 December 22	Jo-Jo Eumerus	2017-05-07T12:02:15Z
2924	ETH-BIB-Einsiedeln,_Kloster_v._O._aus_2500_m-Inlandflüge-LBS_MH01-002371.tif	Commons:WikiProject Aviation/recent uploads/2016 December 22	Jo-Jo Eumerus	2017-05-07T12:02:15Z
2925	ETH-BIB-Spital,_Oberiberg,_Glärnisch,_Sihltal,_Hausstock_aus_3000_m-Inlandflüge-LBS_MH01-002376.tif	Commons:WikiProject Aviation/recent uploads/2016 December 22	Jo-Jo Eumerus	2017-05-07T12:02:15Z
2926	ETH-BIB-Unterägeri,_Ägerisee_v._N._W._aus_2000_m-Inlandflüge-LBS_MH01-002373.tif	Commons:WikiProject Aviation/recent uploads/2016 December 22	Jo-Jo Eumerus	2017-05-07T12:02:15Z
2927	ETH-BIB-Sihllauf,_Schindellegi,_Alplauf_v._S._O._aus_2500_m-Inlandflüge-LBS_MH01-002370.tif	Commons:WikiProject Aviation/recent uploads/2016 December 22	Jo-Jo Eumerus	2017-05-07T12:02:15Z
2928	ETH-BIB-Hochstuckli,_Sattel,_Rossberg_v._S._O._aus_3000_m-Inlandflüge-LBS_MH01-002379.tif	Commons:WikiProject Aviation/recent uploads/2016 December 22	Jo-Jo Eumerus	2017-05-07T12:02:15Z
2929	ETH-BIB-Grosser_Mythen,_Urmiberg_v._O._aus_3000_m-Inlandflüge-LBS_MH01-002380.tif	Commons:WikiProject Aviation/recent uploads/2016 December 22	Jo-Jo Eumerus	2017-05-07T12:02:15Z
2930	ETH-BIB-Hummel,_Sihltal,_Euthal,_Aubrig,_Chöpfenberg,_Schiberg_aus_3000_m-Inlandflüge-LBS_MH01-002375.tif	Commons:WikiProject Aviation/recent uploads/2016 December 22	Jo-Jo Eumerus	2017-05-07T12:02:15Z
2931	ETH-BIB-Unterägeri,_Ägerisee,_Chaiserstock_v._N._aus_2000_m-Inlandflüge-LBS_MH01-002378.tif	Commons:WikiProject Aviation/recent uploads/2016 December 22	Jo-Jo Eumerus	2017-05-07T12:02:15Z
2932	ETH-BIB-Schwyz,_Urmiberg-Inlandflüge-LBS_MH01-002383.tif	Commons:WikiProject Aviation/recent uploads/2016 December 22	Jo-Jo Eumerus	2017-05-07T12:02:15Z
2933	ETH-BIB-Oberiberg,_Roggenstock,_Biet,_Glärnisch_v._W._aus_3000_m-Inlandflüge-LBS_MH01-002386.tif	Commons:WikiProject Aviation/recent uploads/2016 December 22	Jo-Jo Eumerus	2017-05-07T12:02:15Z
2934	ETH-BIB-Grosser_Mythen,_Zwischenmythen_v._O._aus_3000_m-Inlandflüge-LBS_MH01-002381.tif	Commons:WikiProject Aviation/recent uploads/2016 December 22	Jo-Jo Eumerus	2017-05-07T12:02:15Z
2935	ETH-BIB-Grosser_Mythen,_Kleiner_Mythen,_Haggenegg,_Aegerisee_v._S._O._aus_3000_m-Inlandflüge-LBS_MH01-002382.tif	Commons:WikiProject Aviation/recent uploads/2016 December 22	Jo-Jo Eumerus	2017-05-07T12:02:15Z
2936	ETH-BIB-Muotathal,_Druesberg,_Pragelpass,_Heuberge_v._W._aus_3000_m-Inlandflüge-LBS_MH01-002384.tif	Commons:WikiProject Aviation/recent uploads/2016 December 22	Jo-Jo Eumerus	2017-05-07T12:02:15Z
2937	ETH-BIB-Hundstock,_Spiellauersee,_Rossstock_v._N._W._aus_3000_m-Inlandflüge-LBS_MH01-002388.tif	Commons:WikiProject Aviation/recent uploads/2016 December 22	Jo-Jo Eumerus	2017-05-07T12:02:15Z
2938	ETH-BIB-Fulen,_Reusstal,_Gitschenstock_v._N._W._aus_3600_m-Inlandflüge-LBS_MH01-002391.tif	Commons:WikiProject Aviation/recent uploads/2016 December 22	Jo-Jo Eumerus	2017-05-07T12:02:15Z
2939	ETH-BIB-Muotathal,_Pragelpass,_Heuberge_v._W._aus_3000_m-Inlandflüge-LBS_MH01-002385.tif	Commons:WikiProject Aviation/recent uploads/2016 December 22	Jo-Jo Eumerus	2017-05-07T12:02:15Z
2940	ETH-BIB-Chaiserstock,_Blümberg,_Wasserberg,_Furst_v,_W,_aus_3000_m-Inlandflüge-LBS_MH01-002387.tif	Commons:WikiProject Aviation/recent uploads/2016 December 22	Jo-Jo Eumerus	2017-05-07T12:02:15Z
2941	ETH-BIB-Hoher_Fulen,_Klausenstrasse,_Klausenpass,_Brunital_v._S._W._aus_3500_m-Inlandflüge-LBS_MH01-002389.tif	Commons:WikiProject Aviation/recent uploads/2016 December 22	Jo-Jo Eumerus	2017-05-07T12:02:15Z
2942	ETH-BIB-Kleine_Windgällen,_Düssistock,_Hüfifirn_v._N._W._aus_3600_m-Inlandflüge-LBS_MH01-002395.tif	Commons:WikiProject Aviation/recent uploads/2016 December 22	Jo-Jo Eumerus	2017-05-07T12:02:15Z
2943	ETH-BIB-Bristenstock,_Oberalpstock_v._W._aus_4000_m-Inlandflüge-LBS_MH01-002399.tif	Commons:WikiProject Aviation/recent uploads/2016 December 22	Jo-Jo Eumerus	2017-05-07T12:02:15Z
2944	ETH-BIB-Windgällen,_Schärhorn,_Hüfifirn,_Tödi_v._W._aus_3600_m-Inlandflüge-LBS_MH01-002396.tif	Commons:WikiProject Aviation/recent uploads/2016 December 22	Jo-Jo Eumerus	2017-05-07T12:02:15Z
2945	ETH-BIB-Grosse_Windgällen,_Grosser_Ruchen,_Hüfifirn,_Tödi,_Düssistock_aus_3600_m-Inlandflüge-LBS_MH01-002394.tif	Commons:WikiProject Aviation/recent uploads/2016 December 22	Jo-Jo Eumerus	2017-05-07T12:02:15Z
2946	ETH-BIB-Andermatt,_Oberalp_Badus,_Rossboden,_Stock-Inlandflüge-LBS_MH01-002403.tif	Commons:WikiProject Aviation/recent uploads/2016 December 22	Jo-Jo Eumerus	2017-05-07T12:02:15Z
2947	ETH-BIB-Graustock,_Titlis,_Trübsee,_Engstlensee,_Wendenstöcke_aus_4000_m-Inlandflüge-LBS_MH01-002390.tif	Commons:WikiProject Aviation/recent uploads/2016 December 22	Jo-Jo Eumerus	2017-05-07T12:02:15Z
2948	ETH-BIB-Seewligrat,_Gross_Windgällen,_Schärhorn_v._W._aus_3600_m-Inlandflüge-LBS_MH01-002393.tif	Commons:WikiProject Aviation/recent uploads/2016 December 22	Jo-Jo Eumerus	2017-05-07T12:02:15Z
2949	ETH-BIB-Seewligrat,_Gross_Windgällen,_Schärhorn_v._W._aus_3600_m-Inlandflüge-LBS_MH01-002392.tif	Commons:WikiProject Aviation/recent uploads/2016 December 22	Jo-Jo Eumerus	2017-05-07T12:02:15Z
2950	ETH-BIB-Spitzberg,_Sustenhorn,_Titlis,_Fleckistock_v._S._aus_3600_m-Inlandflüge-LBS_MH01-002402.tif	Commons:WikiProject Aviation/recent uploads/2016 December 22	Jo-Jo Eumerus	2017-05-07T12:02:15Z
2951	ETH-BIB-Witenstock,_Intschialp_Schrotenstock,_Grosser_Spannort,_Krönte,_Schlossberg-Inlandflüge-LBS_MH01-002400.tif	Commons:WikiProject Aviation/recent uploads/2016 December 22	Jo-Jo Eumerus	2017-05-07T12:02:15Z
2952	ETH-BIB-Oberalpstock_v._W._aus_4000_m-Inlandflüge-LBS_MH01-002397.tif	Commons:WikiProject Aviation/recent uploads/2016 December 22	Jo-Jo Eumerus	2017-05-07T12:02:15Z
2953	ETH-BIB-Portlilücke,_Chrüzlipass,_Oberalpstock_v._W._aus_4000_m-Inlandflüge-LBS_MH01-002401.tif	Commons:WikiProject Aviation/recent uploads/2016 December 22	Jo-Jo Eumerus	2017-05-07T12:02:15Z
2954	ETH-BIB-Windgällen,_Schärhorn,_Seevelisee_v._S._W._aus_3600_m-Inlandflüge-LBS_MH01-002398.tif	Commons:WikiProject Aviation/recent uploads/2016 December 22	Jo-Jo Eumerus	2017-05-07T12:02:15Z
2955	ETH-BIB-Mueterlishorn,_Chelengletscher,_Tierberg,_Sustenhorn_v._S._O._aus_3600_m-Inlandflüge-LBS_MH01-002404.tif	Commons:WikiProject Aviation/recent uploads/2016 December 22	Jo-Jo Eumerus	2017-05-07T12:02:15Z
2956	ETH-BIB-Wittenwasseental,_Passo_di_Cananna,_Piz_Rotondo,_Basodino^,_Passo_di_Cavanna_aus_3800_m-Inlandflüge-LBS_MH01-002411.tif	Commons:WikiProject Aviation/recent uploads/2016 December 22	Jo-Jo Eumerus	2017-05-07T12:02:15Z
2957	ETH-BIB-Gotthardpass,_Gotthardstrasse,_Hospiz-Inlandflüge-LBS_MH01-002408.tif	Commons:WikiProject Aviation/recent uploads/2016 December 22	Jo-Jo Eumerus	2017-05-07T12:02:15Z
2958	ETH-BIB-Gotthardstrasse,_Blauberg,_Pizzo_Centrale,_Tessinerberge_v._N._W.-Inlandflüge-LBS_MH01-002406.tif	Commons:WikiProject Aviation/recent uploads/2016 December 22	Jo-Jo Eumerus	2017-05-07T12:02:15Z
2959	ETH-BIB-Urserental_mit_Hospental,_Andermatt,_Oberalpstrasse,_von_Westen-Inlandflüge-LBS_MH01-002405.tif	Commons:WikiProject Aviation/recent uploads/2016 December 22	Jo-Jo Eumerus	2017-05-07T12:02:15Z
2960	ETH-BIB-St._Gotthardpass,_von_N.,_Rechts_die_Fibbia,_Tessiner_Berge-Inlandflüge-LBS_MH01-002407.tif	Commons:WikiProject Aviation/recent uploads/2016 December 22	Jo-Jo Eumerus	2017-05-07T12:02:15Z
2961	ETH-BIB-Blaubergstock,_Feldschyn,_Sustenstock-Inlandflüge-LBS_MH01-002409.tif	Commons:WikiProject Aviation/recent uploads/2016 December 22	Jo-Jo Eumerus	2017-05-07T12:02:15Z
2962	ETH-BIB-Fibbia,_Lucendropass,_Piz_Lucendro,_Cavannapass,_Tessiner_Berge,_Christalina_v._N._aus_3800_m-Inlandflüge-LBS_MH01-002410.tif	Commons:WikiProject Aviation/recent uploads/2016 December 22	Jo-Jo Eumerus	2017-05-07T12:02:15Z
2963	ETH-BIB-Bielenhörner,_Galenstock,_Gletschhorn,_Tiefengletscher,_Dammastock-Inlandflüge-LBS_MH01-002413.tif	Commons:WikiProject Aviation/recent uploads/2016 December 22	Jo-Jo Eumerus	2017-05-07T12:02:15Z
2964	ETH-BIB-Siedelenhorn,_Galengletscher,_Galenstock,_Bielenstöcke,_Tierälplistock_aus_3800_m-Inlandflüge-LBS_MH01-002414.tif	Commons:WikiProject Aviation/recent uploads/2016 December 22	Jo-Jo Eumerus	2017-05-07T12:02:15Z
2965	ETH-BIB-Furkapasshöhe_(unten),_in_der_Mitte_die_Grimselstrasse_an_der_Meierwand,_Finsteraarhorn_v._O._aus_3800_m-Inlandflüge-LBS_MH01-002416.tif	Commons:WikiProject Aviation/recent uploads/2016 December 22	Jo-Jo Eumerus	2017-05-07T12:02:15Z
2966	ETH-BIB-Furkapass,_Nägelisgrätli,_Gerstenhörner-Inlandflüge-LBS_MH01-002415.tif	Commons:WikiProject Aviation/recent uploads/2016 December 22	Jo-Jo Eumerus	2017-05-07T12:02:15Z
2967	ETH-BIB-Muttengletscher,_Stellibodenhorn,_Leckihorn,_Basodino,_Pizzo_Rodonto,_Wyttenalp_v._N._aus_3800_m-Inlandflüge-LBS_MH01-002421.tif	Commons:WikiProject Aviation/recent uploads/2016 December 22	Jo-Jo Eumerus	2017-05-07T12:02:15Z
2968	ETH-BIB-Urserental,_Realp,_Hospental,_Andermatt,_Oberalp-Inlandflüge-LBS_MH01-002420.tif	Commons:WikiProject Aviation/recent uploads/2016 December 22	Jo-Jo Eumerus	2017-05-07T12:02:15Z
2969	ETH-BIB-Mättenberg,_Piz_Giuf,_Crispalt-Inlandflüge-LBS_MH01-002417.tif	Commons:WikiProject Aviation/recent uploads/2016 December 22	Jo-Jo Eumerus	2017-05-07T12:02:15Z
2970	ETH-BIB-Furkastrasse,_Siedelenhorn,_Galenstock,_Bielenstöcke,_Dammstock_v._S._aus_3800_m-Inlandflüge-LBS_MH01-002418.tif	Commons:WikiProject Aviation/recent uploads/2016 December 22	Jo-Jo Eumerus	2017-05-07T12:02:15Z
2971	ETH-BIB-Montana_gegen_Rawilpass_v._S._O._aus_300_m-Inlandflüge-LBS_MH01-002149.tif	Commons:WikiProject Aviation/recent uploads/2016 December 22	Jo-Jo Eumerus	2017-05-07T12:02:15Z
2972	ETH-BIB-Finsteraarhorn,_Bächligletscher,_Grubengletscher,_Schreckhorn_v._O._aus_3800_m-Inlandflüge-LBS_MH01-002419.tif	Commons:WikiProject Aviation/recent uploads/2016 December 22	Jo-Jo Eumerus	2017-05-07T12:02:15Z
2973	ETH-BIB-Bern,_Breitenrain,_Wankdorffeld-Inlandflüge-LBS_MH01-002151.tif	Commons:WikiProject Aviation/recent uploads/2016 December 22	Jo-Jo Eumerus	2017-05-07T12:02:15Z
2974	ETH-BIB-Gratschliecht,_Muttenhorngletscher,_Pizzo_Rotondo,_Kühbodenhorn-Inlandflüge-LBS_MH01-002425.tif	Commons:WikiProject Aviation/recent uploads/2016 December 22	Jo-Jo Eumerus	2017-05-07T12:02:15Z
2975	ETH-BIB-Grimsel,_Rundhöckerlandschaft_an_der_weiten_Passmulde,_Totensee_auf_der_Passhöhe,_Obergestelen_aus_4000_m-Inlandflüge-LBS_MH01-002428.tif	Commons:WikiProject Aviation/recent uploads/2016 December 22	Jo-Jo Eumerus	2017-05-07T12:02:15Z
2976	ETH-BIB-Bern,_Altstadt_v._W._aus_500_m-Inlandflüge-LBS_MH01-002150.tif	Commons:WikiProject Aviation/recent uploads/2016 December 22	Jo-Jo Eumerus	2017-05-07T12:02:15Z
2977	ETH-BIB-Wittenwasserental,_Pizzo_Lucendro_v._N._aus_3800_m-Inlandflüge-LBS_MH01-002422.tif	Commons:WikiProject Aviation/recent uploads/2016 December 22	Jo-Jo Eumerus	2017-05-07T12:02:15Z
2978	ETH-BIB-Oberaargletscher,_Unteraargletscher,_Finsteraarhorn_v._O._aus_4000_m-Inlandflüge-LBS_MH01-002430.tif	Commons:WikiProject Aviation/recent uploads/2016 December 22	Jo-Jo Eumerus	2017-05-07T12:02:15Z
2979	ETH-BIB-Fribourg,_Zentrum_aus_300_m-Inlandflüge-LBS_MH01-002154.tif	Commons:WikiProject Aviation/recent uploads/2016 December 22	Jo-Jo Eumerus	2017-05-07T12:02:15Z
2980	ETH-BIB-Galenstock,_Galengletscher,_Winterstock,_Siedelengletscher,_v._S._W._aus_3800_m-Inlandflüge-LBS_MH01-002424.tif	Commons:WikiProject Aviation/recent uploads/2016 December 22	Jo-Jo Eumerus	2017-05-07T12:02:15Z
2981	ETH-BIB-Tieralplistock,_Dammastock,_Wyss,_Nollen,_Triftlimmi_v._N.-Inlandflüge-LBS_MH01-002434.tif	Commons:WikiProject Aviation/recent uploads/2016 December 22	Jo-Jo Eumerus	2017-05-07T12:02:15Z
2982	ETH-BIB-Gelmerhörner,_Gärstenhörner,_Galenstock_v._N._W._aus_4000_m-Inlandflüge-LBS_MH01-002432.tif	Commons:WikiProject Aviation/recent uploads/2016 December 22	Jo-Jo Eumerus	2017-05-07T12:02:15Z
2983	ETH-BIB-Gärstenhörner,_Rhônegletscher,_Furkastrasse,_Mutthörner_v._N._W.-Inlandflüge-LBS_MH01-002429.tif	Commons:WikiProject Aviation/recent uploads/2016 December 22	Jo-Jo Eumerus	2017-05-07T12:02:15Z
2984	ETH-BIB-Galenstock_und_Rhônegletscher,_Dammastock,_Tiefenstock_v._S._W._aus_3800_m-Inlandflüge-LBS_MH01-002427.tif	Commons:WikiProject Aviation/recent uploads/2016 December 22	Jo-Jo Eumerus	2017-05-07T12:02:15Z
2985	ETH-BIB-Bern,_Stadtbach,_Bahnhof-Inlandflüge-LBS_MH01-002153.tif	Commons:WikiProject Aviation/recent uploads/2016 December 22	Jo-Jo Eumerus	2017-05-07T12:02:15Z
2986	ETH-BIB-Triftgletscher,_Triftstöckli,_Triftlimi,_Dammastock_v._N.-Inlandflüge-LBS_MH01-002435.tif	Commons:WikiProject Aviation/recent uploads/2016 December 22	Jo-Jo Eumerus	2017-05-07T12:02:15Z
2987	ETH-BIB-Wittenwasserntal,_Pizzo_Lucendro,_Passo_di_Cavanna_v._N._aus_4000_m-Inlandflüge-LBS_MH01-002433.tif	Commons:WikiProject Aviation/recent uploads/2016 December 22	Jo-Jo Eumerus	2017-05-07T12:02:15Z
2988	ETH-BIB-Triftgletscher,_Galenstock-Inlandflüge-LBS_MH01-002438.tif	Commons:WikiProject Aviation/recent uploads/2016 December 22	Jo-Jo Eumerus	2017-05-07T12:02:15Z
2989	ETH-BIB-Steingletscher,_Vorder_Tierberg,_Sustenhorn_v._O._W._aus_4000_m-Inlandflüge-LBS_MH01-002444.tif	Commons:WikiProject Aviation/recent uploads/2016 December 22	Jo-Jo Eumerus	2017-05-07T12:02:15Z
2990	ETH-BIB-Diechterhorn_v._N._W._aus_4000_m-Inlandflüge-LBS_MH01-002437.tif	Commons:WikiProject Aviation/recent uploads/2016 December 22	Jo-Jo Eumerus	2017-05-07T12:02:15Z
2991	ETH-BIB-Tieralplistock,_Tiertäli,_Rhônegletscher-Ursprung,_Maasplankstock,_Dammastock,_Galenstock,_Basodino_v._N._aus_4000_m-Inlandflüge-LBS_MH01-002439.tif	Commons:WikiProject Aviation/recent uploads/2016 December 22	Jo-Jo Eumerus	2017-05-07T12:02:15Z
2992	ETH-BIB-Gadmerflue,_Glogghüs,_Melchsee,_Brünigshaupt_v._S._aus_4000_m-Inlandflüge-LBS_MH01-002436.tif	Commons:WikiProject Aviation/recent uploads/2016 December 22	Jo-Jo Eumerus	2017-05-07T12:02:15Z
2993	ETH-BIB-Fünffingerstöck,_Wendengletscher,_Titlis_v._S._W._aus_4000_m-Inlandflüge-LBS_MH01-002442.tif	Commons:WikiProject Aviation/recent uploads/2016 December 22	Jo-Jo Eumerus	2017-05-07T12:02:15Z
2994	ETH-BIB-Gadmerflue,_Graustock_v._S._aus_4000_m-Inlandflüge-LBS_MH01-002441.tif	Commons:WikiProject Aviation/recent uploads/2016 December 22	Jo-Jo Eumerus	2017-05-07T12:02:15Z
2995	ETH-BIB-Gadmerflue,_Balmeregghorn,_Melchsee,_Fellistock,_Hohenstollen,_Brünigshaupt,_Arnigrat_v._S._aus_4000_m-Inlandflüge-LBS_MH01-002440.tif	Commons:WikiProject Aviation/recent uploads/2016 December 22	Jo-Jo Eumerus	2017-05-07T12:02:15Z
2996	ETH-BIB-Susten-Passhöhe,_Gasthof_zum_Stein,_Fünffingerstöcke,_Spannörter,_Meiental_v._W._aus_4000_m-Inlandflüge-LBS_MH01-002443.tif	Commons:WikiProject Aviation/recent uploads/2016 December 22	Jo-Jo Eumerus	2017-05-07T12:02:15Z
2997	ETH-BIB-Triftgletscher,_Gwächtenhorn,_Triftlimi_v._N._aus_4000_m-Inlandflüge-LBS_MH01-002449.tif	Commons:WikiProject Aviation/recent uploads/2016 December 22	Jo-Jo Eumerus	2017-05-07T12:02:15Z
2998	ETH-BIB-Susten-Passhöhe_von_Westen,_Giglistock,_Steinengletscher_und_Steinlimigletscher-Inlandflüge-LBS_MH01-002446.tif	Commons:WikiProject Aviation/recent uploads/2016 December 22	Jo-Jo Eumerus	2017-05-07T12:02:15Z
2999	ETH-BIB-Wendental,_Wendengletscher,_Fünffingerstöck,_Spannörter_v._S._W._aus_4000_m-Inlandflüge-LBS_MH01-002450.tif	Commons:WikiProject Aviation/recent uploads/2016 December 22	Jo-Jo Eumerus	2017-05-07T12:02:15Z
3000	ETH-BIB-Roter_Nollen,_Planplatten,_Mägisalp,_Rothorn-Inlandflüge-LBS_MH01-002452.tif	Commons:WikiProject Aviation/recent uploads/2016 December 22	Jo-Jo Eumerus	2017-05-07T12:02:15Z
3001	ETH-BIB-Steingletscher,_Sustenspitz,_Stucklistock,_Steinlimi,_Fleckistock,_Meiental,_Tödi_v._W._aus_4100_m-Inlandflüge-LBS_MH01-002445.tif	Commons:WikiProject Aviation/recent uploads/2016 December 22	Jo-Jo Eumerus	2017-05-07T12:02:15Z
3002	ETH-BIB-Sustenpass,_Fünffingerstöck,_Spannort,_Meinetal_v._W._aus_4000_m-Inlandflüge-LBS_MH01-002448.tif	Commons:WikiProject Aviation/recent uploads/2016 December 22	Jo-Jo Eumerus	2017-05-07T12:02:15Z
3003	ETH-BIB-Reissend_Nollen,_Titlis,_Wendengletscher,_Grassen,_Spannörter,_Wichelplanstock_v._W._aus_4000_m-Inlandflüge-LBS_MH01-002451.tif	Commons:WikiProject Aviation/recent uploads/2016 December 22	Jo-Jo Eumerus	2017-05-07T12:02:15Z
3004	ETH-BIB-Hochstollen,_Haupt,_Aa,_Alp_Seefeldalp,_Seefeldalp,_Schinberg,_Hohenstollen_v._N._O.-Inlandflüge-LBS_MH01-002454.tif	Commons:WikiProject Aviation/recent uploads/2016 December 22	Jo-Jo Eumerus	2017-05-07T12:02:15Z
3005	ETH-BIB-Engelberg,_Trüebsee,_Titlis,_Spanörter_v._N._W._aus_4000_m-Inlandflüge-LBS_MH01-002458.tif	Commons:WikiProject Aviation/recent uploads/2016 December 22	Jo-Jo Eumerus	2017-05-07T12:02:15Z
3006	ETH-BIB-Engstlensee,_Reissend,_Nollen,_Titlis,_Spannörter_v._S._aus_4000_m-Inlandflüge-LBS_MH01-002453.tif	Commons:WikiProject Aviation/recent uploads/2016 December 22	Jo-Jo Eumerus	2017-05-07T12:02:15Z
3007	ETH-BIB-Gadmerflue,_Steingletscher,_Tierberge_v._N._W._aus_4000_m-Inlandflüge-LBS_MH01-002455.tif	Commons:WikiProject Aviation/recent uploads/2016 December 22	Jo-Jo Eumerus	2017-05-07T12:02:15Z
3008	ETH-BIB-Walenstöcke,_Spannort,_Uri_Rotstock,_Titlis_v._W._aus_4000_m-Inlandflüge-LBS_MH01-002459.tif	Commons:WikiProject Aviation/recent uploads/2016 December 22	Jo-Jo Eumerus	2017-05-07T12:02:15Z
3009	ETH-BIB-Hochstollen,_Haupt_Seefeldalp,_Brunigshaupt,_Schinberg_v._N._O._aus_4000_m-Inlandflüge-LBS_MH01-002457.tif	Commons:WikiProject Aviation/recent uploads/2016 December 22	Jo-Jo Eumerus	2017-05-07T12:02:15Z
3010	ETH-BIB-Juchlipass,_Engelberg,_Trüebsee,_Uri_Rotstockkette_v._W._aus_4000_m-Inlandflüge-LBS_MH01-002456.tif	Commons:WikiProject Aviation/recent uploads/2016 December 22	Jo-Jo Eumerus	2017-05-07T12:02:15Z
3011	ETH-BIB-Pilatus_v._O._aus_2500_m-Inlandflüge-LBS_MH01-002463.tif	Commons:WikiProject Aviation/recent uploads/2016 December 22	Jo-Jo Eumerus	2017-05-07T12:02:15Z
3012	ETH-BIB-Pilatus_v._S._O._aus_3800_m-Inlandflüge-LBS_MH01-002461.tif	Commons:WikiProject Aviation/recent uploads/2016 December 22	Jo-Jo Eumerus	2017-05-07T12:02:15Z
3013	ETH-BIB-Pilatus_v._S._O._aus_3800_m-Inlandflüge-LBS_MH01-002462.tif	Commons:WikiProject Aviation/recent uploads/2016 December 22	Jo-Jo Eumerus	2017-05-07T12:02:15Z
3014	ETH-BIB-Aarau,_Bahnhof_aus_150_m-Inlandflüge-LBS_MH01-002193.tif	Commons:WikiProject Aviation/recent uploads/2016 December 22	Jo-Jo Eumerus	2017-05-07T12:02:15Z
3015	ETH-BIB-Herzogenbuchsee,_Details_aus_100_m-Inlandflüge-LBS_MH01-002188.tif	Commons:WikiProject Aviation/recent uploads/2016 December 22	Jo-Jo Eumerus	2017-05-07T12:02:15Z
3016	ETH-BIB-Rigi_Kulm_in_der_schräggestellten_Nagelfluh,_Seeboden,_Mythen_v._N._W._aus_2000_m-Inlandflüge-LBS_MH01-002467.tif	Commons:WikiProject Aviation/recent uploads/2016 December 22	Jo-Jo Eumerus	2017-05-07T12:02:15Z
3017	ETH-BIB-Pilatus_v._N._O._aus_2500_m-Inlandflüge-LBS_MH01-002464.tif	Commons:WikiProject Aviation/recent uploads/2016 December 22	Jo-Jo Eumerus	2017-05-07T12:02:15Z
3018	ETH-BIB-Rigi-Kulm,_Scheidegg,_Mythen_v._N._W._aus_2000_m-Inlandflüge-LBS_MH01-002468.tif	Commons:WikiProject Aviation/recent uploads/2016 December 22	Jo-Jo Eumerus	2017-05-07T12:02:15Z
3019	ETH-BIB-Pilatus_v._S._O._aus_3800_m-Inlandflüge-LBS_MH01-002460.tif	Commons:WikiProject Aviation/recent uploads/2016 December 22	Jo-Jo Eumerus	2017-05-07T12:02:15Z
3020	ETH-BIB-Bern,_Bubenbergplatz,_Spitalgasse,_Bahnhofquartier_aus_300_m-Inlandflüge-LBS_MH01-002196.tif	Commons:WikiProject Aviation/recent uploads/2016 December 22	Jo-Jo Eumerus	2017-05-07T12:02:15Z
3021	ETH-BIB-Bern-Altstadt,_Übersicht-Inlandflüge-LBS_MH01-002202.tif	Commons:WikiProject Aviation/recent uploads/2016 December 22	Jo-Jo Eumerus	2017-05-07T12:02:15Z
3022	ETH-BIB-Kreuzberge,_Altmann,_Säntis,_Kreuzegg_v._O._aus_3500_m-Inlandflüge-LBS_MH01-002470.tif	Commons:WikiProject Aviation/recent uploads/2016 December 22	Jo-Jo Eumerus	2017-05-07T12:02:15Z
3023	ETH-BIB-Schwalmis,_Schoneggpass,_Uri_Rotstock_v._W._aus_3500_m-Inlandflüge-LBS_MH01-002465.tif	Commons:WikiProject Aviation/recent uploads/2016 December 22	Jo-Jo Eumerus	2017-05-07T12:02:15Z
3024	ETH-BIB-Bern_von_Westen,_Bundesplatz,_Bundeshaus,_Altstadt_aus_500_m-Inlandflüge-LBS_MH01-002195.tif	Commons:WikiProject Aviation/recent uploads/2016 December 22	Jo-Jo Eumerus	2017-05-07T12:02:15Z
3025	ETH-BIB-Rotsteinpass,_Lisengrat,_Säntis,_Toggenburg_v._O._aus_3500_m-Inlandflüge-LBS_MH01-002473.tif	Commons:WikiProject Aviation/recent uploads/2016 December 22	Jo-Jo Eumerus	2017-05-07T12:02:15Z
3026	ETH-BIB-Rosenalp,_Kreuzberge_v._O._aus_3500_m-Inlandflüge-LBS_MH01-002474.tif	Commons:WikiProject Aviation/recent uploads/2016 December 22	Jo-Jo Eumerus	2017-05-07T12:02:15Z
3027	ETH-BIB-Fischenthal,_Tösstal_v._S._aus_200_m-Inlandflüge-LBS_MH01-002469.tif	Commons:WikiProject Aviation/recent uploads/2016 December 22	Jo-Jo Eumerus	2017-05-07T12:02:15Z
3028	ETH-BIB-Marwees,_Ebenalp,_Weissbad,_Appenzell_v._S._3500_m-Inlandflüge-LBS_MH01-002475.tif	Commons:WikiProject Aviation/recent uploads/2016 December 22	Jo-Jo Eumerus	2017-05-07T12:02:15Z
3029	ETH-BIB-Kreuzberge,_Altmann,_Säntis,_Kreuzegg,_Fählenwände_v._O._aus_3500_m-Inlandflüge-LBS_MH01-002471.tif	Commons:WikiProject Aviation/recent uploads/2016 December 22	Jo-Jo Eumerus	2017-05-07T12:02:15Z
3030	ETH-BIB-Säntis_(Gasthaus,_Observatorium)_u._Kronberg_v._S._O._aus_3500_m-Inlandflüge-LBS_MH01-002472.tif	Commons:WikiProject Aviation/recent uploads/2016 December 22	Jo-Jo Eumerus	2017-05-07T12:02:15Z
3031	ETH-BIB-Bern,_Breitenrain,_Kaserne-Inlandflüge-LBS_MH01-002204.tif	Commons:WikiProject Aviation/recent uploads/2016 December 22	Jo-Jo Eumerus	2017-05-07T12:02:15Z
3032	ETH-BIB-Altmann,_Wil_(SG),_Gräppelensee,_Schafberg_v._N._O._aus_3500_m-Inlandflüge-LBS_MH01-002479.tif	Commons:WikiProject Aviation/recent uploads/2016 December 22	Jo-Jo Eumerus	2017-05-07T12:02:15Z
3033	ETH-BIB-Freiheit,_Hundstein_v._S._aus_3500_m-Inlandflüge-LBS_MH01-002480.tif	Commons:WikiProject Aviation/recent uploads/2016 December 22	Jo-Jo Eumerus	2017-05-07T12:02:15Z
3034	ETH-BIB-Säntis,_Tierwies,_Altmann,_H._Kasten_v._S._W._aus_3500_m-Inlandflüge-LBS_MH01-002478.tif	Commons:WikiProject Aviation/recent uploads/2016 December 22	Jo-Jo Eumerus	2017-05-07T12:02:15Z
3035	ETH-BIB-Zwinglipass,_Altmann,_Säntis_v._O._aus_3500_m-Inlandflüge-LBS_MH01-002485.tif	Commons:WikiProject Aviation/recent uploads/2016 December 22	Jo-Jo Eumerus	2017-05-07T12:02:15Z
3036	ETH-BIB-Säntis,_Girenspitz,_Hoher_Kasten_v._S._W._aus_3500_m-Inlandflüge-LBS_MH01-002477.tif	Commons:WikiProject Aviation/recent uploads/2016 December 22	Jo-Jo Eumerus	2017-05-07T12:02:15Z
3037	ETH-BIB-Kirchberg_an_der_Emme_aus_200_m-Inlandflüge-LBS_MH01-002206.tif	Commons:WikiProject Aviation/recent uploads/2016 December 22	Jo-Jo Eumerus	2017-05-07T12:02:15Z
3038	ETH-BIB-Hochhus,_Marwees,_Ebenalp,_Toggenburg-Inlandflüge-LBS_MH01-002476.tif	Commons:WikiProject Aviation/recent uploads/2016 December 22	Jo-Jo Eumerus	2017-05-07T12:02:15Z
3039	ETH-BIB-Säntis,_Mesmer_v._S._O._aus_3500_m-Inlandflüge-LBS_MH01-002483.tif	Commons:WikiProject Aviation/recent uploads/2016 December 22	Jo-Jo Eumerus	2017-05-07T12:02:15Z
3040	ETH-BIB-Furgglengrat,_Hoher_Kasten,_Rheintal_v._S._W._aus_3500_m-Inlandflüge-LBS_MH01-002481.tif	Commons:WikiProject Aviation/recent uploads/2016 December 22	Jo-Jo Eumerus	2017-05-07T12:02:15Z
3041	ETH-BIB-Urnäsch,_Hundwilerhöhi,_v._S._W._aus_3500_m-Inlandflüge-LBS_MH01-002484.tif	Commons:WikiProject Aviation/recent uploads/2016 December 22	Jo-Jo Eumerus	2017-05-07T12:02:15Z
3042	ETH-BIB-Hoher_Kasten,_Kamor_v._S._W._aus_3500_m-Inlandflüge-LBS_MH01-002488.tif	Commons:WikiProject Aviation/recent uploads/2016 December 22	Jo-Jo Eumerus	2017-05-07T12:02:15Z
3043	ETH-BIB-Saxerlücke,_Säntis,_Toggenburg_v._O._aus_3500_m-Inlandflüge-LBS_MH01-002482.tif	Commons:WikiProject Aviation/recent uploads/2016 December 22	Jo-Jo Eumerus	2017-05-07T12:02:15Z
3044	ETH-BIB-Tierwies,_Chrätzerli,_Kronberg,_Schwägalp_v._S._aus_3500_m-Inlandflüge-LBS_MH01-002489.tif	Commons:WikiProject Aviation/recent uploads/2016 December 22	Jo-Jo Eumerus	2017-05-07T12:02:15Z
3045	ETH-BIB-Bogartenfirst,_Weissbad,_Gais_v._S._3500_m-Inlandflüge-LBS_MH01-002486.tif	Commons:WikiProject Aviation/recent uploads/2016 December 22	Jo-Jo Eumerus	2017-05-07T12:02:15Z
3046	ETH-BIB-Stauberenchanzlen,_Alpsigel,_Wildkirchli,_Solleg_v._S._O._aus_3500_m-Inlandflüge-LBS_MH01-002490.tif	Commons:WikiProject Aviation/recent uploads/2016 December 22	Jo-Jo Eumerus	2017-05-07T12:02:15Z
3047	ETH-BIB-Kreuzberge,_Säntis,_Gulmen,_Toggenburg_v._O._aus_2500_m-Inlandflüge-LBS_MH01-002487.tif	Commons:WikiProject Aviation/recent uploads/2016 December 22	Jo-Jo Eumerus	2017-05-07T12:02:15Z
3048	ETH-BIB-Amboss,_Stauberengrat,_Hochhus,_Hundwilerhöhe_v._S._O._aus_3500_m-Inlandflüge-LBS_MH01-002491.tif	Commons:WikiProject Aviation/recent uploads/2016 December 22	Jo-Jo Eumerus	2017-05-07T12:02:15Z
3049	ETH-BIB-Kamor,_Hoher_Kasten,_Rheintal_v._N._W._aus_3500_m-Inlandflüge-LBS_MH01-002492.tif	Commons:WikiProject Aviation/recent uploads/2016 December 22	Jo-Jo Eumerus	2017-05-07T12:02:15Z
3050	ETH-BIB-Früetobel,_Stralegg,_Warten,_Bärloch,_Hinteres_Tösstal-Inlandflüge-LBS_MH01-002497.tif	Commons:WikiProject Aviation/recent uploads/2016 December 22	Jo-Jo Eumerus	2017-05-07T12:02:15Z
3051	ETH-BIB-Tösstal,_Steg,_Hörnli_v._S._aus_2000_m-Inlandflüge-LBS_MH01-002498.tif	Commons:WikiProject Aviation/recent uploads/2016 December 22	Jo-Jo Eumerus	2017-05-07T12:02:15Z
3052	ETH-BIB-Lauftegg,_Gonten,_Hundwilerhöhe_v._S._W._aus_3500_m-Inlandflüge-LBS_MH01-002493.tif	Commons:WikiProject Aviation/recent uploads/2016 December 22	Jo-Jo Eumerus	2017-05-07T12:02:15Z
3053	ETH-BIB-Gibswil,_Fischenthal,_Bachtelkette_v._S._aus_1200_m-Inlandflüge-LBS_MH01-002495.tif	Commons:WikiProject Aviation/recent uploads/2016 December 22	Jo-Jo Eumerus	2017-05-07T12:02:15Z
3054	ETH-BIB-Linthebene_im_Nebel,_Glarner_Alpen_v._N._aus_2500_m-Inlandflüge-LBS_MH01-002500.tif	Commons:WikiProject Aviation/recent uploads/2016 December 22	Jo-Jo Eumerus	2017-05-07T12:02:15Z
3055	ETH-BIB-Tössstock,_Bachtel_v._O._aus_2000_m-Inlandflüge-LBS_MH01-002496.tif	Commons:WikiProject Aviation/recent uploads/2016 December 22	Jo-Jo Eumerus	2017-05-07T12:02:15Z
3056	ETH-BIB-Warten,_Schnebelhorn,_Roten,_Stralegg_v._S._W._aus_3000_m-Inlandflüge-LBS_MH01-002502.tif	Commons:WikiProject Aviation/recent uploads/2016 December 22	Jo-Jo Eumerus	2017-05-07T12:02:15Z
3057	ETH-BIB-Kronberg,_Gais_v._W._aus_1000_m-Inlandflüge-LBS_MH01-002503.tif	Commons:WikiProject Aviation/recent uploads/2016 December 22	Jo-Jo Eumerus	2017-05-07T12:02:15Z
3058	ETH-BIB-Biel_aus_200_m-Inlandflüge-LBS_MH01-002232.tif	Commons:WikiProject Aviation/recent uploads/2016 December 22	Jo-Jo Eumerus	2017-05-07T12:02:15Z
3059	ETH-BIB-Wald,_Zürcher_Höhenklinik_aus_1500_m-Inlandflüge-LBS_MH01-002505.tif	Commons:WikiProject Aviation/recent uploads/2016 December 22	Jo-Jo Eumerus	2017-05-07T12:02:15Z
3060	ETH-BIB-Kronberg,_Gonten,_Gais,_Stoss_v._W._aus_3000_m-Inlandflüge-LBS_MH01-002504.tif	Commons:WikiProject Aviation/recent uploads/2016 December 22	Jo-Jo Eumerus	2017-05-07T12:02:15Z
3061	ETH-BIB-Zug,_Altstadt-Inlandflüge-LBS_MH01-002230.tif	Commons:WikiProject Aviation/recent uploads/2016 December 22	Jo-Jo Eumerus	2017-05-07T12:02:15Z
3062	ETH-BIB-Bern,_Bärengraben,_Nydeggbrücke-Inlandflüge-LBS_MH01-002234.tif	Commons:WikiProject Aviation/recent uploads/2016 December 22	Jo-Jo Eumerus	2017-05-07T12:02:15Z
3063	ETH-BIB-Biel,_Altstadt,_Neumarktplatz_aus_200_m-Inlandflüge-LBS_MH01-002231.tif	Commons:WikiProject Aviation/recent uploads/2016 December 22	Jo-Jo Eumerus	2017-05-07T12:02:15Z
3064	ETH-BIB-Lisengrat,_Altmann,_Rheintal_v._W._aus_3500_m-Inlandflüge-LBS_MH01-002507.tif	Commons:WikiProject Aviation/recent uploads/2016 December 22	Jo-Jo Eumerus	2017-05-07T12:02:15Z
3065	ETH-BIB-Speicher,_Trogen,_Rehetobel,_wald_v._S._W._aus_3500_m-Inlandflüge-LBS_MH01-002510.tif	Commons:WikiProject Aviation/recent uploads/2016 December 22	Jo-Jo Eumerus	2017-05-07T12:02:15Z
3066	ETH-BIB-Altmann,_Liesengrat,_Rotsteinpass,_Fählensee,_Kreuzberge_v._O._aus_3500_m-Inlandflüge-LBS_MH01-002508.tif	Commons:WikiProject Aviation/recent uploads/2016 December 22	Jo-Jo Eumerus	2017-05-07T12:02:15Z
3067	ETH-BIB-Saxerlücke,_Alpstein,_Toggenburg_v._O._aus_3500_m-Inlandflüge-LBS_MH01-002509.tif	Commons:WikiProject Aviation/recent uploads/2016 December 22	Jo-Jo Eumerus	2017-05-07T12:02:15Z
3068	ETH-BIB-Ebnat,_Ebnat-Kappel_v._W._aus_300_m-Inlandflüge-LBS_MH01-002237.tif	Commons:WikiProject Aviation/recent uploads/2016 December 22	Jo-Jo Eumerus	2017-05-07T12:02:15Z
3069	ETH-BIB-Toggenburg_im_Nebelmeer,_Säntis,_Churfirsten_v._N._aus_3000_m-Inlandflüge-LBS_MH01-002512.tif	Commons:WikiProject Aviation/recent uploads/2016 December 22	Jo-Jo Eumerus	2017-05-07T12:02:15Z
3070	ETH-BIB-Urnäschtal,_Kronberg,_Säntis_v._N._W._aus_3500_m-Inlandflüge-LBS_MH01-002511.tif	Commons:WikiProject Aviation/recent uploads/2016 December 22	Jo-Jo Eumerus	2017-05-07T12:02:15Z
3071	ETH-BIB-Piz_Medel,_Glatscher_da_Medel,_Medelsgletscher_aus_4000_m-Inlandflüge-LBS_MH01-002514.tif	Commons:WikiProject Aviation/recent uploads/2016 December 22	Jo-Jo Eumerus	2017-05-07T12:02:15Z
3072	ETH-BIB-Urnäsch,_Schwägalp,_Säntis_v._N._W._aus_3500_m-Inlandflüge-LBS_MH01-002506.tif	Commons:WikiProject Aviation/recent uploads/2016 December 22	Jo-Jo Eumerus	2017-05-07T12:02:15Z
3073	ETH-BIB-Kronberg,_Säntis,_Rheintal_v._N._W._aus_3200_m-Inlandflüge-LBS_MH01-002515.tif	Commons:WikiProject Aviation/recent uploads/2016 December 22	Jo-Jo Eumerus	2017-05-07T12:02:15Z
3074	ETH-BIB-Hausstock,_Meiergletscher,_Glatscher_da_Mer,_Glärnisch_v._S._O._aus_4000_m-Inlandflüge-LBS_MH01-002518.tif	Commons:WikiProject Aviation/recent uploads/2016 December 22	Jo-Jo Eumerus	2017-05-07T12:02:15Z
3075	ETH-BIB-Claridenhorn,_Tödi,_Bifertenstock_v._N._aus_4000_m-Inlandflüge-LBS_MH01-002517.tif	Commons:WikiProject Aviation/recent uploads/2016 December 22	Jo-Jo Eumerus	2017-05-07T12:02:15Z
3076	ETH-BIB-Piz_Urlaun,_Glatscher_da_Punteglias,_Tödi,_Clariden_v._S._aus_4000_m-Inlandflüge-LBS_MH01-002516.tif	Commons:WikiProject Aviation/recent uploads/2016 December 22	Jo-Jo Eumerus	2017-05-07T12:02:15Z
3077	ETH-BIB-Bächistock,_Ruchen,_Glärnisch_v._S._aus_3500_m-Inlandflüge-LBS_MH01-002519.tif	Commons:WikiProject Aviation/recent uploads/2016 December 22	Jo-Jo Eumerus	2017-05-07T12:02:15Z
3078	ETH-BIB-Muttsee,_Glärnisch,_Ruchen_von_S._aus_4000_m-Inlandflüge-LBS_MH01-002524.tif	Commons:WikiProject Aviation/recent uploads/2016 December 22	Jo-Jo Eumerus	2017-05-07T12:02:15Z
3079	ETH-BIB-Tödi,_Gliemsgletscher_v._S._aus_4000_m-Inlandflüge-LBS_MH01-002522.tif	Commons:WikiProject Aviation/recent uploads/2016 December 22	Jo-Jo Eumerus	2017-05-07T12:02:15Z
3080	ETH-BIB-Muttseealp,_Ortstock,_Bös_Fulen-Inlandflüge-LBS_MH01-002521.tif	Commons:WikiProject Aviation/recent uploads/2016 December 22	Jo-Jo Eumerus	2017-05-07T12:02:15Z
3081	ETH-BIB-Vrenelisgärtli,_Glärnisch,_Steilaufnahme_v._W._aus_3500_m-Inlandflüge-LBS_MH01-002525.tif	Commons:WikiProject Aviation/recent uploads/2016 December 22	Jo-Jo Eumerus	2017-05-07T12:02:15Z
3082	ETH-BIB-Ruchen,_Glärnisch_v._S._3200_m-Inlandflüge-LBS_MH01-002523.tif	Commons:WikiProject Aviation/recent uploads/2016 December 22	Jo-Jo Eumerus	2017-05-07T12:02:15Z
3083	ETH-BIB-Schwyz,_Übersicht_aus_1500_m-Inlandflüge-LBS_MH01-002527.tif	Commons:WikiProject Aviation/recent uploads/2016 December 22	Jo-Jo Eumerus	2017-05-07T12:02:15Z
3084	ETH-BIB-Bös,_Fulen,_Ruchigrat,_Glärnischfirn,_Bächistock-Inlandflüge-LBS_MH01-002259.tif	Commons:WikiProject Aviation/recent uploads/2016 December 22	Jo-Jo Eumerus	2017-05-07T12:02:15Z
3085	ETH-BIB-Hüfifirn,_Schärhorn,_Chammlilücke_v._S._aus_3500_m-Inlandflüge-LBS_MH01-002526.tif	Commons:WikiProject Aviation/recent uploads/2016 December 22	Jo-Jo Eumerus	2017-05-07T12:02:15Z
3086	ETH-BIB-Jagdflugzeug_über_Dübendorf-Inlandflüge-LBS_MH01-002533.tif	Commons:WikiProject Aviation/recent uploads/2016 December 22	Jo-Jo Eumerus	2017-05-07T12:02:15Z
3087	ETH-BIB-Schwyz_aus_600_m-Inlandflüge-LBS_MH01-002530.tif	Commons:WikiProject Aviation/recent uploads/2016 December 22	Jo-Jo Eumerus	2017-05-07T12:02:15Z
3088	ETH-BIB-Zürich-Wipkingen,_Wipkingerplatz,_Hönggerstrasse,_Nordstrasse_300_m-Inlandflüge-LBS_MH01-002536.tif	Commons:WikiProject Aviation/recent uploads/2016 December 22	Jo-Jo Eumerus	2017-05-07T12:02:15Z
3089	ETH-BIB-Oberengstringen_v._S._aus_300_m-Inlandflüge-LBS_MH01-002540.tif	Commons:WikiProject Aviation/recent uploads/2016 December 22	Jo-Jo Eumerus	2017-05-07T12:02:15Z
3090	ETH-BIB-Zürich-Wipkingen,_Lettensteg_aus_150_m-Inlandflüge-LBS_MH01-002535.tif	Commons:WikiProject Aviation/recent uploads/2016 December 22	Jo-Jo Eumerus	2017-05-07T12:02:15Z
3091	ETH-BIB-Zürich,_Milchbuck,_Unterstrass_aus_400_m-Inlandflüge-LBS_MH01-002538.tif	Commons:WikiProject Aviation/recent uploads/2016 December 22	Jo-Jo Eumerus	2017-05-07T12:02:15Z
3092	ETH-BIB-Zürich-Industriequartier_aus_400_m-Inlandflüge-LBS_MH01-002539.tif	Commons:WikiProject Aviation/recent uploads/2016 December 22	Jo-Jo Eumerus	2017-05-07T12:02:15Z
3093	ETH-BIB-Druesberg,_Pragelpass,_Sihltal,_Sihlsee_v._S._aus_3000_m-Inlandflüge-LBS_MH01-002266.tif	Commons:WikiProject Aviation/recent uploads/2016 December 22	Jo-Jo Eumerus	2017-05-07T12:02:15Z
3094	ETH-BIB-Zürich-Wipkingen,_reformierte_Kirche,_SBB-Tunnel-Inlandflüge-LBS_MH01-002537.tif	Commons:WikiProject Aviation/recent uploads/2016 December 22	Jo-Jo Eumerus	2017-05-07T12:02:15Z
3095	ETH-BIB-Dietikon_aus_200_m-Inlandflüge-LBS_MH01-002543.tif	Commons:WikiProject Aviation/recent uploads/2016 December 22	Jo-Jo Eumerus	2017-05-07T12:02:15Z
3096	ETH-BIB-Zürich-Höngg,_Werdinsel_v._W._aus_200_m-Inlandflüge-LBS_MH01-002541.tif	Commons:WikiProject Aviation/recent uploads/2016 December 22	Jo-Jo Eumerus	2017-05-07T12:02:15Z
3097	ETH-BIB-Römerkastell_Irgenhausen_am_Pfäffikersee_aus_200_m-Inlandflüge-LBS_MH01-002547.tif	Commons:WikiProject Aviation/recent uploads/2016 December 22	Jo-Jo Eumerus	2017-05-07T12:02:15Z
3098	ETH-BIB-Juckern,_Blitterswil_(Tösstal)_v._S._aus_1000_m-Inlandflüge-LBS_MH01-002548.tif	Commons:WikiProject Aviation/recent uploads/2016 December 22	Jo-Jo Eumerus	2017-05-07T12:02:15Z
3099	ETH-BIB-Pfäffikon-Inlandflüge-LBS_MH01-002546.tif	Commons:WikiProject Aviation/recent uploads/2016 December 22	Jo-Jo Eumerus	2017-05-07T12:02:15Z
3100	ETH-BIB-Hörnli_v._S._W._aus_1600_m-Inlandflüge-LBS_MH01-002549.tif	Commons:WikiProject Aviation/recent uploads/2016 December 22	Jo-Jo Eumerus	2017-05-07T12:02:15Z
3101	ETH-BIB-Dietfurt_v._S._aus_200_m-Inlandflüge-LBS_MH01-002554.tif	Commons:WikiProject Aviation/recent uploads/2016 December 22	Jo-Jo Eumerus	2017-05-07T12:02:15Z
3102	ETH-BIB-Hörnli_v._S._aus_1600_m-Inlandflüge-LBS_MH01-002552.tif	Commons:WikiProject Aviation/recent uploads/2016 December 22	Jo-Jo Eumerus	2017-05-07T12:02:15Z
3103	ETH-BIB-Herisau,_Wilen,_Appreturen_aus_200_m-Inlandflüge-LBS_MH01-002563-AL.tif	Commons:WikiProject Aviation/recent uploads/2016 December 22	Jo-Jo Eumerus	2017-05-07T12:02:15Z
3104	ETH-BIB-Mogelsberg,_Necker_v._S._aus_1600_m-Inlandflüge-LBS_MH01-002559.tif	Commons:WikiProject Aviation/recent uploads/2016 December 22	Jo-Jo Eumerus	2017-05-07T12:02:15Z
3105	ETH-BIB-Schönengrund_aus_100_m-Inlandflüge-LBS_MH01-002560.tif	Commons:WikiProject Aviation/recent uploads/2016 December 22	Jo-Jo Eumerus	2017-05-07T12:02:15Z
3106	ETH-BIB-Dietfurt,_Bütschwil,_Soorze_v._S._aus_100_m-Inlandflüge-LBS_MH01-002556.tif	Commons:WikiProject Aviation/recent uploads/2016 December 22	Jo-Jo Eumerus	2017-05-07T12:02:15Z
3107	ETH-BIB-Oberhelfenschwil_v._S._aus_300_m-Inlandflüge-LBS_MH01-002558.tif	Commons:WikiProject Aviation/recent uploads/2016 December 22	Jo-Jo Eumerus	2017-05-07T12:02:15Z
3108	ETH-BIB-Herisau,_Säge_aus_200_m-Inlandflüge-LBS_MH01-002564.tif	Commons:WikiProject Aviation/recent uploads/2016 December 22	Jo-Jo Eumerus	2017-05-07T12:02:15Z
3109	ETH-BIB-Sitz_Hochhwacht,_Eisenbahn-Viadukt_der_Bodensee_Toggenburg_Bahn-Inlandflüge-LBS_MH01-002561.tif	Commons:WikiProject Aviation/recent uploads/2016 December 22	Jo-Jo Eumerus	2017-05-07T12:02:15Z
3110	ETH-BIB-Herisau,_Zentrum_aus_300_m-Inlandflüge-LBS_MH01-002569-AL.tif	Commons:WikiProject Aviation/recent uploads/2016 December 22	Jo-Jo Eumerus	2017-05-07T12:02:15Z
3111	ETH-BIB-Herisau,_Übersicht_v._S._W._aus_500_m-Inlandflüge-LBS_MH01-002570.tif	Commons:WikiProject Aviation/recent uploads/2016 December 22	Jo-Jo Eumerus	2017-05-07T12:02:15Z
3112	ETH-BIB-Churfirsten_von_Westen,_Zuestoll,_Chäserrugg,_Alvier,_Schesaplana_v._N._W._aus_2400_m-Inlandflüge-LBS_MH01-002304.tif	Commons:WikiProject Aviation/recent uploads/2016 December 22	Jo-Jo Eumerus	2017-05-07T12:02:15Z
3113	ETH-BIB-Herisau_v._W._aus_300_m-Inlandflüge-LBS_MH01-002566.tif	Commons:WikiProject Aviation/recent uploads/2016 December 22	Jo-Jo Eumerus	2017-05-07T12:02:15Z
3114	ETH-BIB-Herisau,_Säge_aus_200_m-Inlandflüge-LBS_MH01-002573.tif	Commons:WikiProject Aviation/recent uploads/2016 December 22	Jo-Jo Eumerus	2017-05-07T12:02:15Z
3115	ETH-BIB-Herisau,_Wilen_aus_200_m-Inlandflüge-LBS_MH01-002571.tif	Commons:WikiProject Aviation/recent uploads/2016 December 22	Jo-Jo Eumerus	2017-05-07T12:02:15Z
3116	ETH-BIB-Herisau,_Wilen_aus_200_m-Inlandflüge-LBS_MH01-002574.tif	Commons:WikiProject Aviation/recent uploads/2016 December 22	Jo-Jo Eumerus	2017-05-07T12:02:15Z
3117	ETH-BIB-Philosophental,_Freudental,_St._Gallen_aus_600_m-Inlandflüge-LBS_MH01-002577.tif	Commons:WikiProject Aviation/recent uploads/2016 December 22	Jo-Jo Eumerus	2017-05-07T12:02:15Z
3118	ETH-BIB-St._Gallen-St._Georgen,_Heiligkreuz_aus_300_m-Inlandflüge-LBS_MH01-002579.tif	Commons:WikiProject Aviation/recent uploads/2016 December 22	Jo-Jo Eumerus	2017-05-07T12:02:15Z
3119	ETH-BIB-Schönenwerd_aus_200_m-Inlandflüge-LBS_MH01-002316.tif	Commons:WikiProject Aviation/recent uploads/2016 December 22	Jo-Jo Eumerus	2017-05-07T12:02:15Z
3120	ETH-BIB-Uzwil,_Niederuzwil_v._S._aus_300_m-Inlandflüge-LBS_MH01-002583.tif	Commons:WikiProject Aviation/recent uploads/2016 December 22	Jo-Jo Eumerus	2017-05-07T12:02:15Z
3121	ETH-BIB-Zürich,_Zürichberg,_Güterbahnhof_aus_300_m-Inlandflüge-LBS_MH01-002589.tif	Commons:WikiProject Aviation/recent uploads/2016 December 22	Jo-Jo Eumerus	2017-05-07T12:02:15Z
3122	ETH-BIB-Dübendorf-Inlandflüge-LBS_MH01-002587.tif	Commons:WikiProject Aviation/recent uploads/2016 December 22	Jo-Jo Eumerus	2017-05-07T12:02:15Z
3123	ETH-BIB-Zürich,_Übersicht,_Pfannenstiel_aus_300_m-Inlandflüge-LBS_MH01-002588.tif	Commons:WikiProject Aviation/recent uploads/2016 December 22	Jo-Jo Eumerus	2017-05-07T12:02:15Z
3124	ETH-BIB-Bassersdorf,_Nürensdorf-Inlandflüge-LBS_MH01-002592.tif	Commons:WikiProject Aviation/recent uploads/2016 December 22	Jo-Jo Eumerus	2017-05-07T12:02:15Z
3125	ETH-BIB-Fislisbach_aus_300m-Inlandflüge-LBS_MH01-002594.tif	Commons:WikiProject Aviation/recent uploads/2016 December 22	Jo-Jo Eumerus	2017-05-07T12:02:15Z
3126	ETH-BIB-Bassersdorf_aus_200_m-Inlandflüge-LBS_MH01-002591-AL.tif	Commons:WikiProject Aviation/recent uploads/2016 December 22	Jo-Jo Eumerus	2017-05-07T12:02:15Z
3127	ETH-BIB-Niederrohrdorf,_Staretschwil_aus_300_m-Inlandflüge-LBS_MH01-002598.tif	Commons:WikiProject Aviation/recent uploads/2016 December 22	Jo-Jo Eumerus	2017-05-07T12:02:15Z
3128	ETH-BIB-Burgdorf,_Schloss_aus_100_m-Inlandflüge-LBS_MH01-002600.tif	Commons:WikiProject Aviation/recent uploads/2016 December 22	Jo-Jo Eumerus	2017-05-07T12:02:15Z
3129	ETH-BIB-Fislisbach_aus_300_m-Inlandflüge-LBS_MH01-002596.tif	Commons:WikiProject Aviation/recent uploads/2016 December 22	Jo-Jo Eumerus	2017-05-07T12:02:15Z
3130	ETH-BIB-Utzenstorf_aus_200_m-Inlandflüge-LBS_MH01-002602.tif	Commons:WikiProject Aviation/recent uploads/2016 December 22	Jo-Jo Eumerus	2017-05-07T12:02:15Z
3131	ETH-BIB-Utzenstorf_aus_200_m-Inlandflüge-LBS_MH01-002603.tif	Commons:WikiProject Aviation/recent uploads/2016 December 22	Jo-Jo Eumerus	2017-05-07T12:02:15Z
3132	ETH-BIB-Bern-Weissenbühl-Inlandflüge-LBS_MH01-002604.tif	Commons:WikiProject Aviation/recent uploads/2016 December 22	Jo-Jo Eumerus	2017-05-07T12:02:15Z
3133	ETH-BIB-Burgdorf,_Bahnhofquartier-Inlandflüge-LBS_MH01-002605.tif	Commons:WikiProject Aviation/recent uploads/2016 December 22	Jo-Jo Eumerus	2017-05-07T12:02:15Z
3134	ETH-BIB-Hochdorf-Inlandflüge-LBS_MH01-002344.tif	Commons:WikiProject Aviation/recent uploads/2016 December 22	Jo-Jo Eumerus	2017-05-07T12:02:15Z
3135	ETH-BIB-Elgg-Inlandflüge-LBS_MH01-002609.tif	Commons:WikiProject Aviation/recent uploads/2016 December 22	Jo-Jo Eumerus	2017-05-07T12:02:15Z
3136	ETH-BIB-Fehraltorf-Inlandflüge-LBS_MH01-002612.tif	Commons:WikiProject Aviation/recent uploads/2016 December 22	Jo-Jo Eumerus	2017-05-07T12:02:15Z
3137	ETH-BIB-Wiesendangen_v._S._aus_300_m-Inlandflüge-LBS_MH01-002614.tif	Commons:WikiProject Aviation/recent uploads/2016 December 22	Jo-Jo Eumerus	2017-05-07T12:02:15Z
3138	ETH-BIB-Niederurnen_aus_800_m-Inlandflüge-LBS_MH01-002346.tif	Commons:WikiProject Aviation/recent uploads/2016 December 22	Jo-Jo Eumerus	2017-05-07T12:02:15Z
3139	ETH-BIB-Illnau_v._S.-Inlandflüge-LBS_MH01-002619.tif	Commons:WikiProject Aviation/recent uploads/2016 December 22	Jo-Jo Eumerus	2017-05-07T12:02:15Z
3140	ETH-BIB-Weisslingen-Inlandflüge-LBS_MH01-002616.tif	Commons:WikiProject Aviation/recent uploads/2016 December 22	Jo-Jo Eumerus	2017-05-07T12:02:15Z
3141	ETH-BIB-Turbenthal_aus_300_m-Inlandflüge-LBS_MH01-002620.tif	Commons:WikiProject Aviation/recent uploads/2016 December 22	Jo-Jo Eumerus	2017-05-07T12:02:15Z
3142	ETH-BIB-Gutenswil_v._S._aus_300_m-Inlandflüge-LBS_MH01-002625.tif	Commons:WikiProject Aviation/recent uploads/2016 December 22	Jo-Jo Eumerus	2017-05-07T12:02:15Z
3143	ETH-BIB-Wila_(Tösstal)-Inlandflüge-LBS_MH01-002622.tif	Commons:WikiProject Aviation/recent uploads/2016 December 22	Jo-Jo Eumerus	2017-05-07T12:02:15Z
3144	ETH-BIB-Oberwinterthur-Inlandflüge-LBS_MH01-002630.tif	Commons:WikiProject Aviation/recent uploads/2016 December 22	Jo-Jo Eumerus	2017-05-07T12:02:15Z
3145	ETH-BIB-Wildberg,_Tösstal_aus_300_m-Inlandflüge-LBS_MH01-002628.tif	Commons:WikiProject Aviation/recent uploads/2016 December 22	Jo-Jo Eumerus	2017-05-07T12:02:15Z
3146	ETH-BIB-Volketswil-Inlandflüge-LBS_MH01-002624.tif	Commons:WikiProject Aviation/recent uploads/2016 December 22	Jo-Jo Eumerus	2017-05-07T12:02:15Z
3147	ETH-BIB-Russikon_aus_200_m-Inlandflüge-LBS_MH01-002631.tif	Commons:WikiProject Aviation/recent uploads/2016 December 22	Jo-Jo Eumerus	2017-05-07T12:02:15Z
3148	ETH-BIB-Weisslingen-Inlandflüge-LBS_MH01-002632.tif	Commons:WikiProject Aviation/recent uploads/2016 December 22	Jo-Jo Eumerus	2017-05-07T12:02:15Z
3149	ETH-BIB-Geissberg,_Villigen,_Beznau_aus_800_m-Inlandflüge-LBS_MH01-002635.tif	Commons:WikiProject Aviation/recent uploads/2016 December 22	Jo-Jo Eumerus	2017-05-07T12:02:15Z
3150	ETH-BIB-Barmelweid,_Kinik_Barmelweid,_Geissflue,_Kienberg,_Wölflinswil_v._S._aus_1500_m-Inlandflüge-LBS_MH01-002634.tif	Commons:WikiProject Aviation/recent uploads/2016 December 22	Jo-Jo Eumerus	2017-05-07T12:02:15Z
3151	ETH-BIB-Oftringen,_Walterswil,_Safenwil_aus_700_m-Inlandflüge-LBS_MH01-002636.tif	Commons:WikiProject Aviation/recent uploads/2016 December 22	Jo-Jo Eumerus	2017-05-07T12:02:15Z
3152	ETH-BIB-Rupperswil,_Aare_aus_800_m-Inlandflüge-LBS_MH01-002638.tif	Commons:WikiProject Aviation/recent uploads/2016 December 22	Jo-Jo Eumerus	2017-05-07T12:02:15Z
3153	ETH-BIB-Döttingen,_Klingnau,_Aarelauf_aus_800_m-Inlandflüge-LBS_MH01-002645.tif	Commons:WikiProject Aviation/recent uploads/2016 December 22	Jo-Jo Eumerus	2017-05-07T12:02:15Z
3154	ETH-BIB-Kaisten,_Laufenburg-Inlandflüge-LBS_MH01-002644.tif	Commons:WikiProject Aviation/recent uploads/2016 December 22	Jo-Jo Eumerus	2017-05-07T12:02:15Z
3155	ETH-BIB-Niedererlinsbach,_Obererlinsbach,_Erlinsbach,_Küttigen_v._S._W.-Inlandflüge-LBS_MH01-002649.tif	Commons:WikiProject Aviation/recent uploads/2016 December 22	Jo-Jo Eumerus	2017-05-07T12:02:15Z
3156	ETH-BIB-Tegerfelden_mit_Surbtal_aus_600_m-Inlandflüge-LBS_MH01-002646.tif	Commons:WikiProject Aviation/recent uploads/2016 December 22	Jo-Jo Eumerus	2017-05-07T12:02:15Z
3157	ETH-BIB-Lupfig,_Birr_aus_700_m-Inlandflüge-LBS_MH01-002653.tif	Commons:WikiProject Aviation/recent uploads/2016 December 22	Jo-Jo Eumerus	2017-05-07T12:02:15Z
3158	ETH-BIB-Windisch,_Gebensdorf,_Turgi,_Limmat-Reuss-Mündung-Inlandflüge-LBS_MH01-002651.tif	Commons:WikiProject Aviation/recent uploads/2016 December 22	Jo-Jo Eumerus	2017-05-07T12:02:15Z
3159	ETH-BIB-Chornberg,_Gipf-Oberfrick,_Frick,_Frickberg_v._S._aus_800_m-Inlandflüge-LBS_MH01-002654.tif	Commons:WikiProject Aviation/recent uploads/2016 December 22	Jo-Jo Eumerus	2017-05-07T12:02:15Z
3160	ETH-BIB-Aarau,_Übersicht,_Schachen_v._S._W._aus_700_m-Inlandflüge-LBS_MH01-002658.tif	Commons:WikiProject Aviation/recent uploads/2016 December 22	Jo-Jo Eumerus	2017-05-07T12:02:15Z
3161	ETH-BIB-Stein,_Lägeren,_Wehntal_v._W._aus_600_m-Inlandflüge-LBS_MH01-002656.tif	Commons:WikiProject Aviation/recent uploads/2016 December 22	Jo-Jo Eumerus	2017-05-07T12:02:15Z
3162	ETH-BIB-Aarau,_Übersicht,_Hungerberg,_Schachen_v._S._W._aus_600_m-Inlandflüge-LBS_MH01-002657.tif	Commons:WikiProject Aviation/recent uploads/2016 December 22	Jo-Jo Eumerus	2017-05-07T12:02:15Z
3163	ETH-BIB-Kienberg,_Anwil_ob_Frickental_v._S._aus_700_m-Inlandflüge-LBS_MH01-002661.tif	Commons:WikiProject Aviation/recent uploads/2016 December 22	Jo-Jo Eumerus	2017-05-07T12:02:15Z
3164	ETH-BIB-Oberehrendingen,_Stein,_Oberwehningen,_Wehntal_v._S._W.-Inlandflüge-LBS_MH01-002663.tif	Commons:WikiProject Aviation/recent uploads/2016 December 22	Jo-Jo Eumerus	2017-05-07T12:02:15Z
3165	ETH-BIB-Trockental_von_Dussnang-Bichelsee-Turbental_im_nördlichen_Teil_des_Tössberglandes,_Vogelsang,_Schauenberg,_Bichelsee_aus_1200_m-Inlandflüge-LBS_MH01-002669.tif	Commons:WikiProject Aviation/recent uploads/2016 December 22	Jo-Jo Eumerus	2017-05-07T12:02:15Z
3166	ETH-BIB-Zürich,_Escher-Wyss-Platz,_Shilquai,_Wipkingen_aus_300_m-Inlandflüge-LBS_MH01-002665.tif	Commons:WikiProject Aviation/recent uploads/2016 December 22	Jo-Jo Eumerus	2017-05-07T12:02:15Z
3167	ETH-BIB-Wil_(SG),_Altstadt_aus_200_m-Inlandflüge-LBS_MH01-002667.tif	Commons:WikiProject Aviation/recent uploads/2016 December 22	Jo-Jo Eumerus	2017-05-07T12:02:15Z
3168	ETH-BIB-Wil_(SG),_Übersicht,_westliches_Quartier_aus_700_m-Inlandflüge-LBS_MH01-002668.tif	Commons:WikiProject Aviation/recent uploads/2016 December 22	Jo-Jo Eumerus	2017-05-07T12:02:15Z
3169	ETH-BIB-St._Margrethen,_Detail-Inlandflüge-LBS_MH01-002674.tif	Commons:WikiProject Aviation/recent uploads/2016 December 22	Jo-Jo Eumerus	2017-05-07T12:02:15Z
3170	ETH-BIB-Turbenthal,_Hutzikon_aus_400_m-Inlandflüge-LBS_MH01-002675.tif	Commons:WikiProject Aviation/recent uploads/2016 December 22	Jo-Jo Eumerus	2017-05-07T12:02:15Z
3171	ETH-BIB-Turbenthal,_Kurhaus_Gyrenbad_aus_1000_m-Inlandflüge-LBS_MH01-002672.tif	Commons:WikiProject Aviation/recent uploads/2016 December 22	Jo-Jo Eumerus	2017-05-07T12:02:15Z
3172	ETH-BIB-St._Margrethen,_Detail-Inlandflüge-LBS_MH01-002673.tif	Commons:WikiProject Aviation/recent uploads/2016 December 22	Jo-Jo Eumerus	2017-05-07T12:02:15Z
3173	ETH-BIB-Kyburg,_Schloss,_Tösstal,_Gamser-Inlandflüge-LBS_MH01-002679.tif	Commons:WikiProject Aviation/recent uploads/2016 December 22	Jo-Jo Eumerus	2017-05-07T12:02:15Z
3174	ETH-BIB-Thayngen,_Hohenstoffel,_Hohenkrähen,_Mägdeberg,_Herblingen-Inlandflüge-LBS_MH01-002680.tif	Commons:WikiProject Aviation/recent uploads/2016 December 22	Jo-Jo Eumerus	2017-05-07T12:02:15Z
3175	ETH-BIB-Zuzwil_(SG)_aus_300_m-Inlandflüge-LBS_MH01-002676.tif	Commons:WikiProject Aviation/recent uploads/2016 December 22	Jo-Jo Eumerus	2017-05-07T12:02:15Z
3176	ETH-BIB-Montana,_Vermala_(Hotelquartier)_aus_500_m-Inlandflüge-LBS_MH01-002140.tif	Commons:WikiProject Aviation/recent uploads/2016 December 22	Jo-Jo Eumerus	2017-05-07T12:02:15Z
3177	ETH-BIB-Neuhausen,_Rheinfall,_Laufen_aus_300_m-Inlandflüge-LBS_MH01-002683.tif	Commons:WikiProject Aviation/recent uploads/2016 December 22	Jo-Jo Eumerus	2017-05-07T12:02:15Z
3178	ETH-BIB-Schaffhausen,_Eisenwerke_aus_500_m-Inlandflüge-LBS_MH01-002682.tif	Commons:WikiProject Aviation/recent uploads/2016 December 22	Jo-Jo Eumerus	2017-05-07T12:02:15Z
3179	ETH-BIB-Buch_(SH),_Gottmadingen_(Baden),_Hofenacker,_Hohenstoffel_v._S._aus_600_m-Inlandflüge-LBS_MH01-002681.tif	Commons:WikiProject Aviation/recent uploads/2016 December 22	Jo-Jo Eumerus	2017-05-07T12:02:15Z
3180	ETH-BIB-Rheineck_aus_400_m-Inlandflüge-LBS_MH01-002686.tif	Commons:WikiProject Aviation/recent uploads/2016 December 22	Jo-Jo Eumerus	2017-05-07T12:02:15Z
3181	ETH-BIB-Grub,_Rorschacherberg,_Eggersriet_aus_500_m-Inlandflüge-LBS_MH01-002689.tif	Commons:WikiProject Aviation/recent uploads/2016 December 22	Jo-Jo Eumerus	2017-05-07T12:02:15Z
3182	ETH-BIB-Au-Bahnhof,_Ausee,_Meilibach,_Horgen_aus_100_m-Inlandflüge-LBS_MH01-002690.tif	Commons:WikiProject Aviation/recent uploads/2016 December 22	Jo-Jo Eumerus	2017-05-07T12:02:15Z
3183	ETH-BIB-Rheinspitz,_Altenrhein_v._S._aus_300_m-Inlandflüge-LBS_MH01-002694.tif	Commons:WikiProject Aviation/recent uploads/2016 December 22	Jo-Jo Eumerus	2017-05-07T12:02:15Z
3184	ETH-BIB-Rorschacherberg,_Rorschach_aus_700_m-Inlandflüge-LBS_MH01-002692.tif	Commons:WikiProject Aviation/recent uploads/2016 December 22	Jo-Jo Eumerus	2017-05-07T12:02:15Z
3185	ETH-BIB-Rheinspitz,_Altenrhein_v._S._aus_300_m-Inlandflüge-LBS_MH01-002695.tif	Commons:WikiProject Aviation/recent uploads/2016 December 22	Jo-Jo Eumerus	2017-05-07T12:02:15Z
3186	ETH-BIB-Thal,_Steinerner_Tisch_aus_500_m-Inlandflüge-LBS_MH01-002691.tif	Commons:WikiProject Aviation/recent uploads/2016 December 22	Jo-Jo Eumerus	2017-05-07T12:02:15Z
3187	ETH-BIB-Rossbüchel,_Rorschacherberg,_Staad_aus_700_m-Inlandflüge-LBS_MH01-002693.tif	Commons:WikiProject Aviation/recent uploads/2016 December 22	Jo-Jo Eumerus	2017-05-07T12:02:15Z
3188	ETH-BIB-Rorschach,_Übersicht-Inlandflüge-LBS_MH01-002697.tif	Commons:WikiProject Aviation/recent uploads/2016 December 22	Jo-Jo Eumerus	2017-05-07T12:02:15Z
3189	ETH-BIB-Galenstock,_Rhônegletscher,_Tiefenstock,_Dammastock_v._S._W._aus_3800_m-Inlandflüge-LBS_MH01-002426.tif	Commons:WikiProject Aviation/recent uploads/2016 December 22	Jo-Jo Eumerus	2017-05-07T12:02:15Z
3190	ETH-BIB-Heiden_aus_300_m-Inlandflüge-LBS_MH01-002700.tif	Commons:WikiProject Aviation/recent uploads/2016 December 22	Jo-Jo Eumerus	2017-05-07T12:02:15Z
3191	ETH-BIB-Amden,_Mattstock,_Hintere_Höhi_v._S._aus_1800_m-Inlandflüge-LBS_MH01-002302.tif	Commons:WikiProject Aviation/recent uploads/2016 December 22	Jo-Jo Eumerus	2017-05-07T12:02:15Z
3192	ETH-BIB-Afrikanischer_Strauss-Kilimanjaroflug_1929-30-LBS_MH02-07-0352.tif	User:DrTrigon/logs/eth-bib	DrTrigon	2016-08-05T01:39:38Z
3193	ETH-BIB-Afrikanischer_Strauss-Kilimanjaroflug_1929-30-LBS_MH02-07-0352.tif	Commons:WikiProject Aviation/recent uploads/2016 June 21	Uli Elch	2017-03-16T12:36:04Z
3194	ETH-BIB--Persienflug_1924-1925-.tif	User:DrTrigon/logs/ETH-Bib/01	DrTrigon	2016-07-08T19:32:12Z
3195	ETH-BIB--Persienflug_1924-1925-.tif	User:DrTrigon/logs/eth-bib	DrTrigon	2016-08-05T01:39:38Z
3196	ETH-BIB-Chrüzegg,_Tweralpspitz,_Toggenburg,_Säntis_v._W._aus_3500_m-Inlandflüge-LBS_MH01-002494.tif	Commons:WikiProject Aviation/recent uploads/2016 December 22	Jo-Jo Eumerus	2017-05-07T12:02:15Z
3197	ETH-BIB-Chrüzegg,_Hintergoldingen,_Toggenburg_v._W._aus_2000_m-Inlandflüge-LBS_MH01-002501.tif	Commons:WikiProject Aviation/recent uploads/2016 December 22	Jo-Jo Eumerus	2017-05-07T12:02:15Z
3198	ETH-BIB-Barbiere_in_Bagdad-Persienflug_1924-1925-LBS_MH02-02-0102-AL-FL.tif	User:DrTrigon/logs/eth-bib	DrTrigon	2016-08-05T01:39:38Z
3199	ETH-BIB-Maude-Brücke_über_den_Tigris,_Bagdad-Persienflug_1924-1925-LBS_MH02-02-0048-AL-FL.tif	User:DrTrigon/logs/eth-bib	DrTrigon	2016-08-05T01:39:38Z
3200	ETH-BIB-An_den_Ufern_des_Tigris_(Bagdad)-Persienflug_1924-1925-LBS_MH02-02-0040-AL-FL.tif	User:DrTrigon/logs/eth-bib	DrTrigon	2016-08-05T01:39:38Z
3201	ETH-BIB-An_den_Ufern_des_Tigris_(Bagdad)-Persienflug_1924-1925-LBS_MH02-02-0041-AL-FL.tif	User:DrTrigon/logs/eth-bib	DrTrigon	2016-08-05T01:39:38Z
3202	ETH-BIB-Barbiere_in_Bagdad-Persienflug_1924-1925-LBS_MH02-02-0103-AL-FL.tif	User:DrTrigon/logs/eth-bib	DrTrigon	2016-08-05T01:39:38Z
3204	ETH-BIB-Hafen_von_Buschehr-Persienflug_1924-1925-LBS_MH02-02-0209-AL-FL.tif	User:DrTrigon/logs/eth-bib	DrTrigon	2016-08-05T01:39:38Z
3205	ETH-BIB-Hafen_von_Buschehr-Persienflug_1924-1925-LBS_MH02-02-0212-AL-FL.tif	User:DrTrigon/logs/eth-bib	DrTrigon	2016-08-05T01:39:38Z
3206	ETH-BIB-Persische_Karawane-Persienflug_1924-1925-LBS_MH02-02-0105-AL-FL.tif	User:DrTrigon/logs/eth-bib	DrTrigon	2016-08-05T01:39:38Z
3207	ETH-BIB-Fischertypen_von_Enzeli_-Bandar_Anzali--Persienflug_1924-1925-LBS_MH02-02-0126-AL-FL.tif	User:DrTrigon/logs/eth-bib	DrTrigon	2016-08-05T01:39:38Z
3208	ETH-BIB-Enzeli_-Bandar_Anzali--Persienflug_1924-1925-LBS_MH02-02-0246-AL-FL.tif	User:DrTrigon/logs/eth-bib	DrTrigon	2016-08-05T01:39:38Z
3209	ETH-BIB-Arabertypen_bei_Kharata_-_Junkers_A_20-Persienflug_1924-1925-LBS_MH02-02-0017-AL-FL.tif	User:DrTrigon/logs/eth-bib	DrTrigon	2016-08-05T01:39:38Z
3210	ETH-BIB-Arabertypen_bei_Kharata_-_Junkers_A_20-Persienflug_1924-1925-LBS_MH02-02-0017-AL-FL.tif	User:Schmelzle/NewFiles/2016 May 21-31	INeverCry	2016-11-24T05:26:04Z
3211	ETH-BIB-Arabertypen_bei_Kharata_-_Junkers_A_20-Persienflug_1924-1925-LBS_MH02-02-0017-AL-FL.tif	User:Zwiadowca21/NewFiles/2016 May 21-31	JuTa	2016-12-11T22:13:15Z
3212	ETH-BIB-Hafen_von_Smyrna-Persienflug_1924-1925-LBS_MH02-02-0007-AL-FL.tif	User:DrTrigon/logs/eth-bib	DrTrigon	2016-08-05T01:39:38Z
3213	ETH-BIB-Arabertypen-Persienflug_1924-1925-LBS_MH02-02-0016-AL-FL.tif	User:DrTrigon/logs/ETH-Bib/01	DrTrigon	2016-07-08T19:32:12Z
3214	ETH-BIB-Arabertypen-Persienflug_1924-1925-LBS_MH02-02-0016-AL-FL.tif	User:DrTrigon/logs/eth-bib	DrTrigon	2016-08-05T01:39:38Z
3215	ETH-BIB-Teheran_(Verkaufsläden_an_der_Hauptstrasse)-Persienflug_1924-1925-LBS_MH02-02-0106-AL-FL.tif	User:DrTrigon/logs/eth-bib	DrTrigon	2016-08-05T01:39:38Z
3216	ETH-BIB-Arabertypen_(Notlandung_bei_Kharaba,_Aleppo)-Persienflug_1924-1925-LBS_MH02-02-0225-AL-FL.tif	User:DrTrigon/logs/eth-bib	DrTrigon	2016-08-05T01:39:38Z
3217	ETH-BIB-Karawanenführer-Persienflug_1924-1925-LBS_MH02-02-0100-AL-FL.tif	User:DrTrigon/logs/eth-bib	DrTrigon	2016-08-05T01:39:38Z
3218	ETH-BIB-Buschehr_-_Netzflicker-Persienflug_1924-1925-LBS_MH02-02-0215-AL-FL.tif	User:DrTrigon/logs/eth-bib	DrTrigon	2016-08-05T01:39:38Z
3219	ETH-BIB-Armenierfriedhof_in_-Neu-_Julfa_oberhalb_Isfahan-Persienflug_1924-1925-LBS_MH02-02-0229-AL-FL.tif	User:DrTrigon/logs/eth-bib	DrTrigon	2016-08-05T01:39:38Z
3220	ETH-BIB-Armenierfriedhof_in_-Neu-_Julfa_oberhalb_Isfahan-Persienflug_1924-1925-LBS_MH02-02-0229-AL-FL.tif	User:Kareyac/Armenia/2016 May 21-31	CommonsDelinker	2016-07-11T10:26:32Z
3221	ETH-BIB-Araberscheich_mit_Kamelkarawane-Persienflug_1924-1925-LBS_MH02-02-0044-AL-FL.tif	User:DrTrigon/logs/eth-bib	DrTrigon	2016-08-05T01:39:38Z
3222	ETH-BIB-Kamelkarawane_bei_Chanikin_-Chanaqin--Persienflug_1924-1925-LBS_MH02-02-0045-AL-FL.tif	User:DrTrigon/logs/eth-bib	DrTrigon	2016-08-05T01:39:38Z
3223	ETH-BIB-Arabertypen_Bagdad-Persienflug_1924-1925-LBS_MH02-02-0046-AL-FL.tif	User:DrTrigon/logs/ETH-Bib/01	DrTrigon	2016-07-08T19:32:12Z
3224	ETH-BIB-Arabertypen_Bagdad-Persienflug_1924-1925-LBS_MH02-02-0046-AL-FL.tif	User:DrTrigon/logs/eth-bib	DrTrigon	2016-08-05T01:39:38Z
3225	ETH-BIB-Bruchreparatur_A-20_am_Boden_in_Damsobad-Persienflug_1924-1925-LBS_MH02-02-0070-AL-FL.tif	User:DrTrigon/logs/eth-bib	DrTrigon	2016-08-05T01:39:38Z
3226	ETH-BIB-Eingang_zum_grossen_Bazar-Persienflug_1924-1925-LBS_MH02-02-0097-AL-FL.tif	User:DrTrigon/logs/eth-bib	DrTrigon	2016-08-05T01:39:38Z
3227	ETH-BIB-Buschehr_-_Fischermädchen-Persienflug_1924-1925-LBS_MH02-02-0216-AL-FL.tif	User:DrTrigon/logs/eth-bib	DrTrigon	2016-08-05T01:39:38Z
3228	ETH-BIB-Strassenhändler_am_Tigris-Persienflug_1924-1925-LBS_MH02-02-0049-AL-FL.tif	User:DrTrigon/logs/eth-bib	DrTrigon	2016-08-05T01:39:38Z
3229	ETH-BIB-Hafen_von_Buschehr-Persienflug_1924-1925-LBS_MH02-02-0213-AL-FL.tif	User:DrTrigon/logs/eth-bib	DrTrigon	2016-08-05T01:39:38Z
3230	ETH-BIB-Hafen_von_Buschehr-Persienflug_1924-1925-LBS_MH02-02-0214-AL-FL.tif	User:DrTrigon/logs/eth-bib	DrTrigon	2016-08-05T01:39:38Z
3231	ETH-BIB-Hafen_von_Buschehr-Persienflug_1924-1925-LBS_MH02-02-0211-AL-FL.tif	User:DrTrigon/logs/eth-bib	DrTrigon	2016-08-05T01:39:38Z
3232	ETH-BIB-Hafen_von_Buschehr-Persienflug_1924-1925-LBS_MH02-02-0210-AL-FL.tif	User:DrTrigon/logs/eth-bib	DrTrigon	2016-08-05T01:39:38Z
3233	ETH-BIB-Hafen_von_Buschehr-Persienflug_1924-1925-LBS_MH02-02-0210-AL-FL.tif	User:OgreBot/Watercraft/2016 May 27-31	DanTD	2016-11-23T16:36:35Z
3234	ETH-BIB-Karawanserei_(Teheran)-Persienflug_1924-1925-LBS_MH02-02-0099-AL-FL.tif	User:DrTrigon/logs/eth-bib	DrTrigon	2016-08-05T01:39:38Z
3235	ETH-BIB-Fokker_F.VII_im_Camp_Serengeti-Kilimanjaroflug_1929-30-LBS_MH02-07-0318.tif	User:DrTrigon/logs/eth-bib	DrTrigon	2016-08-05T01:39:38Z
3236	ETH-BIB-Fokker_F.VII_im_Camp_Serengeti-Kilimanjaroflug_1929-30-LBS_MH02-07-0318.tif	Commons:WikiProject Aviation/recent uploads/2016 June 21	Uli Elch	2017-03-16T12:36:04Z
3237	ETH-BIB-Fokker_F.VII_im_Camp_Serengeti-Kilimanjaroflug_1929-30-LBS_MH02-07-0326.tif	User:DrTrigon/logs/eth-bib	DrTrigon	2016-08-05T01:39:38Z
3238	ETH-BIB-Fokker_F.VII_im_Camp_Serengeti-Kilimanjaroflug_1929-30-LBS_MH02-07-0326.tif	Commons:WikiProject Aviation/recent uploads/2016 June 21	Uli Elch	2017-03-16T12:36:04Z
3239	ETH-BIB-Fokker_in_der_Luft_über_Camp-Kilimanjaroflug_1929-30-LBS_MH02-07-0325.tif	User:DrTrigon/logs/eth-bib	DrTrigon	2016-08-05T01:39:38Z
3240	ETH-BIB-Fokker_in_der_Luft_über_Camp-Kilimanjaroflug_1929-30-LBS_MH02-07-0325.tif	Commons:WikiProject Aviation/recent uploads/2016 June 21	Uli Elch	2017-03-16T12:36:04Z
3241	ETH-BIB-Eine_Herde_Wildebeest_(Gnus)-Kilimanjaroflug_1929-30-LBS_MH02-07-0063.tif	User:DrTrigon/logs/eth-bib	DrTrigon	2016-08-05T01:39:38Z
3242	ETH-BIB-Eine_Herde_Wildebeest_(Gnus)-Kilimanjaroflug_1929-30-LBS_MH02-07-0063.tif	Commons:WikiProject Aviation/recent uploads/2016 June 21	Uli Elch	2017-03-16T12:36:04Z
3243	ETH-BIB-Eine_Herde_Wildebeest,_eine_Art_Kuhantilope-Kilimanjaroflug_1929-30-LBS_MH02-07-0061.tif	User:DrTrigon/logs/eth-bib	DrTrigon	2016-08-05T01:39:38Z
3244	ETH-BIB-Eine_Herde_Wildebeest,_eine_Art_Kuhantilope-Kilimanjaroflug_1929-30-LBS_MH02-07-0061.tif	Commons:WikiProject Aviation/recent uploads/2016 June 21	Uli Elch	2017-03-16T12:36:04Z
3245	ETH-BIB-Eine_Herde_Wildebeest_(Gnu)-Kilimanjaroflug_1929-30-LBS_MH02-07-0359.tif	Commons:WikiProject Aviation/recent uploads/2016 June 21	Uli Elch	2017-03-16T12:36:04Z
3246	ETH-BIB-Eine_Herde_Gnus-Kilimanjaroflug_1929-30-LBS_MH02-07-0360.tif	User:DrTrigon/logs/eth-bib	DrTrigon	2016-08-05T01:39:38Z
3247	ETH-BIB-Eine_Herde_Gnus-Kilimanjaroflug_1929-30-LBS_MH02-07-0360.tif	Commons:WikiProject Aviation/recent uploads/2016 June 21	Uli Elch	2017-03-16T12:36:04Z
3248	ETH-BIB-Eine_Herde_Gnus_in_der_Serengeti-Kilimanjaroflug_1929-30-LBS_MH02-07-0375.tif	User:DrTrigon/logs/eth-bib	DrTrigon	2016-08-05T01:39:38Z
3249	ETH-BIB-Eine_Herde_Gnus_in_der_Serengeti-Kilimanjaroflug_1929-30-LBS_MH02-07-0375.tif	Commons:WikiProject Aviation/recent uploads/2016 June 21	Uli Elch	2017-03-16T12:36:04Z
3250	ETH-BIB-Hafen_an_Mittelmeerküste-Kilimanjaroflug_1929-30-LBS_MH02-07-0149.tif	User:DrTrigon/logs/eth-bib	DrTrigon	2016-08-05T01:39:38Z
3251	ETH-BIB-Hafen_an_Mittelmeerküste-Kilimanjaroflug_1929-30-LBS_MH02-07-0149.tif	Commons:WikiProject Aviation/recent uploads/2016 June 21	Uli Elch	2017-03-16T12:36:04Z
3252	ETH-BIB-Hafen_an_Mittelmeerküste-Kilimanjaroflug_1929-30-LBS_MH02-07-0147.tif	Commons:WikiProject Aviation/recent uploads/2016 June 21	Uli Elch	2017-03-16T12:36:04Z
3253	ETH-BIB-Giraffen_in_der_Serengeti-Kilimanjaroflug_1929-30-LBS_MH02-07-0065.tif	User:DrTrigon/logs/eth-bib	DrTrigon	2016-08-05T01:39:38Z
3254	ETH-BIB-Giraffen_in_der_Serengeti-Kilimanjaroflug_1929-30-LBS_MH02-07-0065.tif	Commons:WikiProject Aviation/recent uploads/2016 June 21	Uli Elch	2017-03-16T12:36:04Z
3255	ETH-BIB-Giraffen_in_der_Serengeti-Kilimanjaroflug_1929-30-LBS_MH02-07-0374.tif	User:DrTrigon/logs/eth-bib	DrTrigon	2016-08-05T01:39:38Z
3256	ETH-BIB-Giraffen_in_der_Serengeti-Kilimanjaroflug_1929-30-LBS_MH02-07-0374.tif	Commons:WikiProject Aviation/recent uploads/2016 June 21	Uli Elch	2017-03-16T12:36:04Z
3257	ETH-BIB-Einheimischer_mit_geschossener_Pferdeantilope-Kilimanjaroflug_1929-30-LBS_MH02-07-0368.tif	User:DrTrigon/logs/eth-bib	DrTrigon	2016-08-05T01:39:38Z
3258	ETH-BIB-Einheimischer_mit_geschossener_Pferdeantilope-Kilimanjaroflug_1929-30-LBS_MH02-07-0368.tif	Commons:WikiProject Aviation/recent uploads/2016 June 21	Uli Elch	2017-03-16T12:36:04Z
3259	ETH-BIB-Pyramiden_von_Gizeh-Kilimanjaroflug_1929-30-LBS_MH02-07-0191.tif	User:DrTrigon/logs/eth-bib	DrTrigon	2016-08-05T01:39:38Z
3260	ETH-BIB-Pyramiden_von_Gizeh-Kilimanjaroflug_1929-30-LBS_MH02-07-0191.tif	Commons:WikiProject Aviation/recent uploads/2016 June 21	Uli Elch	2017-03-16T12:36:04Z
3261	ETH-BIB-Pyramiden_von_Gizeh-Kilimanjaroflug_1929-30-LBS_MH02-07-0195.tif	User:DrTrigon/logs/eth-bib	DrTrigon	2016-08-05T01:39:38Z
3262	ETH-BIB-Pyramiden_von_Gizeh-Kilimanjaroflug_1929-30-LBS_MH02-07-0195.tif	Commons:WikiProject Aviation/recent uploads/2016 June 21	Uli Elch	2017-03-16T12:36:04Z
3263	ETH-BIB-Pyramiden_von_Gizeh-Kilimanjaroflug_1929-30-LBS_MH02-07-0194.tif	Commons:WikiProject Aviation/recent uploads/2016 June 21	Uli Elch	2017-03-16T12:36:04Z
3264	ETH-BIB-Pyramiden_von_Gizeh-Kilimanjaroflug_1929-30-LBS_MH02-07-0193.tif	Commons:WikiProject Aviation/recent uploads/2016 June 21	Uli Elch	2017-03-16T12:36:04Z
3265	ETH-BIB-Fremdenverkehr_vor_der_Sphinx-Kilimanjaroflug_1929-30-LBS_MH02-07-0161.tif	User:DrTrigon/logs/eth-bib	DrTrigon	2016-08-05T01:39:38Z
3266	ETH-BIB-Fremdenverkehr_vor_der_Sphinx-Kilimanjaroflug_1929-30-LBS_MH02-07-0161.tif	Commons:WikiProject Aviation/recent uploads/2016 June 21	Uli Elch	2017-03-16T12:36:04Z
3267	ETH-BIB-Dorf_Juba_mit_Strohhütten_am_Nil-Kilimanjaroflug_1929-30-LBS_MH02-07-0203.tif	User:DrTrigon/logs/ETH-Bib/01	DrTrigon	2016-07-08T19:32:12Z
3268	ETH-BIB-Dorf_Juba_mit_Strohhütten_am_Nil-Kilimanjaroflug_1929-30-LBS_MH02-07-0203.tif	User:DrTrigon/logs/eth-bib	DrTrigon	2016-08-05T01:39:38Z
3269	ETH-BIB-Dorf_Juba_mit_Strohhütten_am_Nil-Kilimanjaroflug_1929-30-LBS_MH02-07-0203.tif	Commons:WikiProject Aviation/recent uploads/2016 June 21	Uli Elch	2017-03-16T12:36:04Z
3270	ETH-BIB-Baron_Rothschild_im_Gespräch_mit_Mr._and_Mrs._Martin_Johnson-Kilimanjaroflug_1929-30-LBS_MH02-07-0026.tif	User:DrTrigon/logs/eth-bib	DrTrigon	2016-08-05T01:39:38Z
3271	ETH-BIB-Baron_Rothschild_im_Gespräch_mit_Mr._and_Mrs._Martin_Johnson-Kilimanjaroflug_1929-30-LBS_MH02-07-0026.tif	Commons:WikiProject Aviation/recent uploads/2016 June 21	Uli Elch	2017-03-16T12:36:04Z
3272	ETH-BIB-Baron_Rothschild_im_Gespräch_mit_Mr._and_Mrs._Martin_Johnson-Kilimanjaroflug_1929-30-LBS_MH02-07-0303.tif	User:DrTrigon/logs/eth-bib	DrTrigon	2016-08-05T01:39:38Z
3273	ETH-BIB-Baron_Rothschild_im_Gespräch_mit_Mr._and_Mrs._Martin_Johnson-Kilimanjaroflug_1929-30-LBS_MH02-07-0303.tif	Commons:WikiProject Aviation/recent uploads/2016 June 21	Uli Elch	2017-03-16T12:36:04Z
3274	ETH-BIB-Baron_Rothschild_im_Gespräch_mit_Mr._and_Mrs._Martin_Johnson-Kilimanjaroflug_1929-30-LBS_MH02-07-0307.tif	User:DrTrigon/logs/eth-bib	DrTrigon	2016-08-05T01:39:38Z
3275	ETH-BIB-Baron_Rothschild_im_Gespräch_mit_Mr._and_Mrs._Martin_Johnson-Kilimanjaroflug_1929-30-LBS_MH02-07-0307.tif	Commons:WikiProject Aviation/recent uploads/2016 June 21	Uli Elch	2017-03-16T12:36:04Z
3276	ETH-BIB-Baron_Rothschild_mit_Mr._and_Mrs._Martin_Johnson-Kilimanjaroflug_1929-30-LBS_MH02-07-0309.tif	User:DrTrigon/logs/eth-bib	DrTrigon	2016-08-05T01:39:38Z
3277	ETH-BIB-Baron_Rothschild_mit_Mr._and_Mrs._Martin_Johnson-Kilimanjaroflug_1929-30-LBS_MH02-07-0309.tif	Commons:WikiProject Aviation/recent uploads/2016 June 21	Uli Elch	2017-03-16T12:36:04Z
3278	ETH-BIB-Basaltwände_des_Mawenzi_aus_5000_m_Höhe-Kilimanjaroflug_1929-30-LBS_MH02-07-0110.tif	User:DrTrigon/logs/eth-bib	DrTrigon	2016-08-05T01:39:38Z
3279	ETH-BIB-Basaltwände_des_Mawenzi_aus_5000_m_Höhe-Kilimanjaroflug_1929-30-LBS_MH02-07-0110.tif	Commons:WikiProject Aviation/recent uploads/2016 June 21	Uli Elch	2017-03-16T12:36:04Z
3280	ETH-BIB-Felder_im_Nil-Delta-Kilimanjaroflug_1929-30-LBS_MH02-07-0160.tif	User:DrTrigon/logs/eth-bib	DrTrigon	2016-08-05T01:39:38Z
3281	ETH-BIB-Felder_im_Nil-Delta-Kilimanjaroflug_1929-30-LBS_MH02-07-0160.tif	Commons:WikiProject Aviation/recent uploads/2016 June 21	Uli Elch	2017-03-16T12:36:04Z
3282	ETH-BIB-Kairo,_in_der_Moschee_El_Tulum-Kilimanjaroflug_1929-30-LBS_MH02-07-0010.tif	User:DrTrigon/logs/eth-bib	DrTrigon	2016-08-05T01:39:38Z
3283	ETH-BIB-Kairo,_in_der_Moschee_El_Tulum-Kilimanjaroflug_1929-30-LBS_MH02-07-0010.tif	Commons:WikiProject Aviation/recent uploads/2016 June 21	Uli Elch	2017-03-16T12:36:04Z
3284	ETH-BIB-Phönixpalmen_an_einem_Serengetibach-Kilimanjaroflug_1929-30-LBS_MH02-07-0022.tif	User:DrTrigon/logs/eth-bib	DrTrigon	2016-08-05T01:39:38Z
3285	ETH-BIB-Phönixpalmen_an_einem_Serengetibach-Kilimanjaroflug_1929-30-LBS_MH02-07-0022.tif	Commons:WikiProject Aviation/recent uploads/2016 June 21	Uli Elch	2017-03-16T12:36:04Z
3286	ETH-BIB-Afrikanischer_Hausbau-Kilimanjaroflug_1929-30-LBS_MH02-07-0025.tif	User:DrTrigon/logs/ETH-Bib/01	DrTrigon	2016-07-08T19:32:12Z
3287	ETH-BIB-Afrikanischer_Hausbau-Kilimanjaroflug_1929-30-LBS_MH02-07-0025.tif	User:DrTrigon/logs/eth-bib	DrTrigon	2016-08-05T01:39:38Z
3288	ETH-BIB-Afrikanischer_Hausbau-Kilimanjaroflug_1929-30-LBS_MH02-07-0025.tif	Commons:WikiProject Aviation/recent uploads/2016 June 21	Uli Elch	2017-03-16T12:36:04Z
3289	ETH-BIB-Familie_in_der_Nähe_Nairobis-Kilimanjaroflug_1929-30-LBS_MH02-07-0023.tif	User:DrTrigon/logs/eth-bib	DrTrigon	2016-08-05T01:39:38Z
3290	ETH-BIB-Familie_in_der_Nähe_Nairobis-Kilimanjaroflug_1929-30-LBS_MH02-07-0023.tif	Commons:WikiProject Aviation/recent uploads/2016 June 21	Uli Elch	2017-03-16T12:36:04Z
3291	ETH-BIB-Junges_Waikoma-Mädchen-Kilimanjaroflug_1929-30-LBS_MH02-07-0030.tif	User:DrTrigon/logs/eth-bib	DrTrigon	2016-08-05T01:39:38Z
3292	ETH-BIB-Junges_Waikoma-Mädchen-Kilimanjaroflug_1929-30-LBS_MH02-07-0030.tif	Commons:WikiProject Aviation/recent uploads/2016 June 21	Uli Elch	2017-03-16T12:36:04Z
3293	ETH-BIB-Massai-Männer-Kilimanjaroflug_1929-30-LBS_MH02-07-0033.tif	User:DrTrigon/logs/eth-bib	DrTrigon	2016-08-05T01:39:38Z
3294	ETH-BIB-Massai-Männer-Kilimanjaroflug_1929-30-LBS_MH02-07-0033.tif	Commons:WikiProject Aviation/recent uploads/2016 June 21	Uli Elch	2017-03-16T12:36:04Z
3295	ETH-BIB-Massaifrauen_mit_Kupferringen_als_Schmuck-Kilimanjaroflug_1929-30-LBS_MH02-07-0032.tif	Commons:WikiProject Aviation/recent uploads/2016 June 21	Uli Elch	2017-03-16T12:36:04Z
3296	ETH-BIB-Ruhepause_im_Löwentanz_der_Waikoma-Kilimanjaroflug_1929-30-LBS_MH02-07-0028.tif	Commons:WikiProject Aviation/recent uploads/2016 June 21	Uli Elch	2017-03-16T12:36:04Z
3297	ETH-BIB-Walter_Mittelholzers_Leibbursche-Kilimanjaroflug_1929-30-LBS_MH02-07-0037.tif	User:DrTrigon/logs/eth-bib	DrTrigon	2016-08-05T01:39:38Z
3298	ETH-BIB-Walter_Mittelholzers_Leibbursche-Kilimanjaroflug_1929-30-LBS_MH02-07-0037.tif	Commons:WikiProject Aviation/recent uploads/2016 June 21	Uli Elch	2017-03-16T12:36:04Z
3299	ETH-BIB-Zwei_unserer_Boys-Kilimanjaroflug_1929-30-LBS_MH02-07-0036.tif	User:DrTrigon/logs/eth-bib	DrTrigon	2016-08-05T01:39:38Z
3300	ETH-BIB-Zwei_unserer_Boys-Kilimanjaroflug_1929-30-LBS_MH02-07-0036.tif	Commons:WikiProject Aviation/recent uploads/2016 June 21	Uli Elch	2017-03-16T12:36:04Z
3301	ETH-BIB-Massai-Mädchen-Kilimanjaroflug_1929-30-LBS_MH02-07-0039.tif	Commons:WikiProject Aviation/recent uploads/2016 June 21	Uli Elch	2017-03-16T12:36:04Z
3302	ETH-BIB-Kikujumutter_mit_ihren_Kindern-Kilimanjaroflug_1929-30-LBS_MH02-07-0035.tif	User:DrTrigon/logs/eth-bib	DrTrigon	2016-08-05T01:39:38Z
3303	ETH-BIB-Kikujumutter_mit_ihren_Kindern-Kilimanjaroflug_1929-30-LBS_MH02-07-0035.tif	Commons:WikiProject Aviation/recent uploads/2016 June 21	Uli Elch	2017-03-16T12:36:04Z
3304	ETH-BIB-Die_Fokker_ist_das_grosse_Ereignis_der_Eingeborenen-Kilimanjaroflug_1929-30-LBS_MH02-07-0045.tif	User:DrTrigon/logs/eth-bib	DrTrigon	2016-08-05T01:39:38Z
3305	ETH-BIB-Die_Fokker_ist_das_grosse_Ereignis_der_Eingeborenen-Kilimanjaroflug_1929-30-LBS_MH02-07-0045.tif	Commons:WikiProject Aviation/recent uploads/2016 June 21	Uli Elch	2017-03-16T12:36:04Z
3306	ETH-BIB-Maissai-Häuptling-Kilimanjaroflug_1929-30-LBS_MH02-07-0038.tif	User:DrTrigon/logs/eth-bib	DrTrigon	2016-08-05T01:39:38Z
3307	ETH-BIB-Maissai-Häuptling-Kilimanjaroflug_1929-30-LBS_MH02-07-0038.tif	Commons:WikiProject Aviation/recent uploads/2016 June 21	Uli Elch	2017-03-16T12:36:04Z
3308	ETH-BIB-Moderne_Negersiedlung_bei_Nairobi-Kilimanjaroflug_1929-30-LBS_MH02-07-0041.tif	User:DrTrigon/logs/eth-bib	DrTrigon	2016-08-05T01:39:38Z
3309	ETH-BIB-Moderne_Negersiedlung_bei_Nairobi-Kilimanjaroflug_1929-30-LBS_MH02-07-0041.tif	Commons:WikiProject Aviation/recent uploads/2016 June 21	Uli Elch	2017-03-16T12:36:04Z
3310	ETH-BIB-Larjasee_mit_Oldeani_am_Südrand_der_Serengeti-Kilimanjaroflug_1929-30-LBS_MH02-07-0043.tif	User:DrTrigon/logs/eth-bib	DrTrigon	2016-08-05T01:39:38Z
3311	ETH-BIB-Larjasee_mit_Oldeani_am_Südrand_der_Serengeti-Kilimanjaroflug_1929-30-LBS_MH02-07-0043.tif	Commons:WikiProject Aviation/recent uploads/2016 June 21	Uli Elch	2017-03-16T12:36:04Z
3312	ETH-BIB-Ankunft_der_"Switzerland"_über_dem_Serengeti-Camp-Kilimanjaroflug_1929-30-LBS_MH02-07-0044.tif	User:DrTrigon/logs/eth-bib	DrTrigon	2016-08-05T01:39:38Z
3313	ETH-BIB-Ankunft_der_"Switzerland"_über_dem_Serengeti-Camp-Kilimanjaroflug_1929-30-LBS_MH02-07-0044.tif	Commons:WikiProject Aviation/recent uploads/2016 June 21	Uli Elch	2017-03-16T12:36:04Z
3314	ETH-BIB-Trinkwasseraufbereitung_im_Serengeti-Camp-Kilimanjaroflug_1929-30-LBS_MH02-07-0051.tif	User:DrTrigon/logs/eth-bib	DrTrigon	2016-08-05T01:39:38Z
3315	ETH-BIB-Trinkwasseraufbereitung_im_Serengeti-Camp-Kilimanjaroflug_1929-30-LBS_MH02-07-0051.tif	Commons:WikiProject Aviation/recent uploads/2016 June 21	Uli Elch	2017-03-16T12:36:04Z
3316	ETH-BIB-Lazarett_im_Serengeti-Camp-Kilimanjaroflug_1929-30-LBS_MH02-07-0050.tif	User:DrTrigon/logs/eth-bib	DrTrigon	2016-08-05T01:39:38Z
3317	ETH-BIB-Lazarett_im_Serengeti-Camp-Kilimanjaroflug_1929-30-LBS_MH02-07-0050.tif	Commons:WikiProject Aviation/recent uploads/2016 June 21	Uli Elch	2017-03-16T12:36:04Z
3318	ETH-BIB-Alfred_Künzle_und_Mechaniker_Wegmann_im_Serengeti_Camp-Kilimanjaroflug_1929-30-LBS_MH02-07-0049.tif	User:DrTrigon/logs/eth-bib	DrTrigon	2016-08-05T01:39:38Z
3319	ETH-BIB-Alfred_Künzle_und_Mechaniker_Wegmann_im_Serengeti_Camp-Kilimanjaroflug_1929-30-LBS_MH02-07-0049.tif	Commons:WikiProject Aviation/recent uploads/2016 June 21	Uli Elch	2017-03-16T12:36:04Z
3320	ETH-BIB-Schirmakazie_vor_einem_Gewittersturm_in_der_Serengeti-Kilimanjaroflug_1929-30-LBS_MH02-07-0052.tif	User:DrTrigon/logs/eth-bib	DrTrigon	2016-08-05T01:39:38Z
3321	ETH-BIB-Schirmakazie_vor_einem_Gewittersturm_in_der_Serengeti-Kilimanjaroflug_1929-30-LBS_MH02-07-0052.tif	Commons:WikiProject Aviation/recent uploads/2016 June 21	Uli Elch	2017-03-16T12:36:04Z
3322	ETH-BIB-Ein_Tropengewitter_zieht_sich_über_dem_Camp_zusammen-Kilimanjaroflug_1929-30-LBS_MH02-07-0046.tif	User:DrTrigon/logs/eth-bib	DrTrigon	2016-08-05T01:39:38Z
3323	ETH-BIB-Ein_Tropengewitter_zieht_sich_über_dem_Camp_zusammen-Kilimanjaroflug_1929-30-LBS_MH02-07-0046.tif	Commons:WikiProject Aviation/recent uploads/2016 June 21	Uli Elch	2017-03-16T12:36:04Z
3324	ETH-BIB-Zelte_im_Schatten_der_Schirmakazien_im_Serengeti-Camp-Kilimanjaroflug_1929-30-LBS_MH02-07-0053.tif	User:DrTrigon/logs/eth-bib	DrTrigon	2016-08-05T01:39:38Z
3325	ETH-BIB-Zelte_im_Schatten_der_Schirmakazien_im_Serengeti-Camp-Kilimanjaroflug_1929-30-LBS_MH02-07-0053.tif	Commons:WikiProject Aviation/recent uploads/2016 June 21	Uli Elch	2017-03-16T12:36:04Z
3326	ETH-BIB-Zebraherden_an_einer_Wasserstelle-Kilimanjaroflug_1929-30-LBS_MH02-07-0069.tif	User:DrTrigon/logs/eth-bib	DrTrigon	2016-08-05T01:39:38Z
3327	ETH-BIB-Zebraherden_an_einer_Wasserstelle-Kilimanjaroflug_1929-30-LBS_MH02-07-0069.tif	Commons:WikiProject Aviation/recent uploads/2016 June 21	Uli Elch	2017-03-16T12:36:04Z
3328	ETH-BIB-Hügel_in_der_Serengeti-Kilimanjaroflug_1929-30-LBS_MH02-07-0066.tif	User:DrTrigon/logs/eth-bib	DrTrigon	2016-08-05T01:39:38Z
3329	ETH-BIB-Hügel_in_der_Serengeti-Kilimanjaroflug_1929-30-LBS_MH02-07-0066.tif	Commons:WikiProject Aviation/recent uploads/2016 June 21	Uli Elch	2017-03-16T12:36:04Z
3330	ETH-BIB-Massai-Häuptling-Kilimanjaroflug_1929-30-LBS_MH02-07-0075.tif	User:DrTrigon/logs/eth-bib	DrTrigon	2016-08-05T01:39:38Z
3331	ETH-BIB-Massai-Häuptling-Kilimanjaroflug_1929-30-LBS_MH02-07-0075.tif	Commons:WikiProject Aviation/recent uploads/2016 June 21	Uli Elch	2017-03-16T12:36:04Z
3332	ETH-BIB-See_in_Afrika-Kilimanjaroflug_1929-30-LBS_MH02-07-0079.tif	User:DrTrigon/logs/eth-bib	DrTrigon	2016-08-05T01:39:38Z
3333	ETH-BIB-See_in_Afrika-Kilimanjaroflug_1929-30-LBS_MH02-07-0079.tif	Commons:WikiProject Aviation/recent uploads/2016 June 21	Uli Elch	2017-03-16T12:36:04Z
3334	ETH-BIB-Nuer-Mädchen_im_Tanz-Kilimanjaroflug_1929-30-LBS_MH02-07-0077.tif	User:DrTrigon/logs/eth-bib	DrTrigon	2016-08-05T01:39:38Z
3335	ETH-BIB-Nuer-Mädchen_im_Tanz-Kilimanjaroflug_1929-30-LBS_MH02-07-0077.tif	Commons:WikiProject Aviation/recent uploads/2016 June 21	Uli Elch	2017-03-16T12:36:04Z
3336	ETH-BIB-Karte-_Deutsch-Ostafrika-Kilimanjaroflug_1929-30-LBS_MH02-07-0123.tif	User:DrTrigon/logs/eth-bib	DrTrigon	2016-08-05T01:39:38Z
3337	ETH-BIB-Karte-_Deutsch-Ostafrika-Kilimanjaroflug_1929-30-LBS_MH02-07-0123.tif	Commons:WikiProject Aviation/recent uploads/2016 June 21	Uli Elch	2017-03-16T12:36:04Z
3338	ETH-BIB-Karte-_Deutsch-Ostafrika-Kilimanjaroflug_1929-30-LBS_MH02-07-0124.tif	User:DrTrigon/logs/eth-bib	DrTrigon	2016-08-05T01:39:38Z
3339	ETH-BIB-Karte-_Deutsch-Ostafrika-Kilimanjaroflug_1929-30-LBS_MH02-07-0124.tif	Commons:WikiProject Aviation/recent uploads/2016 June 21	Uli Elch	2017-03-16T12:36:04Z
3340	ETH-BIB-Gebirge-Kilimanjaroflug_1929-30-LBS_MH02-07-0139.tif	User:DrTrigon/logs/eth-bib	DrTrigon	2016-08-05T01:39:38Z
3341	ETH-BIB-Gebirge-Kilimanjaroflug_1929-30-LBS_MH02-07-0139.tif	Commons:WikiProject Aviation/recent uploads/2016 June 21	Uli Elch	2017-03-16T12:36:04Z
3342	ETH-BIB-Baum_mit_Zitrusfrüchten_(Orangen)-Kilimanjaroflug_1929-30-LBS_MH02-07-0152.tif	User:DrTrigon/logs/ETH-Bib/01	DrTrigon	2016-07-08T19:32:12Z
3343	ETH-BIB-Baum_mit_Zitrusfrüchten_(Orangen)-Kilimanjaroflug_1929-30-LBS_MH02-07-0152.tif	User:DrTrigon/logs/eth-bib	DrTrigon	2016-08-05T01:39:38Z
3344	ETH-BIB-Baum_mit_Zitrusfrüchten_(Orangen)-Kilimanjaroflug_1929-30-LBS_MH02-07-0152.tif	Commons:WikiProject Aviation/recent uploads/2016 June 21	Uli Elch	2017-03-16T12:36:04Z
3345	ETH-BIB-Kloster_Bektaschi_auf_Gebel_Mokattam-Kilimanjaroflug_1929-30-LBS_MH02-07-0163.tif	User:DrTrigon/logs/eth-bib	DrTrigon	2016-08-05T01:39:38Z
3346	ETH-BIB-Kloster_Bektaschi_auf_Gebel_Mokattam-Kilimanjaroflug_1929-30-LBS_MH02-07-0163.tif	Commons:WikiProject Aviation/recent uploads/2016 June 21	Uli Elch	2017-03-16T12:36:04Z
3347	ETH-BIB-Südfront_der_Mohammed_Ali_Moschee,_Kairo-Kilimanjaroflug_1929-30-LBS_MH02-07-0164.tif	Commons:WikiProject Aviation/recent uploads/2016 June 21	Uli Elch	2017-03-16T12:36:04Z
3348	ETH-BIB-Holzzahnrad-Kilimanjaroflug_1929-30-LBS_MH02-07-0168.tif	User:DrTrigon/logs/eth-bib	DrTrigon	2016-08-05T01:39:38Z
3349	ETH-BIB-Holzzahnrad-Kilimanjaroflug_1929-30-LBS_MH02-07-0168.tif	Commons:WikiProject Aviation/recent uploads/2016 June 21	Uli Elch	2017-03-16T12:36:04Z
3350	ETH-BIB-Sultan_Hassan_Moschee_vor_Zitadelle,_Kairo-Kilimanjaroflug_1929-30-LBS_MH02-07-0170.tif	User:DrTrigon/logs/eth-bib	DrTrigon	2016-08-05T01:39:38Z
3351	ETH-BIB-Sultan_Hassan_Moschee_vor_Zitadelle,_Kairo-Kilimanjaroflug_1929-30-LBS_MH02-07-0170.tif	Commons:WikiProject Aviation/recent uploads/2016 June 21	Uli Elch	2017-03-16T12:36:04Z
3352	ETH-BIB-Zwei_Kinder-Kilimanjaroflug_1929-30-LBS_MH02-07-0173.tif	User:DrTrigon/logs/eth-bib	DrTrigon	2016-08-05T01:39:38Z
3353	ETH-BIB-Zwei_Kinder-Kilimanjaroflug_1929-30-LBS_MH02-07-0173.tif	Commons:WikiProject Aviation/recent uploads/2016 June 21	Uli Elch	2017-03-16T12:36:04Z
3354	ETH-BIB-Mohammed_Ali_Moschee,_Kairo-Kilimanjaroflug_1929-30-LBS_MH02-07-0175.tif	User:DrTrigon/logs/eth-bib	DrTrigon	2016-08-05T01:39:38Z
3355	ETH-BIB-Mohammed_Ali_Moschee,_Kairo-Kilimanjaroflug_1929-30-LBS_MH02-07-0175.tif	Commons:WikiProject Aviation/recent uploads/2016 June 21	Uli Elch	2017-03-16T12:36:04Z
3356	ETH-BIB-Gruppe_verschleierter_Frauen_und_Kinder_auf_einem_Wagen-Kilimanjaroflug_1929-30-LBS_MH02-07-0171.tif	User:DrTrigon/logs/eth-bib	DrTrigon	2016-08-05T01:39:38Z
3357	ETH-BIB-Gruppe_verschleierter_Frauen_und_Kinder_auf_einem_Wagen-Kilimanjaroflug_1929-30-LBS_MH02-07-0171.tif	Commons:WikiProject Aviation/recent uploads/2016 June 21	Uli Elch	2017-03-16T12:36:04Z
3358	ETH-BIB-Schlafender_Mann_mit_Turban-Kilimanjaroflug_1929-30-LBS_MH02-07-0172.tif	Commons:WikiProject Aviation/recent uploads/2016 June 21	Uli Elch	2017-03-16T12:36:04Z
3359	ETH-BIB-Hügeliges_Ufer_am_Assuan_Stausee-Kilimanjaroflug_1929-30-LBS_MH02-07-0180.tif	User:DrTrigon/logs/eth-bib	DrTrigon	2016-08-05T01:39:38Z
3360	ETH-BIB-Hügeliges_Ufer_am_Assuan_Stausee-Kilimanjaroflug_1929-30-LBS_MH02-07-0180.tif	Commons:WikiProject Aviation/recent uploads/2016 June 21	Uli Elch	2017-03-16T12:36:04Z
3361	ETH-BIB-Scharia_al_Shekhouh_(Kairo)-Kilimanjaroflug_1929-30-LBS_MH02-07-0185.tif	Commons:WikiProject Aviation/recent uploads/2016 June 21	Uli Elch	2017-03-16T12:36:04Z
3362	ETH-BIB-Scharia_as-Saliba_mit_Sangar_Moschee-Kilimanjaroflug_1929-30-LBS_MH02-07-0184.tif	User:DrTrigon/logs/eth-bib	DrTrigon	2016-08-05T01:39:38Z
3363	ETH-BIB-Scharia_as-Saliba_mit_Sangar_Moschee-Kilimanjaroflug_1929-30-LBS_MH02-07-0184.tif	Commons:WikiProject Aviation/recent uploads/2016 June 21	Uli Elch	2017-03-16T12:36:04Z
3364	ETH-BIB-Sultan_Hassan_Moschee,_Kairo-Kilimanjaroflug_1929-30-LBS_MH02-07-0182.tif	User:DrTrigon/logs/eth-bib	DrTrigon	2016-08-05T01:39:38Z
3365	ETH-BIB-Sultan_Hassan_Moschee,_Kairo-Kilimanjaroflug_1929-30-LBS_MH02-07-0182.tif	Commons:WikiProject Aviation/recent uploads/2016 June 21	Uli Elch	2017-03-16T12:36:04Z
3366	ETH-BIB-Tor_in_Kairo-Kilimanjaroflug_1929-30-LBS_MH02-07-0183.tif	Commons:WikiProject Aviation/recent uploads/2016 June 21	Uli Elch	2017-03-16T12:36:04Z
3367	ETH-BIB-Sultan_Hassan_Moschee,_Kairo-Kilimanjaroflug_1929-30-LBS_MH02-07-0188.tif	User:DrTrigon/logs/eth-bib	DrTrigon	2016-08-05T01:39:38Z
3368	ETH-BIB-Sultan_Hassan_Moschee,_Kairo-Kilimanjaroflug_1929-30-LBS_MH02-07-0188.tif	Commons:WikiProject Aviation/recent uploads/2016 June 21	Uli Elch	2017-03-16T12:36:04Z
3369	ETH-BIB-Sultan_Hassan_Moschee_vor_Ibn_Tulum,_Kairo-Kilimanjaroflug_1929-30-LBS_MH02-07-0187.tif	User:DrTrigon/logs/eth-bib	DrTrigon	2016-08-05T01:39:38Z
3370	ETH-BIB-Sultan_Hassan_Moschee_vor_Ibn_Tulum,_Kairo-Kilimanjaroflug_1929-30-LBS_MH02-07-0187.tif	Commons:WikiProject Aviation/recent uploads/2016 June 21	Uli Elch	2017-03-16T12:36:04Z
3371	ETH-BIB-Wassertragendes_Kind_am_Fluss-Kilimanjaroflug_1929-30-LBS_MH02-07-0186.tif	User:DrTrigon/logs/eth-bib	DrTrigon	2016-08-05T01:39:38Z
3372	ETH-BIB-Wassertragendes_Kind_am_Fluss-Kilimanjaroflug_1929-30-LBS_MH02-07-0186.tif	Commons:WikiProject Aviation/recent uploads/2016 June 21	Uli Elch	2017-03-16T12:36:04Z
3373	ETH-BIB-Sultan_Hassan_Moschee_vor_Zitadelle,_Kairo-Kilimanjaroflug_1929-30-LBS_MH02-07-0192.tif	User:DrTrigon/logs/eth-bib	DrTrigon	2016-08-05T01:39:38Z
3374	ETH-BIB-Sultan_Hassan_Moschee_vor_Zitadelle,_Kairo-Kilimanjaroflug_1929-30-LBS_MH02-07-0192.tif	Commons:WikiProject Aviation/recent uploads/2016 June 21	Uli Elch	2017-03-16T12:36:04Z
3375	ETH-BIB-Gruppe_Knaben-Kilimanjaroflug_1929-30-LBS_MH02-07-0197.tif	User:DrTrigon/logs/eth-bib	DrTrigon	2016-08-05T01:39:38Z
3376	ETH-BIB-Gruppe_Knaben-Kilimanjaroflug_1929-30-LBS_MH02-07-0197.tif	Commons:WikiProject Aviation/recent uploads/2016 June 21	Uli Elch	2017-03-16T12:36:04Z
3377	ETH-BIB-Gruppe_Knaben-Kilimanjaroflug_1929-30-LBS_MH02-07-0199.tif	User:DrTrigon/logs/eth-bib	DrTrigon	2016-08-05T01:39:38Z
3378	ETH-BIB-Gruppe_Knaben-Kilimanjaroflug_1929-30-LBS_MH02-07-0199.tif	Commons:WikiProject Aviation/recent uploads/2016 June 21	Uli Elch	2017-03-16T12:36:04Z
3379	ETH-BIB-Gruppe_Knaben-Kilimanjaroflug_1929-30-LBS_MH02-07-0201.tif	User:DrTrigon/logs/eth-bib	DrTrigon	2016-08-05T01:39:38Z
3380	ETH-BIB-Gruppe_Knaben-Kilimanjaroflug_1929-30-LBS_MH02-07-0201.tif	Commons:WikiProject Aviation/recent uploads/2016 June 21	Uli Elch	2017-03-16T12:36:04Z
3381	ETH-BIB-Knabe-Kilimanjaroflug_1929-30-LBS_MH02-07-0198.tif	User:DrTrigon/logs/eth-bib	DrTrigon	2016-08-05T01:39:38Z
3382	ETH-BIB-Knabe-Kilimanjaroflug_1929-30-LBS_MH02-07-0198.tif	Commons:WikiProject Aviation/recent uploads/2016 June 21	Uli Elch	2017-03-16T12:36:04Z
3383	ETH-BIB-Trümmerfeld_bei_Memphis-Kilimanjaroflug_1929-30-LBS_MH02-07-0200.tif	User:DrTrigon/logs/eth-bib	DrTrigon	2016-08-05T01:39:38Z
3384	ETH-BIB-Trümmerfeld_bei_Memphis-Kilimanjaroflug_1929-30-LBS_MH02-07-0200.tif	Commons:WikiProject Aviation/recent uploads/2016 June 21	Uli Elch	2017-03-16T12:36:04Z
3385	ETH-BIB-Kochstelle_und_Gruppe_in_Juba-Kilimanjaroflug_1929-30-LBS_MH02-07-0204.tif	User:DrTrigon/logs/eth-bib	DrTrigon	2016-08-05T01:39:38Z
3386	ETH-BIB-Kochstelle_und_Gruppe_in_Juba-Kilimanjaroflug_1929-30-LBS_MH02-07-0204.tif	Commons:WikiProject Aviation/recent uploads/2016 June 21	Uli Elch	2017-03-16T12:36:04Z
3387	ETH-BIB-Sumpfgebiet_in_Afrika-Kilimanjaroflug_1929-30-LBS_MH02-07-0202.tif	Commons:WikiProject Aviation/recent uploads/2016 June 21	Uli Elch	2017-03-16T12:36:04Z
3388	ETH-BIB-Ufer_eines_Sees_in_Afrika-Kilimanjaroflug_1929-30-LBS_MH02-07-0207.tif	User:DrTrigon/logs/eth-bib	DrTrigon	2016-08-05T01:39:38Z
3389	ETH-BIB-Ufer_eines_Sees_in_Afrika-Kilimanjaroflug_1929-30-LBS_MH02-07-0207.tif	Commons:WikiProject Aviation/recent uploads/2016 June 21	Uli Elch	2017-03-16T12:36:04Z
3390	ETH-BIB-Soldat_bei_Betankung_der_Fokker-Kilimanjaroflug_1929-30-LBS_MH02-07-0206.tif	User:DrTrigon/logs/eth-bib	DrTrigon	2016-08-05T01:39:38Z
3391	ETH-BIB-Soldat_bei_Betankung_der_Fokker-Kilimanjaroflug_1929-30-LBS_MH02-07-0206.tif	Commons:WikiProject Aviation/recent uploads/2016 June 21	Uli Elch	2017-03-16T12:36:04Z
3392	ETH-BIB-Nackter_Mann-Kilimanjaroflug_1929-30-LBS_MH02-07-0205.tif	User:DrTrigon/logs/eth-bib	DrTrigon	2016-08-05T01:39:38Z
3393	ETH-BIB-Nackter_Mann-Kilimanjaroflug_1929-30-LBS_MH02-07-0205.tif	Commons:WikiProject Aviation/recent uploads/2016 June 21	Uli Elch	2017-03-16T12:36:04Z
3394	ETH-BIB-Nuer-Mädchen-Kilimanjaroflug_1929-30-LBS_MH02-07-0208.tif	User:DrTrigon/logs/eth-bib	DrTrigon	2016-08-05T01:39:38Z
3395	ETH-BIB-Nuer-Mädchen-Kilimanjaroflug_1929-30-LBS_MH02-07-0208.tif	Commons:WikiProject Aviation/recent uploads/2016 June 21	Uli Elch	2017-03-16T12:36:04Z
3396	ETH-BIB-Nil-Kilimanjaroflug_1929-30-LBS_MH02-07-0210.tif	User:DrTrigon/logs/eth-bib	DrTrigon	2016-08-05T01:39:38Z
3397	ETH-BIB-Nil-Kilimanjaroflug_1929-30-LBS_MH02-07-0210.tif	Commons:WikiProject Aviation/recent uploads/2016 June 21	Uli Elch	2017-03-16T12:36:04Z
3398	ETH-BIB-Gebirge_in_Afrika-Kilimanjaroflug_1929-30-LBS_MH02-07-0229.tif	Commons:WikiProject Aviation/recent uploads/2016 June 21	Uli Elch	2017-03-16T12:36:04Z
3399	ETH-BIB-Heuschreckenschwarm-Kilimanjaroflug_1929-30-LBS_MH02-07-0250.tif	User:DrTrigon/logs/eth-bib	DrTrigon	2016-08-05T01:39:38Z
3400	ETH-BIB-Heuschreckenschwarm-Kilimanjaroflug_1929-30-LBS_MH02-07-0250.tif	Commons:WikiProject Aviation/recent uploads/2016 June 21	Uli Elch	2017-03-16T12:36:04Z
3401	ETH-BIB-Heuschreckenschwarm-Kilimanjaroflug_1929-30-LBS_MH02-07-0252.tif	User:DrTrigon/logs/eth-bib	DrTrigon	2016-08-05T01:39:38Z
3402	ETH-BIB-Heuschreckenschwarm-Kilimanjaroflug_1929-30-LBS_MH02-07-0252.tif	Commons:WikiProject Aviation/recent uploads/2016 June 21	Uli Elch	2017-03-16T12:36:04Z
3403	ETH-BIB-Bäume_an_einer_Landstrasse-Kilimanjaroflug_1929-30-LBS_MH02-07-0253.tif	User:DrTrigon/logs/ETH-Bib/01	DrTrigon	2016-07-08T19:32:12Z
3404	ETH-BIB-Bäume_an_einer_Landstrasse-Kilimanjaroflug_1929-30-LBS_MH02-07-0253.tif	User:DrTrigon/logs/eth-bib	DrTrigon	2016-08-05T01:39:38Z
3405	ETH-BIB-Bäume_an_einer_Landstrasse-Kilimanjaroflug_1929-30-LBS_MH02-07-0253.tif	Commons:WikiProject Aviation/recent uploads/2016 June 21	Uli Elch	2017-03-16T12:36:04Z
3406	ETH-BIB-Heuschreckenschwarm-Kilimanjaroflug_1929-30-LBS_MH02-07-0251.tif	User:DrTrigon/logs/eth-bib	DrTrigon	2016-08-05T01:39:38Z
3407	ETH-BIB-Heuschreckenschwarm-Kilimanjaroflug_1929-30-LBS_MH02-07-0251.tif	Commons:WikiProject Aviation/recent uploads/2016 June 21	Uli Elch	2017-03-16T12:36:04Z
3408	ETH-BIB-Naturstrasse_mit_Heuschreckenschwarm_zwischen_Landwirtschaftsland_und_Plantage-Kilimanjaroflug_1929-30-LBS_MH02-07-0249.tif	User:DrTrigon/logs/eth-bib	DrTrigon	2016-08-05T01:39:38Z
3409	ETH-BIB-Naturstrasse_mit_Heuschreckenschwarm_zwischen_Landwirtschaftsland_und_Plantage-Kilimanjaroflug_1929-30-LBS_MH02-07-0249.tif	Commons:WikiProject Aviation/recent uploads/2016 June 21	Uli Elch	2017-03-16T12:36:04Z
3410	ETH-BIB-Afrikanische_Pflanze_mit_Blüten-Kilimanjaroflug_1929-30-LBS_MH02-07-0255.tif	User:DrTrigon/logs/ETH-Bib/01	DrTrigon	2016-07-08T19:32:12Z
3411	ETH-BIB-Afrikanische_Pflanze_mit_Blüten-Kilimanjaroflug_1929-30-LBS_MH02-07-0255.tif	User:DrTrigon/logs/eth-bib	DrTrigon	2016-08-05T01:39:38Z
3412	ETH-BIB-Afrikanische_Pflanze_mit_Blüten-Kilimanjaroflug_1929-30-LBS_MH02-07-0255.tif	Commons:WikiProject Aviation/recent uploads/2016 June 21	Uli Elch	2017-03-16T12:36:04Z
3413	ETH-BIB-Dorf_umgeben_von_Landwirtschaftsland-Kilimanjaroflug_1929-30-LBS_MH02-07-0254.tif	User:DrTrigon/logs/ETH-Bib/01	DrTrigon	2016-07-08T19:32:12Z
3414	ETH-BIB-Dorf_umgeben_von_Landwirtschaftsland-Kilimanjaroflug_1929-30-LBS_MH02-07-0254.tif	User:DrTrigon/logs/eth-bib	DrTrigon	2016-08-05T01:39:38Z
3415	ETH-BIB-Dorf_umgeben_von_Landwirtschaftsland-Kilimanjaroflug_1929-30-LBS_MH02-07-0254.tif	Commons:WikiProject Aviation/recent uploads/2016 June 21	Uli Elch	2017-03-16T12:36:04Z
3416	ETH-BIB-Afrikanisches_Landwirtschaftsland-Kilimanjaroflug_1929-30-LBS_MH02-07-0256.tif	User:DrTrigon/logs/eth-bib	DrTrigon	2016-08-05T01:39:38Z
3417	ETH-BIB-Afrikanisches_Landwirtschaftsland-Kilimanjaroflug_1929-30-LBS_MH02-07-0256.tif	Commons:WikiProject Aviation/recent uploads/2016 June 21	Uli Elch	2017-03-16T12:36:04Z
3418	ETH-BIB-Auf_einem_Baum,_der_umgeknickt_im_Fluss_liegt,_steht_ein_Mann-Kilimanjaroflug_1929-30-LBS_MH02-07-0259.tif	User:DrTrigon/logs/eth-bib	DrTrigon	2016-08-05T01:39:38Z
3419	ETH-BIB-Auf_einem_Baum,_der_umgeknickt_im_Fluss_liegt,_steht_ein_Mann-Kilimanjaroflug_1929-30-LBS_MH02-07-0259.tif	Commons:WikiProject Aviation/recent uploads/2016 June 21	Uli Elch	2017-03-16T12:36:04Z
3420	ETH-BIB-Vulkan_in_Afrika-Kilimanjaroflug_1929-30-LBS_MH02-07-0265.tif	Commons:WikiProject Aviation/recent uploads/2016 June 21	Uli Elch	2017-03-16T12:36:04Z
3421	ETH-BIB-Mann_in_Wald-Kilimanjaroflug_1929-30-LBS_MH02-07-0280.tif	Commons:WikiProject Aviation/recent uploads/2016 June 21	Uli Elch	2017-03-16T12:36:04Z
3422	ETH-BIB-Flusslandschaft-Kilimanjaroflug_1929-30-LBS_MH02-07-0284.tif	Commons:WikiProject Aviation/recent uploads/2016 June 21	Uli Elch	2017-03-16T12:36:04Z
3423	ETH-BIB-Euphorbie-Kilimanjaroflug_1929-30-LBS_MH02-07-0283.tif	User:DrTrigon/logs/eth-bib	DrTrigon	2016-08-05T01:39:38Z
3424	ETH-BIB-Euphorbie-Kilimanjaroflug_1929-30-LBS_MH02-07-0283.tif	Commons:WikiProject Aviation/recent uploads/2016 June 21	Uli Elch	2017-03-16T12:36:04Z
3425	ETH-BIB-Flusslandschaft-Kilimanjaroflug_1929-30-LBS_MH02-07-0281.tif	Commons:WikiProject Aviation/recent uploads/2016 June 21	Uli Elch	2017-03-16T12:36:04Z
3426	ETH-BIB-Bachlandschaft-Kilimanjaroflug_1929-30-LBS_MH02-07-0286.tif	User:DrTrigon/logs/ETH-Bib/01	DrTrigon	2016-07-08T19:32:12Z
3427	ETH-BIB-Bachlandschaft-Kilimanjaroflug_1929-30-LBS_MH02-07-0286.tif	User:DrTrigon/logs/eth-bib	DrTrigon	2016-08-05T01:39:38Z
3428	ETH-BIB-Bachlandschaft-Kilimanjaroflug_1929-30-LBS_MH02-07-0286.tif	Commons:WikiProject Aviation/recent uploads/2016 June 21	Uli Elch	2017-03-16T12:36:04Z
3429	ETH-BIB-Gruppe_Männer_bei_Autoreparatur-Kilimanjaroflug_1929-30-LBS_MH02-07-0288.tif	User:DrTrigon/logs/eth-bib	DrTrigon	2016-08-05T01:39:38Z
3430	ETH-BIB-Gruppe_Männer_bei_Autoreparatur-Kilimanjaroflug_1929-30-LBS_MH02-07-0288.tif	Commons:WikiProject Aviation/recent uploads/2016 June 21	Uli Elch	2017-03-16T12:36:04Z
3431	ETH-BIB-Lieferwagen_im_Fluss-Kilimanjaroflug_1929-30-LBS_MH02-07-0290.tif	User:DrTrigon/logs/eth-bib	DrTrigon	2016-08-05T01:39:38Z
3432	ETH-BIB-Lieferwagen_im_Fluss-Kilimanjaroflug_1929-30-LBS_MH02-07-0290.tif	Commons:WikiProject Aviation/recent uploads/2016 June 21	Uli Elch	2017-03-16T12:36:04Z
3433	ETH-BIB-Jeep_für_Jagd-Kilimanjaroflug_1929-30-LBS_MH02-07-0289.tif	User:DrTrigon/logs/eth-bib	DrTrigon	2016-08-05T01:39:38Z
3434	ETH-BIB-Jeep_für_Jagd-Kilimanjaroflug_1929-30-LBS_MH02-07-0289.tif	Commons:WikiProject Aviation/recent uploads/2016 June 21	Uli Elch	2017-03-16T12:36:04Z
3435	ETH-BIB-Jagdgemeinschaft_vor_Autos-Kilimanjaroflug_1929-30-LBS_MH02-07-0287.tif	User:DrTrigon/logs/eth-bib	DrTrigon	2016-08-05T01:39:38Z
3436	ETH-BIB-Jagdgemeinschaft_vor_Autos-Kilimanjaroflug_1929-30-LBS_MH02-07-0287.tif	Commons:WikiProject Aviation/recent uploads/2016 June 21	Uli Elch	2017-03-16T12:36:04Z
3437	ETH-BIB-Lieferwagen_wird_von_einer_Gruppe_aus_dem_Fluss_gezogen-Kilimanjaroflug_1929-30-LBS_MH02-07-0291.tif	User:DrTrigon/logs/eth-bib	DrTrigon	2016-08-05T01:39:38Z
3438	ETH-BIB-Lieferwagen_wird_von_einer_Gruppe_aus_dem_Fluss_gezogen-Kilimanjaroflug_1929-30-LBS_MH02-07-0291.tif	Commons:WikiProject Aviation/recent uploads/2016 June 21	Uli Elch	2017-03-16T12:36:04Z
3439	ETH-BIB-Jeep_in_der_Serengeti-Kilimanjaroflug_1929-30-LBS_MH02-07-0293.tif	User:DrTrigon/logs/eth-bib	DrTrigon	2016-08-05T01:39:38Z
3440	ETH-BIB-Jeep_in_der_Serengeti-Kilimanjaroflug_1929-30-LBS_MH02-07-0293.tif	Commons:WikiProject Aviation/recent uploads/2016 June 21	Uli Elch	2017-03-16T12:36:04Z
3441	ETH-BIB-Lieferwagen_wird_aus_dem_Fluss_gezogen-Kilimanjaroflug_1929-30-LBS_MH02-07-0294.tif	User:DrTrigon/logs/eth-bib	DrTrigon	2016-08-05T01:39:38Z
3442	ETH-BIB-Lieferwagen_wird_aus_dem_Fluss_gezogen-Kilimanjaroflug_1929-30-LBS_MH02-07-0294.tif	Commons:WikiProject Aviation/recent uploads/2016 June 21	Uli Elch	2017-03-16T12:36:04Z
3443	ETH-BIB-Lieferwagen_wird_aus_dem_Fluss_gezogen-Kilimanjaroflug_1929-30-LBS_MH02-07-0295.tif	Commons:WikiProject Aviation/recent uploads/2016 June 21	Uli Elch	2017-03-16T12:36:04Z
3444	ETH-BIB-Zwei_Kinder-Kilimanjaroflug_1929-30-LBS_MH02-07-0298.tif	User:DrTrigon/logs/eth-bib	DrTrigon	2016-08-05T01:39:38Z
3445	ETH-BIB-Zwei_Kinder-Kilimanjaroflug_1929-30-LBS_MH02-07-0298.tif	Commons:WikiProject Aviation/recent uploads/2016 June 21	Uli Elch	2017-03-16T12:36:04Z
3446	ETH-BIB-Zwei_Männer-Kilimanjaroflug_1929-30-LBS_MH02-07-0299.tif	User:DrTrigon/logs/eth-bib	DrTrigon	2016-08-05T01:39:38Z
3447	ETH-BIB-Zwei_Männer-Kilimanjaroflug_1929-30-LBS_MH02-07-0299.tif	Commons:WikiProject Aviation/recent uploads/2016 June 21	Uli Elch	2017-03-16T12:36:04Z
3448	ETH-BIB-Lieferwagen_im_Fluss-Kilimanjaroflug_1929-30-LBS_MH02-07-0292.tif	User:DrTrigon/logs/eth-bib	DrTrigon	2016-08-05T01:39:38Z
3449	ETH-BIB-Lieferwagen_im_Fluss-Kilimanjaroflug_1929-30-LBS_MH02-07-0292.tif	Commons:WikiProject Aviation/recent uploads/2016 June 21	Uli Elch	2017-03-16T12:36:04Z
3450	ETH-BIB-Portrait_eines_Mannes-Kilimanjaroflug_1929-30-LBS_MH02-07-0296.tif	User:DrTrigon/logs/eth-bib	DrTrigon	2016-08-05T01:39:38Z
3451	ETH-BIB-Portrait_eines_Mannes-Kilimanjaroflug_1929-30-LBS_MH02-07-0296.tif	Commons:WikiProject Aviation/recent uploads/2016 June 21	Uli Elch	2017-03-16T12:36:04Z
3452	ETH-BIB-Zwei_lachende_Männer-Kilimanjaroflug_1929-30-LBS_MH02-07-0297.tif	User:DrTrigon/logs/eth-bib	DrTrigon	2016-08-05T01:39:38Z
3453	ETH-BIB-Zwei_lachende_Männer-Kilimanjaroflug_1929-30-LBS_MH02-07-0297.tif	Commons:WikiProject Aviation/recent uploads/2016 June 21	Uli Elch	2017-03-16T12:36:04Z
3454	ETH-BIB-Zwei_lachende_Männer-Kilimanjaroflug_1929-30-LBS_MH02-07-0300.tif	User:DrTrigon/logs/eth-bib	DrTrigon	2016-08-05T01:39:38Z
3455	ETH-BIB-Zwei_lachende_Männer-Kilimanjaroflug_1929-30-LBS_MH02-07-0300.tif	Commons:WikiProject Aviation/recent uploads/2016 June 21	Uli Elch	2017-03-16T12:36:04Z
3456	ETH-BIB-Ein_lachender_Mann-Kilimanjaroflug_1929-30-LBS_MH02-07-0302.tif	User:DrTrigon/logs/eth-bib	DrTrigon	2016-08-05T01:39:38Z
3457	ETH-BIB-Ein_lachender_Mann-Kilimanjaroflug_1929-30-LBS_MH02-07-0302.tif	Commons:WikiProject Aviation/recent uploads/2016 June 21	Uli Elch	2017-03-16T12:36:04Z
3458	ETH-BIB-Zwei_Männer-Kilimanjaroflug_1929-30-LBS_MH02-07-0301.tif	User:DrTrigon/logs/eth-bib	DrTrigon	2016-08-05T01:39:38Z
3459	ETH-BIB-Zwei_Männer-Kilimanjaroflug_1929-30-LBS_MH02-07-0301.tif	Commons:WikiProject Aviation/recent uploads/2016 June 21	Uli Elch	2017-03-16T12:36:04Z
3460	ETH-BIB-Baron_Rothschild_im_Gespräch-Kilimanjaroflug_1929-30-LBS_MH02-07-0304.tif	User:DrTrigon/logs/ETH-Bib/01	DrTrigon	2016-07-08T19:32:12Z
3461	ETH-BIB-Baron_Rothschild_im_Gespräch-Kilimanjaroflug_1929-30-LBS_MH02-07-0304.tif	User:DrTrigon/logs/eth-bib	DrTrigon	2016-08-05T01:39:38Z
3462	ETH-BIB-Baron_Rothschild_im_Gespräch-Kilimanjaroflug_1929-30-LBS_MH02-07-0304.tif	Commons:WikiProject Aviation/recent uploads/2016 June 21	Uli Elch	2017-03-16T12:36:04Z
3463	ETH-BIB-Baron_Rothschild_im_Camp_Serengeti-Kilimanjaroflug_1929-30-LBS_MH02-07-0305.tif	User:DrTrigon/logs/eth-bib	DrTrigon	2016-08-05T01:39:38Z
3464	ETH-BIB-Baron_Rothschild_im_Camp_Serengeti-Kilimanjaroflug_1929-30-LBS_MH02-07-0305.tif	Commons:WikiProject Aviation/recent uploads/2016 June 21	Uli Elch	2017-03-16T12:36:04Z
3465	ETH-BIB-Vorbereitungen_für_die_Jagd-Kilimanjaroflug_1929-30-LBS_MH02-07-0306.tif	User:DrTrigon/logs/eth-bib	DrTrigon	2016-08-05T01:39:38Z
3466	ETH-BIB-Vorbereitungen_für_die_Jagd-Kilimanjaroflug_1929-30-LBS_MH02-07-0306.tif	Commons:WikiProject Aviation/recent uploads/2016 June 21	Uli Elch	2017-03-16T12:36:04Z
3467	ETH-BIB-Gruppe_Männer_vor_der_Jagd-Kilimanjaroflug_1929-30-LBS_MH02-07-0308.tif	User:DrTrigon/logs/eth-bib	DrTrigon	2016-08-05T01:39:38Z
3468	ETH-BIB-Gruppe_Männer_vor_der_Jagd-Kilimanjaroflug_1929-30-LBS_MH02-07-0308.tif	Commons:WikiProject Aviation/recent uploads/2016 June 21	Uli Elch	2017-03-16T12:36:04Z
3469	ETH-BIB-Gruppenfoto_der_Bewohner_des_Camps-Kilimanjaroflug_1929-30-LBS_MH02-07-0314.tif	Commons:WikiProject Aviation/recent uploads/2016 June 21	Uli Elch	2017-03-16T12:36:04Z
3470	ETH-BIB-Gruppenfoto_der_Bewohner_des_Camps-Kilimanjaroflug_1929-30-LBS_MH02-07-0316.tif	User:DrTrigon/logs/eth-bib	DrTrigon	2016-08-05T01:39:38Z
3471	ETH-BIB-Gruppenfoto_der_Bewohner_des_Camps-Kilimanjaroflug_1929-30-LBS_MH02-07-0316.tif	Commons:WikiProject Aviation/recent uploads/2016 June 21	Uli Elch	2017-03-16T12:36:04Z
3472	ETH-BIB-Gruppenfoto_der_Bewohner_des_Camps-Kilimanjaroflug_1929-30-LBS_MH02-07-0315.tif	User:DrTrigon/logs/eth-bib	DrTrigon	2016-08-05T01:39:38Z
3473	ETH-BIB-Gruppenfoto_der_Bewohner_des_Camps-Kilimanjaroflug_1929-30-LBS_MH02-07-0315.tif	Commons:WikiProject Aviation/recent uploads/2016 June 21	Uli Elch	2017-03-16T12:36:04Z
3474	ETH-BIB-Gruppenfoto_der_Bewohner_des_Camps-Kilimanjaroflug_1929-30-LBS_MH02-07-0317.tif	User:DrTrigon/logs/eth-bib	DrTrigon	2016-08-05T01:39:38Z
3475	ETH-BIB-Gruppenfoto_der_Bewohner_des_Camps-Kilimanjaroflug_1929-30-LBS_MH02-07-0317.tif	Commons:WikiProject Aviation/recent uploads/2016 June 21	Uli Elch	2017-03-16T12:36:04Z
3476	ETH-BIB-Lazarett_des_Camp_Serengeti-Kilimanjaroflug_1929-30-LBS_MH02-07-0323.tif	User:DrTrigon/logs/eth-bib	DrTrigon	2016-08-05T01:39:38Z
3477	ETH-BIB-Lazarett_des_Camp_Serengeti-Kilimanjaroflug_1929-30-LBS_MH02-07-0323.tif	Commons:WikiProject Aviation/recent uploads/2016 June 21	Uli Elch	2017-03-16T12:36:04Z
3478	ETH-BIB-Passagiere_im_Camp_Serengeti-Kilimanjaroflug_1929-30-LBS_MH02-07-0319.tif	User:DrTrigon/logs/eth-bib	DrTrigon	2016-08-05T01:39:38Z
3479	ETH-BIB-Passagiere_im_Camp_Serengeti-Kilimanjaroflug_1929-30-LBS_MH02-07-0319.tif	Commons:WikiProject Aviation/recent uploads/2016 June 21	Uli Elch	2017-03-16T12:36:04Z
3480	ETH-BIB-Fokker_über_Camp-Kilimanjaroflug_1929-30-LBS_MH02-07-0324.tif	User:DrTrigon/logs/eth-bib	DrTrigon	2016-08-05T01:39:38Z
3481	ETH-BIB-Fokker_über_Camp-Kilimanjaroflug_1929-30-LBS_MH02-07-0324.tif	Commons:WikiProject Aviation/recent uploads/2016 June 21	Uli Elch	2017-03-16T12:36:04Z
3482	ETH-BIB-Camp_Lazarett-Kilimanjaroflug_1929-30-LBS_MH02-07-0322.tif	User:DrTrigon/logs/eth-bib	DrTrigon	2016-08-05T01:39:38Z
3483	ETH-BIB-Camp_Lazarett-Kilimanjaroflug_1929-30-LBS_MH02-07-0322.tif	Commons:WikiProject Aviation/recent uploads/2016 June 21	Uli Elch	2017-03-16T12:36:04Z
3484	ETH-BIB-Löwentanz_der_Waikoma-Kilimanjaroflug_1929-30-LBS_MH02-07-0327.tif	User:DrTrigon/logs/eth-bib	DrTrigon	2016-08-05T01:39:38Z
3485	ETH-BIB-Löwentanz_der_Waikoma-Kilimanjaroflug_1929-30-LBS_MH02-07-0327.tif	Commons:WikiProject Aviation/recent uploads/2016 June 21	Uli Elch	2017-03-16T12:36:04Z
3486	ETH-BIB-Zwei_Männer-Kilimanjaroflug_1929-30-LBS_MH02-07-0329.tif	User:DrTrigon/logs/eth-bib	DrTrigon	2016-08-05T01:39:38Z
3487	ETH-BIB-Zwei_Männer-Kilimanjaroflug_1929-30-LBS_MH02-07-0329.tif	Commons:WikiProject Aviation/recent uploads/2016 June 21	Uli Elch	2017-03-16T12:36:04Z
3488	ETH-BIB-Ruhepause_im_Löwentanz_der_Waikoma-Kilimanjaroflug_1929-30-LBS_MH02-07-0335.tif	User:DrTrigon/logs/eth-bib	DrTrigon	2016-08-05T01:39:38Z
3489	ETH-BIB-Ruhepause_im_Löwentanz_der_Waikoma-Kilimanjaroflug_1929-30-LBS_MH02-07-0335.tif	Commons:WikiProject Aviation/recent uploads/2016 June 21	Uli Elch	2017-03-16T12:36:04Z
3490	ETH-BIB-Massai-Frauen-Kilimanjaroflug_1929-30-LBS_MH02-07-0331.tif	User:DrTrigon/logs/eth-bib	DrTrigon	2016-08-05T01:39:38Z
3491	ETH-BIB-Massai-Frauen-Kilimanjaroflug_1929-30-LBS_MH02-07-0331.tif	Commons:WikiProject Aviation/recent uploads/2016 June 21	Uli Elch	2017-03-16T12:36:04Z
3492	ETH-BIB-Massai-Frauen-Kilimanjaroflug_1929-30-LBS_MH02-07-0342.tif	User:DrTrigon/logs/eth-bib	DrTrigon	2016-08-05T01:39:38Z
3493	ETH-BIB-Massai-Frauen-Kilimanjaroflug_1929-30-LBS_MH02-07-0342.tif	Commons:WikiProject Aviation/recent uploads/2016 June 21	Uli Elch	2017-03-16T12:36:04Z
3494	ETH-BIB-Löwentanz_der_Waikoma-Kilimanjaroflug_1929-30-LBS_MH02-07-0333.tif	User:DrTrigon/logs/eth-bib	DrTrigon	2016-08-05T01:39:38Z
3495	ETH-BIB-Löwentanz_der_Waikoma-Kilimanjaroflug_1929-30-LBS_MH02-07-0333.tif	Commons:WikiProject Aviation/recent uploads/2016 June 21	Uli Elch	2017-03-16T12:36:04Z
3496	ETH-BIB-Kikujumutter_mit_ihren_Kindern-Kilimanjaroflug_1929-30-LBS_MH02-07-0336.tif	Commons:WikiProject Aviation/recent uploads/2016 June 21	Uli Elch	2017-03-16T12:36:04Z
3497	ETH-BIB-Kikujumutter_mit_ihren_Kindern-Kilimanjaroflug_1929-30-LBS_MH02-07-0337.tif	User:DrTrigon/logs/eth-bib	DrTrigon	2016-08-05T01:39:38Z
3498	ETH-BIB-Kikujumutter_mit_ihren_Kindern-Kilimanjaroflug_1929-30-LBS_MH02-07-0337.tif	Commons:WikiProject Aviation/recent uploads/2016 June 21	Uli Elch	2017-03-16T12:36:04Z
3499	ETH-BIB-Waikoma-Mädchen-Kilimanjaroflug_1929-30-LBS_MH02-07-0339.tif	User:DrTrigon/logs/eth-bib	DrTrigon	2016-08-05T01:39:38Z
3500	ETH-BIB-Waikoma-Mädchen-Kilimanjaroflug_1929-30-LBS_MH02-07-0339.tif	Commons:WikiProject Aviation/recent uploads/2016 June 21	Uli Elch	2017-03-16T12:36:04Z
3501	ETH-BIB-Waikoma-Mädchen-Kilimanjaroflug_1929-30-LBS_MH02-07-0341.tif	User:DrTrigon/logs/eth-bib	DrTrigon	2016-08-05T01:39:38Z
3502	ETH-BIB-Waikoma-Mädchen-Kilimanjaroflug_1929-30-LBS_MH02-07-0341.tif	Commons:WikiProject Aviation/recent uploads/2016 June 21	Uli Elch	2017-03-16T12:36:04Z
3503	ETH-BIB-Thomsongazelle-Kilimanjaroflug_1929-30-LBS_MH02-07-0354.tif	Commons:WikiProject Aviation/recent uploads/2016 June 21	Uli Elch	2017-03-16T12:36:04Z
3504	ETH-BIB-Pferdeantilope-Kilimanjaroflug_1929-30-LBS_MH02-07-0355.tif	User:DrTrigon/logs/eth-bib	DrTrigon	2016-08-05T01:39:38Z
3505	ETH-BIB-Pferdeantilope-Kilimanjaroflug_1929-30-LBS_MH02-07-0355.tif	Commons:WikiProject Aviation/recent uploads/2016 June 21	Uli Elch	2017-03-16T12:36:04Z
3506	ETH-BIB-Serengeti-Kilimanjaroflug_1929-30-LBS_MH02-07-0358.tif	User:DrTrigon/logs/eth-bib	DrTrigon	2016-08-05T01:39:38Z
3507	ETH-BIB-Serengeti-Kilimanjaroflug_1929-30-LBS_MH02-07-0358.tif	Commons:WikiProject Aviation/recent uploads/2016 June 21	Uli Elch	2017-03-16T12:36:04Z
3508	ETH-BIB-Tüpfelhyäne-Kilimanjaroflug_1929-30-LBS_MH02-07-0351.tif	User:DrTrigon/logs/eth-bib	DrTrigon	2016-08-05T01:39:38Z
3509	ETH-BIB-Tüpfelhyäne-Kilimanjaroflug_1929-30-LBS_MH02-07-0351.tif	Commons:WikiProject Aviation/recent uploads/2016 June 21	Uli Elch	2017-03-16T12:36:04Z
3510	ETH-BIB-Pferdeantilope-Kilimanjaroflug_1929-30-LBS_MH02-07-0353.tif	User:DrTrigon/logs/eth-bib	DrTrigon	2016-08-05T01:39:38Z
3511	ETH-BIB-Pferdeantilope-Kilimanjaroflug_1929-30-LBS_MH02-07-0353.tif	Commons:WikiProject Aviation/recent uploads/2016 June 21	Uli Elch	2017-03-16T12:36:04Z
3512	ETH-BIB-Känguru-Kilimanjaroflug_1929-30-LBS_MH02-07-0356.tif	User:DrTrigon/logs/eth-bib	DrTrigon	2016-08-05T01:39:38Z
3513	ETH-BIB-Känguru-Kilimanjaroflug_1929-30-LBS_MH02-07-0356.tif	Commons:WikiProject Aviation/recent uploads/2016 June 21	Uli Elch	2017-03-16T12:36:04Z
3514	ETH-BIB-Marabus_in_der_Serengeti-Kilimanjaroflug_1929-30-LBS_MH02-07-0362.tif	User:DrTrigon/logs/eth-bib	DrTrigon	2016-08-05T01:39:38Z
3515	ETH-BIB-Marabus_in_der_Serengeti-Kilimanjaroflug_1929-30-LBS_MH02-07-0362.tif	Commons:WikiProject Aviation/recent uploads/2016 June 21	Uli Elch	2017-03-16T12:36:04Z
3516	ETH-BIB-Geschossener_Löwe-Kilimanjaroflug_1929-30-LBS_MH02-07-0357.tif	User:DrTrigon/logs/eth-bib	DrTrigon	2016-08-05T01:39:38Z
3517	ETH-BIB-Geschossener_Löwe-Kilimanjaroflug_1929-30-LBS_MH02-07-0357.tif	Commons:WikiProject Aviation/recent uploads/2016 June 21	Uli Elch	2017-03-16T12:36:04Z
3518	ETH-BIB-Wasserstelle_in_der_Serengeti-Kilimanjaroflug_1929-30-LBS_MH02-07-0361.tif	User:DrTrigon/logs/eth-bib	DrTrigon	2016-08-05T01:39:38Z
3519	ETH-BIB-Wasserstelle_in_der_Serengeti-Kilimanjaroflug_1929-30-LBS_MH02-07-0361.tif	Commons:WikiProject Aviation/recent uploads/2016 June 21	Uli Elch	2017-03-16T12:36:04Z
3520	ETH-BIB-Jäger_mit_geschossenem_Löwe-Kilimanjaroflug_1929-30-LBS_MH02-07-0370.tif	Commons:WikiProject Aviation/recent uploads/2016 June 21	Uli Elch	2017-03-16T12:36:04Z
3521	ETH-BIB-Jäger_mit_geschossenem_Löwe-Kilimanjaroflug_1929-30-LBS_MH02-07-0366.tif	User:DrTrigon/logs/eth-bib	DrTrigon	2016-08-05T01:39:38Z
3522	ETH-BIB-Jäger_mit_geschossenem_Löwe-Kilimanjaroflug_1929-30-LBS_MH02-07-0366.tif	Commons:WikiProject Aviation/recent uploads/2016 June 21	Uli Elch	2017-03-16T12:36:04Z
3523	ETH-BIB-Jäger_mit_geschossener_Pferdeantilope-Kilimanjaroflug_1929-30-LBS_MH02-07-0367.tif	User:DrTrigon/logs/eth-bib	DrTrigon	2016-08-05T01:39:38Z
3524	ETH-BIB-Jäger_mit_geschossener_Pferdeantilope-Kilimanjaroflug_1929-30-LBS_MH02-07-0367.tif	Commons:WikiProject Aviation/recent uploads/2016 June 21	Uli Elch	2017-03-16T12:36:04Z
3525	ETH-BIB-Jäger_mit_geschossener_Löwin-Kilimanjaroflug_1929-30-LBS_MH02-07-0365.tif	User:DrTrigon/logs/eth-bib	DrTrigon	2016-08-05T01:39:38Z
3526	ETH-BIB-Jäger_mit_geschossener_Löwin-Kilimanjaroflug_1929-30-LBS_MH02-07-0365.tif	Commons:WikiProject Aviation/recent uploads/2016 June 21	Uli Elch	2017-03-16T12:36:04Z
3527	ETH-BIB-Zebras_in_der_Serengeti-Kilimanjaroflug_1929-30-LBS_MH02-07-0363.tif	User:DrTrigon/logs/eth-bib	DrTrigon	2016-08-05T01:39:38Z
3528	ETH-BIB-Zebras_in_der_Serengeti-Kilimanjaroflug_1929-30-LBS_MH02-07-0363.tif	Commons:WikiProject Aviation/recent uploads/2016 June 21	Uli Elch	2017-03-16T12:36:04Z
3529	ETH-BIB-Jäger_mit_geschossenem_Löwe-Kilimanjaroflug_1929-30-LBS_MH02-07-0369.tif	User:DrTrigon/logs/eth-bib	DrTrigon	2016-08-05T01:39:38Z
3530	ETH-BIB-Jäger_mit_geschossenem_Löwe-Kilimanjaroflug_1929-30-LBS_MH02-07-0369.tif	Commons:WikiProject Aviation/recent uploads/2016 June 21	Uli Elch	2017-03-16T12:36:04Z
3531	ETH-BIB-Jäger_mit_geschossener_Löwin-Kilimanjaroflug_1929-30-LBS_MH02-07-0371.tif	User:DrTrigon/logs/eth-bib	DrTrigon	2016-08-05T01:39:38Z
3532	ETH-BIB-Jäger_mit_geschossener_Löwin-Kilimanjaroflug_1929-30-LBS_MH02-07-0371.tif	Commons:WikiProject Aviation/recent uploads/2016 June 21	Uli Elch	2017-03-16T12:36:04Z
3533	ETH-BIB-Herde_Gnus_in_Serengeti-Kilimanjaroflug_1929-30-LBS_MH02-07-0377.tif	User:DrTrigon/logs/eth-bib	DrTrigon	2016-08-05T01:39:38Z
3534	ETH-BIB-Herde_Gnus_in_Serengeti-Kilimanjaroflug_1929-30-LBS_MH02-07-0377.tif	Commons:WikiProject Aviation/recent uploads/2016 June 21	Uli Elch	2017-03-16T12:36:04Z
3535	ETH-BIB-Gruppe_Aasgeier_in_Serengeti-Kilimanjaroflug_1929-30-LBS_MH02-07-0372.tif	User:DrTrigon/logs/eth-bib	DrTrigon	2016-08-05T01:39:38Z
3536	ETH-BIB-Gruppe_Aasgeier_in_Serengeti-Kilimanjaroflug_1929-30-LBS_MH02-07-0372.tif	Commons:WikiProject Aviation/recent uploads/2016 June 21	Uli Elch	2017-03-16T12:36:04Z
3537	ETH-BIB-Vögel_auf_Baum_in_der_Serengeti-Kilimanjaroflug_1929-30-LBS_MH02-07-0380.tif	User:DrTrigon/logs/eth-bib	DrTrigon	2016-08-05T01:39:38Z
3538	ETH-BIB-Vögel_auf_Baum_in_der_Serengeti-Kilimanjaroflug_1929-30-LBS_MH02-07-0380.tif	Commons:WikiProject Aviation/recent uploads/2016 June 21	Uli Elch	2017-03-16T12:36:04Z
3539	ETH-BIB-Zebras_in_der_Serengeti-Kilimanjaroflug_1929-30-LBS_MH02-07-0379.tif	User:DrTrigon/logs/eth-bib	DrTrigon	2016-08-05T01:39:38Z
3540	ETH-BIB-Zebras_in_der_Serengeti-Kilimanjaroflug_1929-30-LBS_MH02-07-0379.tif	Commons:WikiProject Aviation/recent uploads/2016 June 21	Uli Elch	2017-03-16T12:36:04Z
3541	ETH-BIB-Gruppe_Kinder_beim_Salutieren-Kilimanjaroflug_1929-30-LBS_MH02-07-0382.tif	User:DrTrigon/logs/eth-bib	DrTrigon	2016-08-05T01:39:38Z
3542	ETH-BIB-Gruppe_Kinder_beim_Salutieren-Kilimanjaroflug_1929-30-LBS_MH02-07-0382.tif	Commons:WikiProject Aviation/recent uploads/2016 June 21	Uli Elch	2017-03-16T12:36:04Z
3543	ETH-BIB-Von_Wasser_umgebener_Baumstamm-Kilimanjaroflug_1929-30-LBS_MH02-07-0383.tif	User:DrTrigon/logs/eth-bib	DrTrigon	2016-08-05T01:39:38Z
3544	ETH-BIB-Von_Wasser_umgebener_Baumstamm-Kilimanjaroflug_1929-30-LBS_MH02-07-0383.tif	Commons:WikiProject Aviation/recent uploads/2016 June 21	Uli Elch	2017-03-16T12:36:04Z
3545	ETH-BIB-Passagiere_vor_Fokker-Kilimanjaroflug_1929-30-LBS_MH02-07-0381.tif	User:DrTrigon/logs/eth-bib	DrTrigon	2016-08-05T01:39:38Z
3546	ETH-BIB-Passagiere_vor_Fokker-Kilimanjaroflug_1929-30-LBS_MH02-07-0381.tif	Commons:WikiProject Aviation/recent uploads/2016 June 21	Uli Elch	2017-03-16T12:36:04Z
3547	ETH-BIB-Löwin_in_Serengeti-Kilimanjaroflug_1929-30-LBS_MH02-07-0378.tif	User:DrTrigon/logs/eth-bib	DrTrigon	2016-08-05T01:39:38Z
3548	ETH-BIB-Löwin_in_Serengeti-Kilimanjaroflug_1929-30-LBS_MH02-07-0378.tif	Commons:WikiProject Aviation/recent uploads/2016 June 21	Uli Elch	2017-03-16T12:36:04Z
3549	ETH-BIB-Nackter_Knabe_in_einem_Bach_in_der_Serengeti-Kilimanjaroflug_1929-30-LBS_MH02-07-0387.tif	User:DrTrigon/logs/eth-bib	DrTrigon	2016-08-05T01:39:38Z
3550	ETH-BIB-Nackter_Knabe_in_einem_Bach_in_der_Serengeti-Kilimanjaroflug_1929-30-LBS_MH02-07-0387.tif	Commons:WikiProject Aviation/recent uploads/2016 June 21	Uli Elch	2017-03-16T12:36:04Z
3551	ETH-BIB-Städtchen-Kilimanjaroflug_1929-30-LBS_MH02-07-0427.tif	User:DrTrigon/logs/eth-bib	DrTrigon	2016-08-05T01:39:38Z
3552	ETH-BIB-Städtchen-Kilimanjaroflug_1929-30-LBS_MH02-07-0427.tif	Commons:WikiProject Aviation/recent uploads/2016 June 21	Uli Elch	2017-03-16T12:36:04Z
3553	ETH-BIB-Karte-_Das_Hochland_der_Riesenkrater-Kilimanjaroflug_1929-30-LBS_MH02-07-0122.tif	User:DrTrigon/logs/eth-bib	DrTrigon	2016-08-05T01:39:38Z
3554	ETH-BIB-Karte-_Das_Hochland_der_Riesenkrater-Kilimanjaroflug_1929-30-LBS_MH02-07-0122.tif	Commons:WikiProject Aviation/recent uploads/2016 June 21	Uli Elch	2017-03-16T12:36:04Z
3555	ETH-BIB-Karte-_Afrika-_Physische_Übersicht-Kilimanjaroflug_1929-30-LBS_MH02-07-0125.tif	User:DrTrigon/logs/eth-bib	DrTrigon	2016-08-05T01:39:38Z
3556	ETH-BIB-Karte-_Afrika-_Physische_Übersicht-Kilimanjaroflug_1929-30-LBS_MH02-07-0125.tif	Commons:WikiProject Aviation/recent uploads/2016 June 21	Uli Elch	2017-03-16T12:36:04Z
3557	ETH-BIB-Betanken_der_Fokker-Kilimanjaroflug_1929-30-LBS_MH02-07-0132.tif	User:DrTrigon/logs/ETH-Bib/01	DrTrigon	2016-07-08T19:32:12Z
3558	ETH-BIB-Betanken_der_Fokker-Kilimanjaroflug_1929-30-LBS_MH02-07-0132.tif	User:DrTrigon/logs/eth-bib	DrTrigon	2016-08-05T01:39:38Z
3559	ETH-BIB-Betanken_der_Fokker-Kilimanjaroflug_1929-30-LBS_MH02-07-0132.tif	Commons:WikiProject Aviation/recent uploads/2016 June 21	Uli Elch	2017-03-16T12:36:04Z
3560	ETH-BIB-Soldat,_fotografiert_bei_Tankhalt-Kilimanjaroflug_1929-30-LBS_MH02-07-0133.tif	Commons:WikiProject Aviation/recent uploads/2016 June 21	Uli Elch	2017-03-16T12:36:04Z
3561	ETH-BIB-Bachvegetation_am_Makungu-River-Kilimanjaroflug_1929-30-LBS_MH02-07-0451.tif	User:DrTrigon/logs/ETH-Bib/01	DrTrigon	2016-07-08T19:32:12Z
3562	ETH-BIB-Bachvegetation_am_Makungu-River-Kilimanjaroflug_1929-30-LBS_MH02-07-0451.tif	User:DrTrigon/logs/eth-bib	DrTrigon	2016-08-05T01:39:38Z
3563	ETH-BIB-Bachvegetation_am_Makungu-River-Kilimanjaroflug_1929-30-LBS_MH02-07-0451.tif	Commons:WikiProject Aviation/recent uploads/2016 June 21	Uli Elch	2017-03-16T12:36:04Z
3564	ETH-BIB-Bachvegetation_am_Makungu-River-Kilimanjaroflug_1929-30-LBS_MH02-07-0452.tif	User:DrTrigon/logs/ETH-Bib/01	DrTrigon	2016-07-08T19:32:12Z
3565	ETH-BIB-Bachvegetation_am_Makungu-River-Kilimanjaroflug_1929-30-LBS_MH02-07-0452.tif	User:DrTrigon/logs/eth-bib	DrTrigon	2016-08-05T01:39:38Z
3566	ETH-BIB-Bachvegetation_am_Makungu-River-Kilimanjaroflug_1929-30-LBS_MH02-07-0452.tif	Commons:WikiProject Aviation/recent uploads/2016 June 21	Uli Elch	2017-03-16T12:36:04Z
3567	ETH-BIB-Bachvegetation_am_Makungu-River-Kilimanjaroflug_1929-30-LBS_MH02-07-0450.tif	User:DrTrigon/logs/ETH-Bib/01	DrTrigon	2016-07-08T19:32:12Z
3568	ETH-BIB-Bachvegetation_am_Makungu-River-Kilimanjaroflug_1929-30-LBS_MH02-07-0450.tif	Commons:WikiProject Aviation/recent uploads/2016 June 21	Uli Elch	2017-03-16T12:36:04Z
3569	ETH-BIB-Bachvegetation_am_Makungu-River-Kilimanjaroflug_1929-30-LBS_MH02-07-0454.tif	User:DrTrigon/logs/ETH-Bib/01	DrTrigon	2016-07-08T19:32:12Z
3570	ETH-BIB-Bachvegetation_am_Makungu-River-Kilimanjaroflug_1929-30-LBS_MH02-07-0454.tif	User:DrTrigon/logs/eth-bib	DrTrigon	2016-08-05T01:39:38Z
3571	ETH-BIB-Bachvegetation_am_Makungu-River-Kilimanjaroflug_1929-30-LBS_MH02-07-0454.tif	Commons:WikiProject Aviation/recent uploads/2016 June 21	Uli Elch	2017-03-16T12:36:04Z
3572	ETH-BIB-Bachvegetation_am_Makungu-River-Kilimanjaroflug_1929-30-LBS_MH02-07-0455.tif	User:DrTrigon/logs/eth-bib	DrTrigon	2016-08-05T01:39:38Z
3573	ETH-BIB-Bachvegetation_am_Makungu-River-Kilimanjaroflug_1929-30-LBS_MH02-07-0455.tif	Commons:WikiProject Aviation/recent uploads/2016 June 21	Uli Elch	2017-03-16T12:36:04Z
3574	ETH-BIB-Bachvegetation_am_Makungu-River-Kilimanjaroflug_1929-30-LBS_MH02-07-0457.tif	User:DrTrigon/logs/ETH-Bib/01	DrTrigon	2016-07-08T19:32:12Z
3575	ETH-BIB-Bachvegetation_am_Makungu-River-Kilimanjaroflug_1929-30-LBS_MH02-07-0457.tif	User:DrTrigon/logs/eth-bib	DrTrigon	2016-08-05T01:39:38Z
3576	ETH-BIB-Bachvegetation_am_Makungu-River-Kilimanjaroflug_1929-30-LBS_MH02-07-0457.tif	Commons:WikiProject Aviation/recent uploads/2016 June 21	Uli Elch	2017-03-16T12:36:04Z
3577	ETH-BIB-Bachvegetation_am_Makungu-River-Kilimanjaroflug_1929-30-LBS_MH02-07-0456.tif	User:DrTrigon/logs/ETH-Bib/01	DrTrigon	2016-07-08T19:32:12Z
3578	ETH-BIB-Bachvegetation_am_Makungu-River-Kilimanjaroflug_1929-30-LBS_MH02-07-0456.tif	User:DrTrigon/logs/eth-bib	DrTrigon	2016-08-05T01:39:38Z
3579	ETH-BIB-Bachvegetation_am_Makungu-River-Kilimanjaroflug_1929-30-LBS_MH02-07-0456.tif	Commons:WikiProject Aviation/recent uploads/2016 June 21	Uli Elch	2017-03-16T12:36:04Z
3580	ETH-BIB-Bachvegetation_am_Makungu-River-Kilimanjaroflug_1929-30-LBS_MH02-07-0460.tif	User:DrTrigon/logs/ETH-Bib/01	DrTrigon	2016-07-08T19:32:12Z
3581	ETH-BIB-Bachvegetation_am_Makungu-River-Kilimanjaroflug_1929-30-LBS_MH02-07-0460.tif	User:DrTrigon/logs/eth-bib	DrTrigon	2016-08-05T01:39:38Z
3582	ETH-BIB-Bachvegetation_am_Makungu-River-Kilimanjaroflug_1929-30-LBS_MH02-07-0460.tif	Commons:WikiProject Aviation/recent uploads/2016 June 21	Uli Elch	2017-03-16T12:36:04Z
3583	ETH-BIB-Bachvegetation_am_Makungu-River-Kilimanjaroflug_1929-30-LBS_MH02-07-0459.tif	User:DrTrigon/logs/eth-bib	DrTrigon	2016-08-05T01:39:38Z
3584	ETH-BIB-Bachvegetation_am_Makungu-River-Kilimanjaroflug_1929-30-LBS_MH02-07-0459.tif	Commons:WikiProject Aviation/recent uploads/2016 June 21	Uli Elch	2017-03-16T12:36:04Z
3585	ETH-BIB-Mann_vor_Palmengebüsch-Kilimanjaroflug_1929-30-LBS_MH02-07-0465.tif	User:DrTrigon/logs/eth-bib	DrTrigon	2016-08-05T01:39:38Z
3586	ETH-BIB-Mann_vor_Palmengebüsch-Kilimanjaroflug_1929-30-LBS_MH02-07-0465.tif	Commons:WikiProject Aviation/recent uploads/2016 June 21	Uli Elch	2017-03-16T12:36:04Z
3587	ETH-BIB-Männer_beim_Hausbau-Kilimanjaroflug_1929-30-LBS_MH02-07-0466.tif	User:DrTrigon/logs/eth-bib	DrTrigon	2016-08-05T01:39:38Z
3588	ETH-BIB-Männer_beim_Hausbau-Kilimanjaroflug_1929-30-LBS_MH02-07-0466.tif	Commons:WikiProject Aviation/recent uploads/2016 June 21	Uli Elch	2017-03-16T12:36:04Z
3589	ETH-BIB-Bachvegetation_am_Makungu-River-Kilimanjaroflug_1929-30-LBS_MH02-07-0461.tif	User:DrTrigon/logs/ETH-Bib/01	DrTrigon	2016-07-08T19:32:12Z
3590	ETH-BIB-Bachvegetation_am_Makungu-River-Kilimanjaroflug_1929-30-LBS_MH02-07-0461.tif	User:DrTrigon/logs/eth-bib	DrTrigon	2016-08-05T01:39:38Z
3591	ETH-BIB-Bachvegetation_am_Makungu-River-Kilimanjaroflug_1929-30-LBS_MH02-07-0461.tif	Commons:WikiProject Aviation/recent uploads/2016 June 21	Uli Elch	2017-03-16T12:36:04Z
3592	ETH-BIB-Baron_Rothschild-Kilimanjaroflug_1929-30-LBS_MH02-07-0476.tif	User:DrTrigon/logs/ETH-Bib/01	DrTrigon	2016-07-08T19:32:12Z
3593	ETH-BIB-Baron_Rothschild-Kilimanjaroflug_1929-30-LBS_MH02-07-0476.tif	User:DrTrigon/logs/eth-bib	DrTrigon	2016-08-05T01:39:38Z
3594	ETH-BIB-Baron_Rothschild-Kilimanjaroflug_1929-30-LBS_MH02-07-0476.tif	Commons:WikiProject Aviation/recent uploads/2016 June 21	Uli Elch	2017-03-16T12:36:04Z
3595	ETH-BIB-Zwei_Männer_im_Camp_Serengeti-Kilimanjaroflug_1929-30-LBS_MH02-07-0477.tif	User:DrTrigon/logs/eth-bib	DrTrigon	2016-08-05T01:39:38Z
3596	ETH-BIB-Zwei_Männer_im_Camp_Serengeti-Kilimanjaroflug_1929-30-LBS_MH02-07-0477.tif	Commons:WikiProject Aviation/recent uploads/2016 June 21	Uli Elch	2017-03-16T12:36:04Z
3597	ETH-BIB-Baron_Rothschild_mit_Gewehr-Kilimanjaroflug_1929-30-LBS_MH02-07-0479.tif	User:DrTrigon/logs/ETH-Bib/01	DrTrigon	2016-07-08T19:32:12Z
3598	ETH-BIB-Baron_Rothschild_mit_Gewehr-Kilimanjaroflug_1929-30-LBS_MH02-07-0479.tif	User:DrTrigon/logs/eth-bib	DrTrigon	2016-08-05T01:39:38Z
3599	ETH-BIB-Baron_Rothschild_mit_Gewehr-Kilimanjaroflug_1929-30-LBS_MH02-07-0479.tif	Commons:WikiProject Aviation/recent uploads/2016 June 21	Uli Elch	2017-03-16T12:36:04Z
3600	ETH-BIB-Baron_Rothschild_mit_Gewehr-Kilimanjaroflug_1929-30-LBS_MH02-07-0480.tif	User:DrTrigon/logs/ETH-Bib/01	DrTrigon	2016-07-08T19:32:12Z
3601	ETH-BIB-Baron_Rothschild_mit_Gewehr-Kilimanjaroflug_1929-30-LBS_MH02-07-0480.tif	Commons:WikiProject Aviation/recent uploads/2016 June 21	Uli Elch	2017-03-16T12:36:04Z
3602	ETH-BIB-Palmen-Kilimanjaroflug_1929-30-LBS_MH02-07-0463.tif	User:DrTrigon/logs/eth-bib	DrTrigon	2016-08-05T01:39:38Z
3603	ETH-BIB-Palmen-Kilimanjaroflug_1929-30-LBS_MH02-07-0463.tif	Commons:WikiProject Aviation/recent uploads/2016 June 21	Uli Elch	2017-03-16T12:36:04Z
3604	ETH-BIB-Lazarett_des_Camp_Serengeti-Kilimanjaroflug_1929-30-LBS_MH02-07-0481.tif	User:DrTrigon/logs/eth-bib	DrTrigon	2016-08-05T01:39:38Z
3605	ETH-BIB-Lazarett_des_Camp_Serengeti-Kilimanjaroflug_1929-30-LBS_MH02-07-0481.tif	Commons:WikiProject Aviation/recent uploads/2016 June 21	Uli Elch	2017-03-16T12:36:04Z
3606	ETH-BIB-Baron_Rothschild-Kilimanjaroflug_1929-30-LBS_MH02-07-0475.tif	User:DrTrigon/logs/ETH-Bib/01	DrTrigon	2016-07-08T19:32:12Z
3607	ETH-BIB-Baron_Rothschild-Kilimanjaroflug_1929-30-LBS_MH02-07-0475.tif	User:DrTrigon/logs/eth-bib	DrTrigon	2016-08-05T01:39:38Z
3608	ETH-BIB-Baron_Rothschild-Kilimanjaroflug_1929-30-LBS_MH02-07-0475.tif	Commons:WikiProject Aviation/recent uploads/2016 June 21	Uli Elch	2017-03-16T12:36:04Z
3609	ETH-BIB-Alfred_Künzle_und_Mechaniker_Wegmann_im_Serengeti_Camp-Kilimanjaroflug_1929-30-LBS_MH02-07-0482.tif	User:DrTrigon/logs/eth-bib	DrTrigon	2016-08-05T01:39:38Z
3610	ETH-BIB-Alfred_Künzle_und_Mechaniker_Wegmann_im_Serengeti_Camp-Kilimanjaroflug_1929-30-LBS_MH02-07-0482.tif	Commons:WikiProject Aviation/recent uploads/2016 June 21	Uli Elch	2017-03-16T12:36:04Z
3611	ETH-BIB-Junge_vor_Hütte_im_Camp_Serengeti-Kilimanjaroflug_1929-30-LBS_MH02-07-0485.tif	User:DrTrigon/logs/eth-bib	DrTrigon	2016-08-05T01:39:38Z
3612	ETH-BIB-Junge_vor_Hütte_im_Camp_Serengeti-Kilimanjaroflug_1929-30-LBS_MH02-07-0485.tif	Commons:WikiProject Aviation/recent uploads/2016 June 21	Uli Elch	2017-03-16T12:36:04Z
3613	ETH-BIB-Schirmakazie_in_der_Serengeti-Kilimanjaroflug_1929-30-LBS_MH02-07-0487.tif	User:DrTrigon/logs/eth-bib	DrTrigon	2016-08-05T01:39:38Z
3614	ETH-BIB-Schirmakazie_in_der_Serengeti-Kilimanjaroflug_1929-30-LBS_MH02-07-0487.tif	Commons:WikiProject Aviation/recent uploads/2016 June 21	Uli Elch	2017-03-16T12:36:04Z
3615	ETH-BIB-Lazarett_des_Camp_Serengeti-Kilimanjaroflug_1929-30-LBS_MH02-07-0483.tif	User:DrTrigon/logs/eth-bib	DrTrigon	2016-08-05T01:39:38Z
3616	ETH-BIB-Lazarett_des_Camp_Serengeti-Kilimanjaroflug_1929-30-LBS_MH02-07-0483.tif	Commons:WikiProject Aviation/recent uploads/2016 June 21	Uli Elch	2017-03-16T12:36:04Z
3617	ETH-BIB-Schirmakazie_in_der_Serengeti-Kilimanjaroflug_1929-30-LBS_MH02-07-0488.tif	User:DrTrigon/logs/eth-bib	DrTrigon	2016-08-05T01:39:38Z
3618	ETH-BIB-Schirmakazie_in_der_Serengeti-Kilimanjaroflug_1929-30-LBS_MH02-07-0488.tif	Commons:WikiProject Aviation/recent uploads/2016 June 21	Uli Elch	2017-03-16T12:36:04Z
3619	ETH-BIB-Lazarett_des_Camp_Serengeti-Kilimanjaroflug_1929-30-LBS_MH02-07-0484.tif	User:DrTrigon/logs/eth-bib	DrTrigon	2016-08-05T01:39:38Z
3620	ETH-BIB-Lazarett_des_Camp_Serengeti-Kilimanjaroflug_1929-30-LBS_MH02-07-0484.tif	Commons:WikiProject Aviation/recent uploads/2016 June 21	Uli Elch	2017-03-16T12:36:04Z
3621	ETH-BIB-Schirmakazie_in_der_Serengeti-Kilimanjaroflug_1929-30-LBS_MH02-07-0486.tif	User:DrTrigon/logs/eth-bib	DrTrigon	2016-08-05T01:39:38Z
3622	ETH-BIB-Schirmakazie_in_der_Serengeti-Kilimanjaroflug_1929-30-LBS_MH02-07-0486.tif	Commons:WikiProject Aviation/recent uploads/2016 June 21	Uli Elch	2017-03-16T12:36:04Z
3623	ETH-BIB-Schirmakazie_in_der_Serengeti-Kilimanjaroflug_1929-30-LBS_MH02-07-0489.tif	User:DrTrigon/logs/eth-bib	DrTrigon	2016-08-05T01:39:38Z
3624	ETH-BIB-Schirmakazie_in_der_Serengeti-Kilimanjaroflug_1929-30-LBS_MH02-07-0489.tif	Commons:WikiProject Aviation/recent uploads/2016 June 21	Uli Elch	2017-03-16T12:36:04Z
3625	ETH-BIB-Schirmakazien_in_der_Serengeti-Kilimanjaroflug_1929-30-LBS_MH02-07-0492.tif	User:DrTrigon/logs/eth-bib	DrTrigon	2016-08-05T01:39:38Z
3626	ETH-BIB-Schirmakazien_in_der_Serengeti-Kilimanjaroflug_1929-30-LBS_MH02-07-0492.tif	Commons:WikiProject Aviation/recent uploads/2016 June 21	Uli Elch	2017-03-16T12:36:04Z
3627	ETH-BIB-Schirmakazien_in_der_Serengeti-Kilimanjaroflug_1929-30-LBS_MH02-07-0494.tif	User:DrTrigon/logs/eth-bib	DrTrigon	2016-08-05T01:39:38Z
3628	ETH-BIB-Schirmakazien_in_der_Serengeti-Kilimanjaroflug_1929-30-LBS_MH02-07-0494.tif	Commons:WikiProject Aviation/recent uploads/2016 June 21	Uli Elch	2017-03-16T12:36:04Z
3629	ETH-BIB-Zelte_im_Camp_Serengeti-Kilimanjaroflug_1929-30-LBS_MH02-07-0497.tif	User:DrTrigon/logs/eth-bib	DrTrigon	2016-08-05T01:39:38Z
3630	ETH-BIB-Zelte_im_Camp_Serengeti-Kilimanjaroflug_1929-30-LBS_MH02-07-0497.tif	Commons:WikiProject Aviation/recent uploads/2016 June 21	Uli Elch	2017-03-16T12:36:04Z
3631	ETH-BIB-Hütten_im_Camp_Serengeti-Kilimanjaroflug_1929-30-LBS_MH02-07-0499.tif	User:DrTrigon/logs/eth-bib	DrTrigon	2016-08-05T01:39:38Z
3632	ETH-BIB-Hütten_im_Camp_Serengeti-Kilimanjaroflug_1929-30-LBS_MH02-07-0499.tif	Commons:WikiProject Aviation/recent uploads/2016 June 21	Uli Elch	2017-03-16T12:36:04Z
3633	ETH-BIB-Zelt_und_Feuerstelle_im_Camp_Serengeti-Kilimanjaroflug_1929-30-LBS_MH02-07-0500.tif	User:DrTrigon/logs/eth-bib	DrTrigon	2016-08-05T01:39:38Z
3634	ETH-BIB-Zelt_und_Feuerstelle_im_Camp_Serengeti-Kilimanjaroflug_1929-30-LBS_MH02-07-0500.tif	Commons:WikiProject Aviation/recent uploads/2016 June 21	Uli Elch	2017-03-16T12:36:04Z
3635	ETH-BIB-Jeeps_im_Camp_Serengeti-Kilimanjaroflug_1929-30-LBS_MH02-07-0498.tif	User:DrTrigon/logs/eth-bib	DrTrigon	2016-08-05T01:39:38Z
3636	ETH-BIB-Jeeps_im_Camp_Serengeti-Kilimanjaroflug_1929-30-LBS_MH02-07-0498.tif	Commons:WikiProject Aviation/recent uploads/2016 June 21	Uli Elch	2017-03-16T12:36:04Z
3637	ETH-BIB-Zelte_im_Camp_Serengeti-Kilimanjaroflug_1929-30-LBS_MH02-07-0501.tif	User:DrTrigon/logs/eth-bib	DrTrigon	2016-08-05T01:39:38Z
3638	ETH-BIB-Zelte_im_Camp_Serengeti-Kilimanjaroflug_1929-30-LBS_MH02-07-0501.tif	Commons:WikiProject Aviation/recent uploads/2016 June 21	Uli Elch	2017-03-16T12:36:04Z
3639	ETH-BIB-Zeltreihe_im_Camp_Serengeti-Kilimanjaroflug_1929-30-LBS_MH02-07-0504.tif	User:DrTrigon/logs/eth-bib	DrTrigon	2016-08-05T01:39:38Z
3640	ETH-BIB-Zeltreihe_im_Camp_Serengeti-Kilimanjaroflug_1929-30-LBS_MH02-07-0504.tif	Commons:WikiProject Aviation/recent uploads/2016 June 21	Uli Elch	2017-03-16T12:36:04Z
3641	ETH-BIB-Knabe_in_der_Serengeti-Kilimanjaroflug_1929-30-LBS_MH02-07-0512.tif	User:DrTrigon/logs/eth-bib	DrTrigon	2016-08-05T01:39:38Z
3642	ETH-BIB-Knabe_in_der_Serengeti-Kilimanjaroflug_1929-30-LBS_MH02-07-0512.tif	Commons:WikiProject Aviation/recent uploads/2016 June 21	Uli Elch	2017-03-16T12:36:04Z
3643	ETH-BIB-Nackter_Knabe_in_Bach_in_Serengeti-Kilimanjaroflug_1929-30-LBS_MH02-07-0514.tif	User:DrTrigon/logs/eth-bib	DrTrigon	2016-08-05T01:39:38Z
3644	ETH-BIB-Nackter_Knabe_in_Bach_in_Serengeti-Kilimanjaroflug_1929-30-LBS_MH02-07-0514.tif	Commons:WikiProject Aviation/recent uploads/2016 June 21	Uli Elch	2017-03-16T12:36:04Z
3645	ETH-BIB-Termitenhügel-Kilimanjaroflug_1929-30-LBS_MH02-07-0511.tif	User:DrTrigon/logs/eth-bib	DrTrigon	2016-08-05T01:39:38Z
3646	ETH-BIB-Termitenhügel-Kilimanjaroflug_1929-30-LBS_MH02-07-0511.tif	Commons:WikiProject Aviation/recent uploads/2016 June 21	Uli Elch	2017-03-16T12:36:04Z
3647	ETH-BIB-Vulkan_in_den_Wolken-Kilimanjaroflug_1929-30-LBS_MH02-07-0542.tif	User:DrTrigon/logs/eth-bib	DrTrigon	2016-08-05T01:39:38Z
3648	ETH-BIB-Vulkan_in_den_Wolken-Kilimanjaroflug_1929-30-LBS_MH02-07-0542.tif	Commons:WikiProject Aviation/recent uploads/2016 June 21	Uli Elch	2017-03-16T12:36:04Z
3649	ETH-BIB-Grenze_fruchtbares_Land_-_Wüste_aus_der_Luft-Kilimanjaroflug_1929-30-LBS_MH02-07-0587.tif	User:DrTrigon/logs/eth-bib	DrTrigon	2016-08-05T01:39:38Z
3650	ETH-BIB-Grenze_fruchtbares_Land_-_Wüste_aus_der_Luft-Kilimanjaroflug_1929-30-LBS_MH02-07-0587.tif	Commons:WikiProject Aviation/recent uploads/2016 June 21	Uli Elch	2017-03-16T12:36:04Z
3651	ETH-BIB-Gruppe_vor_Fokker-Kilimanjaroflug_1929-30-LBS_MH02-07-0592.tif	User:DrTrigon/logs/eth-bib	DrTrigon	2016-08-05T01:39:38Z
3652	ETH-BIB-Gruppe_vor_Fokker-Kilimanjaroflug_1929-30-LBS_MH02-07-0592.tif	Commons:WikiProject Aviation/recent uploads/2016 June 21	Uli Elch	2017-03-16T12:36:04Z
3653	ETH-BIB-Palmenhain-Kilimanjaroflug_1929-30-LBS_MH02-07-0591.tif	User:DrTrigon/logs/eth-bib	DrTrigon	2016-08-05T01:39:38Z
3654	ETH-BIB-Palmenhain-Kilimanjaroflug_1929-30-LBS_MH02-07-0591.tif	Commons:WikiProject Aviation/recent uploads/2016 June 21	Uli Elch	2017-03-16T12:36:04Z
3655	ETH-BIB-Ufer_eines_Sees-Kilimanjaroflug_1929-30-LBS_MH02-07-0590.tif	User:DrTrigon/logs/eth-bib	DrTrigon	2016-08-05T01:39:38Z
3656	ETH-BIB-Ufer_eines_Sees-Kilimanjaroflug_1929-30-LBS_MH02-07-0590.tif	Commons:WikiProject Aviation/recent uploads/2016 June 21	Uli Elch	2017-03-16T12:36:04Z
3657	ETH-BIB-Ufer_eines_Sees-Kilimanjaroflug_1929-30-LBS_MH02-07-0589.tif	User:DrTrigon/logs/eth-bib	DrTrigon	2016-08-05T01:39:38Z
3658	ETH-BIB-Ufer_eines_Sees-Kilimanjaroflug_1929-30-LBS_MH02-07-0589.tif	Commons:WikiProject Aviation/recent uploads/2016 June 21	Uli Elch	2017-03-16T12:36:04Z
3659	ETH-BIB-Statue_des_Ramses_II_in_Memphis,_Ägypten-Kilimanjaroflug_1929-30-LBS_MH02-07-0157.tif	User:DrTrigon/logs/eth-bib	DrTrigon	2016-08-05T01:39:38Z
3660	ETH-BIB-Statue_des_Ramses_II_in_Memphis,_Ägypten-Kilimanjaroflug_1929-30-LBS_MH02-07-0157.tif	Commons:WikiProject Aviation/recent uploads/2016 June 21	Uli Elch	2017-03-16T12:36:04Z
3661	ETH-BIB-Statue_des_Ramses_II_in_Memphis,_Ägypten-Kilimanjaroflug_1929-30-LBS_MH02-07-0167.tif	User:DrTrigon/logs/eth-bib	DrTrigon	2016-08-05T01:39:38Z
3662	ETH-BIB-Statue_des_Ramses_II_in_Memphis,_Ägypten-Kilimanjaroflug_1929-30-LBS_MH02-07-0167.tif	Commons:WikiProject Aviation/recent uploads/2016 June 21	Uli Elch	2017-03-16T12:36:04Z
3663	ETH-BIB-Das_Serengeti-Camp-Kilimanjaroflug_1929-30-LBS_MH02-07-0047.tif	User:DrTrigon/logs/ETH-Bib/01	DrTrigon	2016-07-08T19:32:12Z
3664	ETH-BIB-Das_Serengeti-Camp-Kilimanjaroflug_1929-30-LBS_MH02-07-0047.tif	User:DrTrigon/logs/eth-bib	DrTrigon	2016-08-05T01:39:38Z
3665	ETH-BIB-Das_Serengeti-Camp-Kilimanjaroflug_1929-30-LBS_MH02-07-0047.tif	Commons:WikiProject Aviation/recent uploads/2016 June 21	Uli Elch	2017-03-16T12:36:04Z
3666	ETH-BIB-Fliehende_Giraffen_im_Buschwald-Kilimanjaroflug_1929-30-LBS_MH02-07-0068.tif	User:DrTrigon/logs/eth-bib	DrTrigon	2016-08-05T01:39:38Z
3667	ETH-BIB-Fliehende_Giraffen_im_Buschwald-Kilimanjaroflug_1929-30-LBS_MH02-07-0068.tif	Commons:WikiProject Aviation/recent uploads/2016 June 21	Uli Elch	2017-03-16T12:36:04Z
3668	ETH-BIB-Gruppe_Kinder_auf_einem_Felsen_in_der_Serengeti-Kilimanjaroflug_1929-30-LBS_MH02-07-0070.tif	User:DrTrigon/logs/eth-bib	DrTrigon	2016-08-05T01:39:38Z
3669	ETH-BIB-Gruppe_Kinder_auf_einem_Felsen_in_der_Serengeti-Kilimanjaroflug_1929-30-LBS_MH02-07-0070.tif	Commons:WikiProject Aviation/recent uploads/2016 June 21	Uli Elch	2017-03-16T12:36:04Z
3670	ETH-BIB-Familie_in_der_Serengeti-Kilimanjaroflug_1929-30-LBS_MH02-07-0073.tif	Commons:WikiProject Aviation/recent uploads/2016 June 21	Uli Elch	2017-03-16T12:36:04Z
3671	ETH-BIB-Einheimischer_Jäger_im_Serengeti-Camp-Kilimanjaroflug_1929-30-LBS_MH02-07-0074.tif	User:DrTrigon/logs/eth-bib	DrTrigon	2016-08-05T01:39:38Z
3672	ETH-BIB-Einheimischer_Jäger_im_Serengeti-Camp-Kilimanjaroflug_1929-30-LBS_MH02-07-0074.tif	Commons:WikiProject Aviation/recent uploads/2016 June 21	Uli Elch	2017-03-16T12:36:04Z
3673	ETH-BIB-Familie_in_der_Serengeti-Kilimanjaroflug_1929-30-LBS_MH02-07-0071.tif	Commons:WikiProject Aviation/recent uploads/2016 June 21	Uli Elch	2017-03-16T12:36:04Z
3674	ETH-BIB-Camp_Serengeti-Kilimanjaroflug_1929-30-LBS_MH02-07-0285.tif	User:DrTrigon/logs/ETH-Bib/01	DrTrigon	2016-07-08T19:32:12Z
3675	ETH-BIB-Camp_Serengeti-Kilimanjaroflug_1929-30-LBS_MH02-07-0285.tif	User:DrTrigon/logs/eth-bib	DrTrigon	2016-08-05T01:39:38Z
3676	ETH-BIB-Camp_Serengeti-Kilimanjaroflug_1929-30-LBS_MH02-07-0285.tif	Commons:WikiProject Aviation/recent uploads/2016 June 21	Uli Elch	2017-03-16T12:36:04Z
3677	ETH-BIB-Camp_Serengeti-Kilimanjaroflug_1929-30-LBS_MH02-07-0312.tif	User:DrTrigon/logs/ETH-Bib/01	DrTrigon	2016-07-08T19:32:12Z
3678	ETH-BIB-Camp_Serengeti-Kilimanjaroflug_1929-30-LBS_MH02-07-0312.tif	User:DrTrigon/logs/eth-bib	DrTrigon	2016-08-05T01:39:38Z
3679	ETH-BIB-Camp_Serengeti-Kilimanjaroflug_1929-30-LBS_MH02-07-0312.tif	Commons:WikiProject Aviation/recent uploads/2016 June 21	Uli Elch	2017-03-16T12:36:04Z
3680	ETH-BIB-Camp_Serengeti-Kilimanjaroflug_1929-30-LBS_MH02-07-0313.tif	User:DrTrigon/logs/ETH-Bib/01	DrTrigon	2016-07-08T19:32:12Z
3681	ETH-BIB-Camp_Serengeti-Kilimanjaroflug_1929-30-LBS_MH02-07-0313.tif	User:DrTrigon/logs/eth-bib	DrTrigon	2016-08-05T01:39:38Z
3682	ETH-BIB-Camp_Serengeti-Kilimanjaroflug_1929-30-LBS_MH02-07-0313.tif	Commons:WikiProject Aviation/recent uploads/2016 June 21	Uli Elch	2017-03-16T12:36:04Z
3683	ETH-BIB-Camp_Serengeti-Kilimanjaroflug_1929-30-LBS_MH02-07-0320.tif	User:DrTrigon/logs/ETH-Bib/01	DrTrigon	2016-07-08T19:32:12Z
3684	ETH-BIB-Camp_Serengeti-Kilimanjaroflug_1929-30-LBS_MH02-07-0320.tif	User:DrTrigon/logs/eth-bib	DrTrigon	2016-08-05T01:39:38Z
3685	ETH-BIB-Camp_Serengeti-Kilimanjaroflug_1929-30-LBS_MH02-07-0320.tif	Commons:WikiProject Aviation/recent uploads/2016 June 21	Uli Elch	2017-03-16T12:36:04Z
3686	ETH-BIB-Camp_Serengeti-Kilimanjaroflug_1929-30-LBS_MH02-07-0321.tif	User:DrTrigon/logs/ETH-Bib/01	DrTrigon	2016-07-08T19:32:12Z
3687	ETH-BIB-Camp_Serengeti-Kilimanjaroflug_1929-30-LBS_MH02-07-0321.tif	User:DrTrigon/logs/eth-bib	DrTrigon	2016-08-05T01:39:38Z
3688	ETH-BIB-Camp_Serengeti-Kilimanjaroflug_1929-30-LBS_MH02-07-0321.tif	Commons:WikiProject Aviation/recent uploads/2016 June 21	Uli Elch	2017-03-16T12:36:04Z
3689	ETH-BIB-Camp_Serengeti-Kilimanjaroflug_1929-30-LBS_MH02-07-0384.tif	User:DrTrigon/logs/ETH-Bib/01	DrTrigon	2016-07-08T19:32:12Z
3690	ETH-BIB-Camp_Serengeti-Kilimanjaroflug_1929-30-LBS_MH02-07-0384.tif	User:DrTrigon/logs/eth-bib	DrTrigon	2016-08-05T01:39:38Z
3691	ETH-BIB-Camp_Serengeti-Kilimanjaroflug_1929-30-LBS_MH02-07-0384.tif	Commons:WikiProject Aviation/recent uploads/2016 June 21	Uli Elch	2017-03-16T12:36:04Z
3692	ETH-BIB-Camp_Serengeti_unter_Schirmakazien-Kilimanjaroflug_1929-30-LBS_MH02-07-0491.tif	User:DrTrigon/logs/ETH-Bib/01	DrTrigon	2016-07-08T19:32:12Z
3693	ETH-BIB-Camp_Serengeti_unter_Schirmakazien-Kilimanjaroflug_1929-30-LBS_MH02-07-0491.tif	User:DrTrigon/logs/eth-bib	DrTrigon	2016-08-05T01:39:38Z
3694	ETH-BIB-Camp_Serengeti_unter_Schirmakazien-Kilimanjaroflug_1929-30-LBS_MH02-07-0491.tif	Commons:WikiProject Aviation/recent uploads/2016 June 21	Uli Elch	2017-03-16T12:36:04Z
3695	ETH-BIB-Camp_Serengeti-Kilimanjaroflug_1929-30-LBS_MH02-07-0505.tif	User:DrTrigon/logs/ETH-Bib/01	DrTrigon	2016-07-08T19:32:12Z
3696	ETH-BIB-Camp_Serengeti-Kilimanjaroflug_1929-30-LBS_MH02-07-0505.tif	Commons:WikiProject Aviation/recent uploads/2016 June 21	Uli Elch	2017-03-16T12:36:04Z
3697	ETH-BIB-Camp_Serengeti-Kilimanjaroflug_1929-30-LBS_MH02-07-0502.tif	User:DrTrigon/logs/eth-bib	DrTrigon	2016-08-05T01:39:38Z
3698	ETH-BIB-Camp_Serengeti-Kilimanjaroflug_1929-30-LBS_MH02-07-0502.tif	Commons:WikiProject Aviation/recent uploads/2016 June 21	Uli Elch	2017-03-16T12:36:04Z
3699	ETH-BIB-Camp_Serengeti-Kilimanjaroflug_1929-30-LBS_MH02-07-0503.tif	User:DrTrigon/logs/ETH-Bib/01	DrTrigon	2016-07-08T19:32:12Z
3700	ETH-BIB-Camp_Serengeti-Kilimanjaroflug_1929-30-LBS_MH02-07-0503.tif	User:DrTrigon/logs/eth-bib	DrTrigon	2016-08-05T01:39:38Z
3701	ETH-BIB-Camp_Serengeti-Kilimanjaroflug_1929-30-LBS_MH02-07-0503.tif	Commons:WikiProject Aviation/recent uploads/2016 June 21	Uli Elch	2017-03-16T12:36:04Z
3702	ETH-BIB-Camp_Serengeti-Kilimanjaroflug_1929-30-LBS_MH02-07-0508.tif	User:DrTrigon/logs/ETH-Bib/01	DrTrigon	2016-07-08T19:32:12Z
3703	ETH-BIB-Camp_Serengeti-Kilimanjaroflug_1929-30-LBS_MH02-07-0508.tif	User:DrTrigon/logs/eth-bib	DrTrigon	2016-08-05T01:39:38Z
3704	ETH-BIB-Camp_Serengeti-Kilimanjaroflug_1929-30-LBS_MH02-07-0508.tif	Commons:WikiProject Aviation/recent uploads/2016 June 21	Uli Elch	2017-03-16T12:36:04Z
3705	ETH-BIB-Camp_Serengeti-Kilimanjaroflug_1929-30-LBS_MH02-07-0506.tif	User:DrTrigon/logs/ETH-Bib/01	DrTrigon	2016-07-08T19:32:12Z
3706	ETH-BIB-Camp_Serengeti-Kilimanjaroflug_1929-30-LBS_MH02-07-0506.tif	User:DrTrigon/logs/eth-bib	DrTrigon	2016-08-05T01:39:38Z
3707	ETH-BIB-Camp_Serengeti-Kilimanjaroflug_1929-30-LBS_MH02-07-0506.tif	Commons:WikiProject Aviation/recent uploads/2016 June 21	Uli Elch	2017-03-16T12:36:04Z
3708	ETH-BIB-Camp_Serengeti-Kilimanjaroflug_1929-30-LBS_MH02-07-0507.tif	User:DrTrigon/logs/ETH-Bib/01	DrTrigon	2016-07-08T19:32:12Z
3709	ETH-BIB-Camp_Serengeti-Kilimanjaroflug_1929-30-LBS_MH02-07-0507.tif	User:DrTrigon/logs/eth-bib	DrTrigon	2016-08-05T01:39:38Z
3710	ETH-BIB-Camp_Serengeti-Kilimanjaroflug_1929-30-LBS_MH02-07-0507.tif	Commons:WikiProject Aviation/recent uploads/2016 June 21	Uli Elch	2017-03-16T12:36:04Z
3711	ETH-BIB-Camp_Serengeti-Kilimanjaroflug_1929-30-LBS_MH02-07-0510.tif	User:DrTrigon/logs/ETH-Bib/01	DrTrigon	2016-07-08T19:32:12Z
3712	ETH-BIB-Camp_Serengeti-Kilimanjaroflug_1929-30-LBS_MH02-07-0510.tif	Commons:WikiProject Aviation/recent uploads/2016 June 21	Uli Elch	2017-03-16T12:36:04Z
3713	ETH-BIB-Alabaster_Sphinx,_Tempel_des_Ptah,_Memphis,_Ägypten-Kilimanjaroflug_1929-30-LBS_MH02-07-0158.tif	User:DrTrigon/logs/eth-bib	DrTrigon	2016-08-05T01:39:38Z
3714	ETH-BIB-Alabaster_Sphinx,_Tempel_des_Ptah,_Memphis,_Ägypten-Kilimanjaroflug_1929-30-LBS_MH02-07-0158.tif	Commons:WikiProject Aviation/recent uploads/2016 June 21	Uli Elch	2017-03-16T12:36:04Z
3717	ETH-BIB-Fischertypen_von_Enzeli_-Bandar_Anzali--Persienflug_1924-1925-LBS_MH02-02-0125-AL-FL.tif	User:DrTrigon/logs/eth-bib	DrTrigon	2016-08-05T01:39:38Z
3718	ETH-BIB-Fischertypen_von_Bandar_Anzali-Persienflug_1924-1925-LBS_MH02-02-0226-AL-FL.tif	User:DrTrigon/logs/eth-bib	DrTrigon	2016-08-05T01:39:38Z
3719	ETH-BIB-Qazvin-Tor_(Teheran)-Persienflug_1924-1925-LBS_MH02-02-0092-AL-FL.tif	User:DrTrigon/logs/eth-bib	DrTrigon	2016-08-05T01:39:38Z
3720	ETH-BIB-Fischernetze_bei_Enzeli_-Bandar_Anzali--Persienflug_1924-1925-LBS_MH02-02-0127-AL-FL.tif	User:DrTrigon/logs/eth-bib	DrTrigon	2016-08-05T01:39:38Z
3721	ETH-BIB-Enzeli_-Bandar_Anzali--Persienflug_1924-1925-LBS_MH02-02-0245-AL-FL.tif	User:DrTrigon/logs/eth-bib	DrTrigon	2016-08-05T01:39:38Z
3722	ETH-BIB-Enzeli_-Bandar_Anzali-_Hafenanlage-Persienflug_1924-1925-LBS_MH02-02-0247-AL-FL.tif	User:DrTrigon/logs/eth-bib	DrTrigon	2016-08-05T01:39:38Z
3723	ETH-BIB-Junkers_A_20_bei_Marina_di_Pisa-Persienflug_1924-1925-LBS_MH02-02-0001-AL-FL.tif	User:DrTrigon/logs/eth-bib	DrTrigon	2016-08-05T01:39:38Z
3724	ETH-BIB-Junkers_A_20_im_Hafen_von_Pyräus-Persienflug_1924-1925-LBS_MH02-02-0005-AL-FL.tif	User:DrTrigon/logs/eth-bib	DrTrigon	2016-08-05T01:39:38Z
3725	ETH-BIB-Junkers_A_20_im_Hafen_von_Pyräus-Persienflug_1924-1925-LBS_MH02-02-0005-AL-FL.tif	User:Schmelzle/NewFiles/2016 May 21-31	INeverCry	2016-11-24T05:26:04Z
3726	ETH-BIB-Junkers_A_20_im_Hafen_von_Pyräus-Persienflug_1924-1925-LBS_MH02-02-0005-AL-FL.tif	User:Zwiadowca21/NewFiles/2016 May 21-31	JuTa	2016-12-11T22:13:15Z
3727	ETH-BIB-Junkers_A_20_bei_Kharata_(Aleppo)-Persienflug_1924-1925-LBS_MH02-02-0015-AL-FL.tif	User:DrTrigon/logs/eth-bib	DrTrigon	2016-08-05T01:39:38Z
3728	ETH-BIB-Junkers_A_20_bei_Kharata_(Aleppo)-Persienflug_1924-1925-LBS_MH02-02-0015-AL-FL.tif	User:Schmelzle/NewFiles/2016 May 21-31	INeverCry	2016-11-24T05:26:04Z
3729	ETH-BIB-Junkers_A_20_bei_Kharata_(Aleppo)-Persienflug_1924-1925-LBS_MH02-02-0015-AL-FL.tif	User:Zwiadowca21/NewFiles/2016 May 21-31	JuTa	2016-12-11T22:13:15Z
3730	ETH-BIB-Ruinen_von_Smyrna,_ehemalige_deutsche_Kirche-Persienflug_1924-1925-LBS_MH02-02-0008-AL-FL.tif	User:DrTrigon/logs/eth-bib	DrTrigon	2016-08-05T01:39:38Z
3731	ETH-BIB-Ruinen_von_Smyrna-Persienflug_1924-1925-LBS_MH02-02-0009-AL-FL.tif	User:DrTrigon/logs/eth-bib	DrTrigon	2016-08-05T01:39:38Z
3732	ETH-BIB-Hafen_von_Smyrna-Persienflug_1924-1925-LBS_MH02-02-0006-AL-FL.tif	User:DrTrigon/logs/eth-bib	DrTrigon	2016-08-05T01:39:38Z
3733	ETH-BIB-Aleppo-Persienflug_1924-1925-LBS_MH02-02-0026-AL-FL.tif	User:DrTrigon/logs/ETH-Bib/01	DrTrigon	2016-07-08T19:32:12Z
3734	ETH-BIB-Aleppo-Persienflug_1924-1925-LBS_MH02-02-0026-AL-FL.tif	User:DrTrigon/logs/eth-bib	DrTrigon	2016-08-05T01:39:38Z
3735	ETH-BIB-Arabergräber-Persienflug_1924-1925-LBS_MH02-02-0043-AL-FL.tif	User:DrTrigon/logs/eth-bib	DrTrigon	2016-08-05T01:39:38Z
3736	ETH-BIB-Kamel-Skelett_(Umgebung_von_Bagdad)-Persienflug_1924-1925-LBS_MH02-02-0042-AL-FL.tif	User:DrTrigon/logs/eth-bib	DrTrigon	2016-08-05T01:39:38Z
3737	ETH-BIB-Dorf_in_der_Oase_Viramin_(Standaufnahme)-Persienflug_1924-1925-LBS_MH02-02-0071-AL-FL.tif	User:DrTrigon/logs/eth-bib	DrTrigon	2016-08-05T01:39:38Z
3738	ETH-BIB-Taubenturm_(Oase_Viramin)-Persienflug_1924-1925-LBS_MH02-02-0072-AL-FL.tif	User:DrTrigon/logs/eth-bib	DrTrigon	2016-08-05T01:39:38Z
3739	ETH-BIB-Taubenturm_(Oase_Viramin)-Persienflug_1924-1925-LBS_MH02-02-0073-AL-FL.tif	User:DrTrigon/logs/eth-bib	DrTrigon	2016-08-05T01:39:38Z
3740	ETH-BIB-Schah_Abdul_Azim-Tor_(Teheran)-Persienflug_1924-1925-LBS_MH02-02-0091-AL-FL.tif	User:DrTrigon/logs/eth-bib	DrTrigon	2016-08-05T01:39:38Z
3741	ETH-BIB-Tor_von_Teheran-Persienflug_1924-1925-LBS_MH02-02-0093-AL-FL.tif	User:DrTrigon/logs/eth-bib	DrTrigon	2016-08-05T01:39:38Z
3742	ETH-BIB-Tor_von_Teheran-Persienflug_1924-1925-LBS_MH02-02-0094-AL-FL.tif	User:DrTrigon/logs/eth-bib	DrTrigon	2016-08-05T01:39:38Z
3743	ETH-BIB-Aussenquartiere_von_Teheran-Persienflug_1924-1925-LBS_MH02-02-0101-AL-FL.tif	User:DrTrigon/logs/ETH-Bib/01	DrTrigon	2016-07-08T19:32:12Z
3744	ETH-BIB-Aussenquartiere_von_Teheran-Persienflug_1924-1925-LBS_MH02-02-0101-AL-FL.tif	User:DrTrigon/logs/eth-bib	DrTrigon	2016-08-05T01:39:38Z
3745	ETH-BIB-Buschehr_(Hof_mit_Waage)-Persienflug_1924-1925-LBS_MH02-02-0104-AL-FL.tif	User:DrTrigon/logs/ETH-Bib/01	DrTrigon	2016-07-08T19:32:12Z
3746	ETH-BIB-Buschehr_(Hof_mit_Waage)-Persienflug_1924-1925-LBS_MH02-02-0104-AL-FL.tif	User:DrTrigon/logs/eth-bib	DrTrigon	2016-08-05T01:39:38Z
3747	ETH-BIB-Tschehel_Sotun_(Isfahan)-Persienflug_1924-1925-LBS_MH02-02-0151-AL-FL.tif	User:DrTrigon/logs/eth-bib	DrTrigon	2016-08-05T01:39:38Z
3748	ETH-BIB-Tschehel_Sotun_(Isfahan)-Persienflug_1924-1925-LBS_MH02-02-0152-AL-FL.tif	User:DrTrigon/logs/eth-bib	DrTrigon	2016-08-05T01:39:38Z
3749	ETH-BIB-Vierzigsäulensaal_(Tschehel_Sotun),_Isfahan-Persienflug_1924-1925-LBS_MH02-02-0156-AL-FL.tif	User:DrTrigon/logs/eth-bib	DrTrigon	2016-08-05T01:39:38Z
3750	ETH-BIB-Strassenbild_von_Isfahan-Persienflug_1924-1925-LBS_MH02-02-0153-AL-FL.tif	User:DrTrigon/logs/eth-bib	DrTrigon	2016-08-05T01:39:38Z
3751	ETH-BIB-Isfahan-_-Khaju--_Brücke_über_den_Zayandeh_Rud-Persienflug_1924-1925-LBS_MH02-02-0161-AL-FL.tif	User:DrTrigon/logs/eth-bib	DrTrigon	2016-08-05T01:39:38Z
3752	ETH-BIB-Buschehr_(Bau_von_Fischerbarken)-Persienflug_1924-1925-LBS_MH02-02-0202-AL-FL.tif	User:DrTrigon/logs/ETH-Bib/01	DrTrigon	2016-07-08T19:32:12Z
3753	ETH-BIB-Buschehr_(Bau_von_Fischerbarken)-Persienflug_1924-1925-LBS_MH02-02-0202-AL-FL.tif	User:DrTrigon/logs/eth-bib	DrTrigon	2016-08-05T01:39:38Z
3754	ETH-BIB-Buschehr_(Nahaufnahme)-Persienflug_1924-1925-LBS_MH02-02-0206-AL-FL.tif	User:DrTrigon/logs/ETH-Bib/01	DrTrigon	2016-07-08T19:32:12Z
3755	ETH-BIB-Bazarstrasse_von_Buschehr-Persienflug_1924-1925-LBS_MH02-02-0217-AL-FL.tif	User:DrTrigon/logs/ETH-Bib/01	DrTrigon	2016-07-08T19:32:12Z
3756	ETH-BIB-Bazarstrasse_von_Buschehr-Persienflug_1924-1925-LBS_MH02-02-0217-AL-FL.tif	User:DrTrigon/logs/eth-bib	DrTrigon	2016-08-05T01:39:38Z
3757	ETH-BIB-Buschehr_-_Steinbruch-Persienflug_1924-1925-LBS_MH02-02-0218-AL-FL.tif	User:DrTrigon/logs/ETH-Bib/01	DrTrigon	2016-07-08T19:32:12Z
3758	ETH-BIB-Buschehr_-_Steinbruch-Persienflug_1924-1925-LBS_MH02-02-0218-AL-FL.tif	User:DrTrigon/logs/eth-bib	DrTrigon	2016-08-05T01:39:38Z
3759	ETH-BIB-Buschehr_-_Steinbruch-Persienflug_1924-1925-LBS_MH02-02-0219-AL-FL.tif	User:DrTrigon/logs/ETH-Bib/01	DrTrigon	2016-07-08T19:32:12Z
3760	ETH-BIB-Buschehr_-_Steinbruch-Persienflug_1924-1925-LBS_MH02-02-0219-AL-FL.tif	User:DrTrigon/logs/eth-bib	DrTrigon	2016-08-05T01:39:38Z
3761	ETH-BIB-Buschehr_-_Dattelpalmen-Persienflug_1924-1925-LBS_MH02-02-0221-AL-FL.tif	User:DrTrigon/logs/ETH-Bib/01	DrTrigon	2016-07-08T19:32:12Z
3762	ETH-BIB-Buschehr_-_Dattelpalmen-Persienflug_1924-1925-LBS_MH02-02-0221-AL-FL.tif	User:DrTrigon/logs/eth-bib	DrTrigon	2016-08-05T01:39:38Z
3763	ETH-BIB-Küstengelände_bei_Buschehr-Persienflug_1924-1925-LBS_MH02-02-0223-AL-FL.tif	User:DrTrigon/logs/eth-bib	DrTrigon	2016-08-05T01:39:38Z
3764	ETH-BIB-Friedhof_von_Teheran-Persienflug_1924-1925-LBS_MH02-02-0228-AL-FL.tif	User:DrTrigon/logs/eth-bib	DrTrigon	2016-08-05T01:39:38Z
3765	ETH-BIB-Bazar_(Teheran)-Persienflug_1924-1925-LBS_MH02-02-0096-AL-FL.tif	User:DrTrigon/logs/ETH-Bib/01	DrTrigon	2016-07-08T19:32:12Z
3766	ETH-BIB-Bazar_(Teheran)-Persienflug_1924-1925-LBS_MH02-02-0096-AL-FL.tif	User:DrTrigon/logs/eth-bib	DrTrigon	2016-08-05T01:39:38Z
3767	ETH-BIB-A_20_auf_Flugplatz_von_Buschehr-Persienflug_1924-1925-LBS_MH02-02-0208-AL-FL.tif	User:DrTrigon/logs/eth-bib	DrTrigon	2016-08-05T01:39:38Z
3768	ETH-BIB-Bülach-Inlandflüge-LBS_MH01-002280.tif	Commons:WikiProject Aviation/recent uploads/2016 December 22	Jo-Jo Eumerus	2017-05-07T12:02:15Z
3769	ETH-BIB-A_20_auf_Flugplatz_von_Buschehr-Persienflug_1924-1925-LBS_MH02-02-0207-AL-FL.tif	User:DrTrigon/logs/eth-bib	DrTrigon	2016-08-05T01:39:38Z
3770	ETH-BIB-Eschenbach,_Lenzikon,_Tössstock,_Chrüzegg_v._S._W._aus_4000_m-Inlandflüge-LBS_MH01-002287.tif	Commons:WikiProject Aviation/recent uploads/2016 December 22	Jo-Jo Eumerus	2017-05-07T12:02:15Z
3771	ETH-BIB-Schnebelhorn,_Chrüzegg,_Ricken_v._S._W._aus_2300_m-Inlandflüge-LBS_MH01-002513.tif	Commons:WikiProject Aviation/recent uploads/2016 December 22	Jo-Jo Eumerus	2017-05-07T12:02:15Z
3772	ETH-BIB-Abessinier_mit_Messer_in_der_Hand-Abessinienflug_1934-LBS_MH02-22-1118.tif	Category:Media contributed by the ETH-Bibliothek/Reports/wikimedia usage	Faebot	2017-04-24T05:09:06Z
3773	ETH-BIB-Kappel,_Ebnat-Kappel-Inlandflüge-LBS_MH01-002226.tif	Commons:WikiProject Aviation/recent uploads/2016 December 22	Jo-Jo Eumerus	2017-05-07T12:02:15Z
3774	ETH-BIB-Flawil_aus_100_m-Inlandflüge-LBS_MH01-002666.tif	Commons:WikiProject Aviation/recent uploads/2016 December 22	Jo-Jo Eumerus	2017-05-07T12:02:15Z
3775	ETH-BIB-Flums_v._S._aus_400_m-Inlandflüge-LBS_MH01-002293.tif	Commons:WikiProject Aviation/recent uploads/2016 December 22	Jo-Jo Eumerus	2017-05-07T12:02:15Z
3776	ETH-BIB-Gipf-Oberfrick_aus_600_m-Inlandflüge-LBS_MH01-002642.tif	Commons:WikiProject Aviation/recent uploads/2016 December 22	Jo-Jo Eumerus	2017-05-07T12:02:15Z
3777	ETH-BIB-Glarus,_Kirche-Inlandflüge-LBS_MH01-002264.tif	Commons:WikiProject Aviation/recent uploads/2016 December 22	Jo-Jo Eumerus	2017-05-07T12:02:15Z
3778	ETH-BIB-Gommiswald,_Rickenstrasse_aus_100_m-Inlandflüge-LBS_MH01-002362.tif	Commons:WikiProject Aviation/recent uploads/2016 December 22	Jo-Jo Eumerus	2017-05-07T12:02:15Z
3779	ETH-BIB-Gossau_(SG)_v._S._aus_300_m-Inlandflüge-LBS_MH01-002581.tif	Commons:WikiProject Aviation/recent uploads/2016 December 22	Jo-Jo Eumerus	2017-05-07T12:02:15Z
3780	ETH-BIB-Lenzburg-Inlandflüge-LBS_MH01-002358.tif	Commons:WikiProject Aviation/recent uploads/2016 December 22	Jo-Jo Eumerus	2017-05-07T12:02:15Z
3781	ETH-BIB-Illnau_v._S._aus_200_m-Inlandflüge-LBS_MH01-002618.tif	Commons:WikiProject Aviation/recent uploads/2016 December 22	Jo-Jo Eumerus	2017-05-07T12:02:15Z
3782	ETH-BIB-Kaltbrunn_aus_100_m-Inlandflüge-LBS_MH01-002285.tif	Commons:WikiProject Aviation/recent uploads/2016 December 22	Jo-Jo Eumerus	2017-05-07T12:02:15Z
3783	ETH-BIB-Kerzers_v._W._aus_100_m-Inlandflüge-LBS_MH01-002182.tif	Commons:WikiProject Aviation/recent uploads/2016 December 22	Jo-Jo Eumerus	2017-05-07T12:02:15Z
3784	ETH-BIB-Kirchberg_mit_Bahnhof_und_Dampfeisenbahn-Inlandflüge-LBS_MH01-002205.tif	Commons:WikiProject Aviation/recent uploads/2016 December 22	Jo-Jo Eumerus	2017-05-07T12:02:15Z
3785	ETH-BIB-Sargans_aus_200_m-Inlandflüge-LBS_MH01-002300.tif	Commons:WikiProject Aviation/recent uploads/2016 December 22	Jo-Jo Eumerus	2017-05-07T12:02:15Z
3786	ETH-BIB-Kloten_aus_100_m-Inlandflüge-LBS_MH01-002277.tif	Commons:WikiProject Aviation/recent uploads/2016 December 22	Jo-Jo Eumerus	2017-05-07T12:02:15Z
3787	ETH-BIB-Kollbrunn,_Tösstal_aus_600_m-Inlandflüge-LBS_MH01-002586.tif	Commons:WikiProject Aviation/recent uploads/2016 December 22	Jo-Jo Eumerus	2017-05-07T12:02:15Z
3788	ETH-BIB-Rorschach,_Kornhaus_und_Hafen_aus_100_m-Inlandflüge-LBS_MH01-002699.tif	Commons:WikiProject Aviation/recent uploads/2016 December 22	Jo-Jo Eumerus	2017-05-07T12:02:15Z
3789	ETH-BIB-Langenthal-Inlandflüge-LBS_MH01-002212.tif	Commons:WikiProject Aviation/recent uploads/2016 December 22	Jo-Jo Eumerus	2017-05-07T12:02:15Z
3790	ETH-BIB-Le_Locle,_schmaler_Siedlungsstreifen_in_der_Talmulde_aus_1000_m-Inlandflüge-LBS_MH01-002528.tif	Commons:WikiProject Aviation/recent uploads/2016 December 22	Jo-Jo Eumerus	2017-05-07T12:02:15Z
3791	ETH-BIB-Neftenbach_aus_100_m-Inlandflüge-LBS_MH01-002278.tif	Commons:WikiProject Aviation/recent uploads/2016 December 22	Jo-Jo Eumerus	2017-05-07T12:02:15Z
3792	ETH-BIB-Olten-Zentrum_aus_100_m-Inlandflüge-LBS_MH01-002170.tif	Commons:WikiProject Aviation/recent uploads/2016 December 22	Jo-Jo Eumerus	2017-05-07T12:02:15Z
3793	ETH-BIB-Payerne_v._N._W._aus_300_m-Inlandflüge-LBS_MH01-002166.tif	Commons:WikiProject Aviation/recent uploads/2016 December 22	Jo-Jo Eumerus	2017-05-07T12:02:15Z
3794	ETH-BIB-Illhorn,_Pfynwald,_Turtmann,_Goms,_Tracé_der_Lötschbergbahn_v._W._aus_2500_m-Inlandflüge-LBS_MH01-002146.tif	Commons:WikiProject Aviation/recent uploads/2016 December 22	Jo-Jo Eumerus	2017-05-07T12:02:15Z
3795	ETH-BIB-Piz_Scopi,_Piz_Medel,_Tödi,_Piz_Segnes_aus_4000_m-Inlandflüge-LBS_MH01-002520.tif	Commons:WikiProject Aviation/recent uploads/2016 December 22	Jo-Jo Eumerus	2017-05-07T12:02:15Z
3796	ETH-BIB-Pratteln_aus_200_m-Inlandflüge-LBS_MH01-002242.tif	Commons:WikiProject Aviation/recent uploads/2016 December 22	Jo-Jo Eumerus	2017-05-07T12:02:15Z
3797	ETH-BIB-Regensberg_mit_Lägern-Inlandflüge-LBS_MH01-002219.tif	Commons:WikiProject Aviation/recent uploads/2016 December 22	Jo-Jo Eumerus	2017-05-07T12:02:15Z
3798	ETH-BIB-Romont_v._S._aus_200_m-Inlandflüge-LBS_MH01-002162.tif	Commons:WikiProject Aviation/recent uploads/2016 December 22	Jo-Jo Eumerus	2017-05-07T12:02:15Z
3799	ETH-BIB-Rorschach_v._S._aus_200_m-Inlandflüge-LBS_MH01-002333.tif	Commons:WikiProject Aviation/recent uploads/2016 December 22	Jo-Jo Eumerus	2017-05-07T12:02:15Z
3800	ETH-BIB-Rorschach_aus_400_m-Inlandflüge-LBS_MH01-002334.tif	Commons:WikiProject Aviation/recent uploads/2016 December 22	Jo-Jo Eumerus	2017-05-07T12:02:15Z
3801	ETH-BIB-Schwellbrunn_v._O._aus_500_m-Inlandflüge-LBS_MH01-002568.tif	Commons:WikiProject Aviation/recent uploads/2016 December 22	Jo-Jo Eumerus	2017-05-07T12:02:15Z
3802	ETH-BIB-Hutzikon,_Turbenthal-Inlandflüge-LBS_MH01-002621.tif	Commons:WikiProject Aviation/recent uploads/2016 December 22	Jo-Jo Eumerus	2017-05-07T12:02:15Z
3803	ETH-BIB-Niederuzwil_aus_200_m-Inlandflüge-LBS_MH01-002584.tif	Commons:WikiProject Aviation/recent uploads/2016 December 22	Jo-Jo Eumerus	2017-05-07T12:02:15Z
3804	ETH-BIB-Volketswil_aus_200_m-Inlandflüge-LBS_MH01-002623.tif	Commons:WikiProject Aviation/recent uploads/2016 December 22	Jo-Jo Eumerus	2017-05-07T12:02:15Z
3805	ETH-BIB-Hegnau_aus_200m-Inlandflüge-LBS_MH01-002627.tif	Commons:WikiProject Aviation/recent uploads/2016 December 22	Jo-Jo Eumerus	2017-05-07T12:02:15Z
3806	ETH-BIB-Gutenswil_v._S._aus_300_m-Inlandflüge-LBS_MH01-002626.tif	Commons:WikiProject Aviation/recent uploads/2016 December 22	Jo-Jo Eumerus	2017-05-07T12:02:15Z
3807	ETH-BIB-Wiesendangen_v._S._aus_300_m-Inlandflüge-LBS_MH01-002615.tif	Commons:WikiProject Aviation/recent uploads/2016 December 22	Jo-Jo Eumerus	2017-05-07T12:02:15Z
3808	ETH-BIB-Ein_strammer_Polizist_des_Emirs_von_Kano-Tschadseeflug_1930-31-LBS_MH02-08-0639.tif	Category:Media contributed by the ETH-Bibliothek/Reports/most edited	Faebot	2016-12-14T05:37:20Z
3809	ETH-BIB-Ein_strammer_Polizist_des_Emirs_von_Kano-Tschadseeflug_1930-31-LBS_MH02-08-0639.tif	Category:Media contributed by the ETH-Bibliothek/Reports/wikimedia usage	Faebot	2017-04-24T05:09:06Z
3810	ETH-BIB-Fischerboot_an_einem_Strand_in_Westafrika-Tschadseeflug_1930-31-LBS_MH02-08-0997.tif	Category:Media contributed by the ETH-Bibliothek/Reports/wikimedia usage	Faebot	2017-04-24T05:09:06Z
3811	ETH-BIB-Gruppe_Nomaden_vor_einem_französischen_Flugzeug_am_Kap_Juby-Tschadseeflug_1930-31-LBS_MH02-08-1077.tif	Category:Media contributed by the ETH-Bibliothek/Reports/wikimedia usage	Faebot	2017-04-24T05:09:06Z
3812	ETH-BIB-Der_König_der_Mossi_(Moro_naba)_umgeben_von_seinen_Stammeshäuptlingen_anlässlich_des_Neujahrsempfanges-Tschadseeflug_1930-31-LBS_MH02-08-0867.tif	Category:Media contributed by the ETH-Bibliothek/Reports/wikimedia usage	Faebot	2017-04-24T05:09:06Z
3813	ETH-BIB-Deutscher_Botschafter_Ribbentrop,_Croydon-Weitere-LBS_MH05-37-01.tif	File:Joachim von Ribbentrop in 1936.png	Al-Douri	2017-03-24T16:57:26Z
3814	ETH-BIB-Lehrgerüst_der_Gmündertobelbrücke--Ans_05306-017-AL.tif	Category:Media contributed by the ETH-Bibliothek/Reports/improvement	Faebot	2017-04-24T05:08:46Z
3815	ETH-BIB-Gmündertobelbrücke_im_Bau_(1907-08)--Ans_05306-018-AL.tif	Category:Media contributed by the ETH-Bibliothek/Reports/improvement	Faebot	2017-04-24T05:08:46Z
3816	ETH-BIB-Gmündertobelbrücke_im_Bau_(1907-08)--Ans_05306-019-AL.tif	Category:Media contributed by the ETH-Bibliothek/Reports/improvement	Faebot	2017-04-24T05:08:46Z
3817	ETH-BIB-Niederteufen,_Neue_Gmündertobelbrücke_aus_armiertem_Beton--Fel_003878-RE.tif	Category:Media contributed by the ETH-Bibliothek/Reports/improvement	Faebot	2017-04-24T05:08:46Z
3818	Eth_bibliothek_rot_transp.png	User:Matma Rex/December 2015 cross-wiki upload A/B test	CommonsDelinker	2017-05-04T16:15:50Z
3819	Eth_bibliothek_rot_transp.png	User:OgreBot/Uploads by new users/2016 February 17 12:00	Hedwig in Washington	2016-12-07T15:20:21Z
3820	ETH-BIB-Genf_=_Genève,_Plaine_de_Plainpalais,_La_Jonction,_abattoirs,_Cornavin_aus_600_m-Inlandflüge-LBS_MH01-000739.tif	Commons:WikiProject Aviation/recent uploads/2016 December 15	Jasonanaggie	2017-01-08T14:15:24Z
3821	ETH-BIB-Julier,_Piz_Güglia,_Piz_Julier,_Val_Bevers._Monte_della_Disgrazia_v._N._aus_3200_m-Inlandflüge-LBS_MH01-000886.tif	Commons:WikiProject Aviation/recent uploads/2016 December 15	Jasonanaggie	2017-01-08T14:15:24Z
3822	ETH-BIB-Monte_Rosa_und_Monte_Rosa-Gletscher,_in_der_Mitte_die_Dufourspitze_v._N._W._aus_5000_m-Inlandflüge-LBS_MH01-001016.tif	Commons:WikiProject Aviation/recent uploads/2016 December 15/Overflow 1	Sémhur	2017-02-23T17:29:48Z
3823	ETH-BIB-Aiguille_Verte,_Aiguille_du_Dru,_Mont_Dolent_und_Grandes_Jorasses_v._N._aus_4500_m-Inlandflüge-LBS_MH01-001093-AL.tif	Commons:WikiProject Aviation/recent uploads/2016 December 15/Overflow 1	Sémhur	2017-02-23T17:29:48Z
3824	ETH-BIB-Zürich-Altstadt,_Grossmünster,_Fraumünster,_Postgebäude,_Bellevueplatz_aus_700_m-Inlandflüge-LBS_MH01-001132.tif	Commons:WikiProject Aviation/recent uploads/2016 December 15/Overflow 1	Sémhur	2017-02-23T17:29:48Z
3825	ETH-BIB-Alpstein,_Säntiskette,_Wasserauen,_Wildkirchli,Tragfläche_im_Bild_v._O._aus_2200_m-Inlandflüge-LBS_MH01-001147.tif	Commons:WikiProject Aviation/recent uploads/2016 December 15/Overflow 1	Sémhur	2017-02-23T17:29:48Z
3826	ETH-BIB-Aiguille_du_Tacul,_Aiguille_du_Géant,_Glacier_de_Leschaux,_Grandes_Jorasses_v._N.-Inlandflüge-LBS_MH01-001165.tif	Commons:WikiProject Aviation/recent uploads/2016 December 15/Overflow 1	Sémhur	2017-02-23T17:29:48Z
3827	ETH-BIB-Günsberg,_Welschenrohr,_Röti,_Niederwil,_Balin,_Moutier,_Günsberg_v._S._O._aus_2500_m-Inlandflüge-LBS_MH01-000969.tif	Commons:WikiProject Aviation/recent uploads/2016 December 15/Overflow 1	Sémhur	2017-02-23T17:29:48Z
3828	ETH-BIB-Breithorn,_Jungfrau,_Mönch,_Schreckhorn,_Lauterbrunnen,_Spannseile_v._S._W._aus_5000_m-Inlandflüge-LBS_MH01-001226.tif	Commons:WikiProject Aviation/recent uploads/2016 December 15/Overflow 1	Sémhur	2017-02-23T17:29:48Z
3829	ETH-BIB-Grosshorn,_Breithorn,_Schmadri_Gletscher,_Bietschhorn,_Walliseralpen_v._N._aus_5000_m-Inlandflüge-LBS_MH01-001246.tif	Commons:WikiProject Aviation/recent uploads/2016 December 15/Overflow 1	Sémhur	2017-02-23T17:29:48Z
3830	ETH-BIB-Gauligletscher_am_Berglijoch,_l._oben_das_Ritzlihorn,_Bärglistock_v._W._aus_4500_m-Inlandflüge-LBS_MH01-000994.tif	Commons:WikiProject Aviation/recent uploads/2016 December 15/Overflow 1	Sémhur	2017-02-23T17:29:48Z
3831	ETH-BIB-Schreckhorn,_NW-Grat,_Lauteraargletscher,_rechts_das_Finsteraarhorn_v._N._W._aus_4500_m-Inlandflüge-LBS_MH01-000995.tif	Commons:WikiProject Aviation/recent uploads/2016 December 15/Overflow 1	Sémhur	2017-02-23T17:29:48Z
3832	ETH-BIB-Dent_du_Géant,_Glacier_du_Tacul,_Aiguille_du_Midi,_Grandes_Jorasses_v._W._aus_5000_m-Inlandflüge-LBS_MH01-001275.tif	Commons:WikiProject Aviation/recent uploads/2016 December 15/Overflow 1	Sémhur	2017-02-23T17:29:48Z
3833	ETH-BIB-Cima_dell'Uomo,_Ceneri,_Monte_Tamaro,_Cima_di_Erbeia,_Lago_Maggiore_v._N._aus_3000_m-Inlandflüge-LBS_MH01-001308.tif	Commons:WikiProject Aviation/recent uploads/2016 December 15/Overflow 1	Sémhur	2017-02-23T17:29:48Z
3834	ETH-BIB-Val_de_Zinal,_Zinalgletscher,_Val_de_Moiry,_Weisshorn,_Besso,_Cervin_v._N._aus_5000_m-Inlandflüge-LBS_MH01-001052.tif	Commons:WikiProject Aviation/recent uploads/2016 December 15/Overflow 1	Sémhur	2017-02-23T17:29:48Z
3835	ETH-BIB-Häfeli_DH-3_M_IIIa,_CH-549_über_Magadinoebene,_Bellinzona,_Monte_Carasso,_Sementina-Inlandflüge-LBS_MH01-001325.tif	Commons:WikiProject Aviation/recent uploads/2016 December 15/Overflow 1	Sémhur	2017-02-23T17:29:48Z
3836	ETH-BIB-Les_Diablerets,_Oldenhorn,_Tour_St._Martin,_Glacier_de_Zaufleuron,_Vallée_de_Triquent-Inlandflüge-LBS_MH01-001060.tif	Commons:WikiProject Aviation/recent uploads/2016 December 15/Overflow 1	Sémhur	2017-02-23T17:29:48Z
3837	ETH-BIB-Val_d`Arpettaz_avec_Pointe_d`Orny,_Plateau_de_Trient_et_Mont_Blanc_v._N._O._aus_4500_m-Inlandflüge-LBS_MH01-001099.tif	Commons:WikiProject Aviation/recent uploads/2016 December 15/Overflow 1	Sémhur	2017-02-23T17:29:48Z
3838	ETH-BIB-Rienzenstock,_Rientallücke,_Fellital,_Wicheltal,_Oberalpstock,_Tödi_v._S._W._aus_3600_m-Inlandflüge-LBS_MH01-001353.tif	Commons:WikiProject Aviation/recent uploads/2016 December 15/Overflow 1	Sémhur	2017-02-23T17:29:48Z
3839	ETH-BIB-Val_Calanca,_Braggio,_Pizzo_di_Groveno,_Berninagruppe,_Pizzo_Mottone,_Berninagruppe-Inlandflüge-LBS_MH01-001355.tif	Commons:WikiProject Aviation/recent uploads/2016 December 15/Overflow 1	Sémhur	2017-02-23T17:29:48Z
3840	ETH-BIB-Niesen,_Thunersee,_Dreispitz,_Blüemlisalpgipfel,_Kandertal,_Flugzeug_v._S._aus_4000_m-Inlandflüge-LBS_MH01-001176.tif	Commons:WikiProject Aviation/recent uploads/2016 December 15/Overflow 1	Sémhur	2017-02-23T17:29:48Z
3841	ETH-BIB-Selbsanft,_Limmerental,_Limmerensee,_Kistenpass,_Bündneralpen_v._N._W._aus_4000_m-Inlandflüge-LBS_MH01-001446.tif	Commons:WikiProject Aviation/recent uploads/2016 December 15/Overflow 1	Sémhur	2017-02-23T17:29:48Z
3842	ETH-BIB-Churfirsten,_Mürtschenalp,_Murgtal,_Silberspitz,_Walensee,_Säntis_v._S._W._aus_3800_m-Inlandflüge-LBS_MH01-001454.tif	Commons:WikiProject Aviation/recent uploads/2016 December 15/Overflow 1	Sémhur	2017-02-23T17:29:48Z
3843	ETH-BIB-Wasserflugzeug_über_Ortstock,_Chirchberg,_Karrenalp,_Muotatal_v._S._O._aus_4000_m-Inlandflüge-LBS_MH01-001460.tif	Commons:WikiProject Aviation/recent uploads/2016 December 15/Overflow 1	Sémhur	2017-02-23T17:29:48Z
3844	ETH-BIB-Wasserflugzeug_über_Urnerboden,_Ortstock,_Klausenpass,_Chaiserstock,_Titlis_aus_4000_m-Inlandflüge-LBS_MH01-001468.tif	Commons:WikiProject Aviation/recent uploads/2016 December 15/Overflow 1	Sémhur	2017-02-23T17:29:48Z
3845	ETH-BIB-Wasserflugzeug_über_Scheidstöckli,_Hausstock,_Vorab,_Bündneralpen_v._W._aus_4000_m-Inlandflüge-LBS_MH01-001466.tif	Commons:WikiProject Aviation/recent uploads/2016 December 15/Overflow 1	Sémhur	2017-02-23T17:29:48Z
3846	ETH-BIB-Mülibachtal,_Engi,_Matt,_Sernftal,_Chrauchtal,_Segnes,_Ringelspitz_v._N._W._aus_4000_m-Inlandflüge-LBS_MH01-001479.tif	Commons:WikiProject Aviation/recent uploads/2016 December 15/Overflow 1	Sémhur	2017-02-23T17:29:48Z
3847	ETH-BIB-Sattelhorn,_Aletschhorn,_Schinhorn,_Finsteraarhorn_mit_Flugzeugv._N._W._aus_4800_m-Inlandflüge-LBS_MH01-001258.tif	Commons:WikiProject Aviation/recent uploads/2016 December 15/Overflow 1	Sémhur	2017-02-23T17:29:48Z
3848	ETH-BIB-Lauffrohr,_Stilli,_Siggenthal-Station,_Limmat_-_Aare_Zusammenfluss_v._S._aus_900_m-Inlandflüge-LBS_MH01-001288.tif	Commons:WikiProject Aviation/recent uploads/2016 December 15/Overflow 1	Sémhur	2017-02-23T17:29:48Z
3849	ETH-BIB-Rheintal_bei_Chur,_Reichenau,_Trimmis,_Bündner_Oberland,_Ilanz_v._N._O._aus_3600_m-Inlandflüge-LBS_MH01-001525.tif	Commons:WikiProject Aviation/recent uploads/2016 December 15/Overflow 1	Sémhur	2017-02-23T17:29:48Z
